#SpinCore Technologies, Inc.
#SF in MHz
#SW in Hz

[HEADER]
@CLASS=	RADIOPROCESSOR
@FIRMWARE= 3087
@SPINAPI= 20191127
@POINTS= 128
@SF= 21.670000
@SW= 127986.351562

[DATA]
14908697
-813961
13099910
6925523
6275440
13922815
-165810
14121209
-7769413
11501854
-12274159
5896418
-13385861
-2160531
-11208289
-7931757
-4406217
-12564855
3190332
-12035980
8745459
-8089896
11130908
-3338684
11088317
3856253
6445314
8372267
1136979
10504638
-3351758
9346562
-7168446
5345737
-9353353
450671
-7858346
-3454933
-4738552
-7015171
261519
-7208257
4511597
-6424270
5942232
-3200573
6745495
228051
5270913
2679067
1783318
5170656
-12631
4814759
-3019796
3856561
-3531086
1710575
-4149350
-938373
-3012378
-1775314
-1620771
-2917789
-199986
-3298505
1734979
-2762328
1408518
-1188586
2226872
-1216302
2800729
1091613
793078
2089999
1122880
879895
510010
1736367
-1688896
1795152
-1450920
213792
-1760640
-290628
-2036023
-823813
-336789
-1584050
-863412
-1020418
915
-1307728
358136
-1005039
1697002
-407171
1455163
-375659
629478
740718
146393
1075503
-424673
669876
-1178142
1030919
-773118
717923
-917822
413901
-484058
-626995
-817903
-1679266
-199209
-1308390
-38384
-813845
284040
-1397239
1725397
-214947
828494
396986
910764
-407743
475340
667301
-1063801
533065
-437486
553111
-656578
991145
-525263
-124896
-611726
-76376
-484256
-385105
-572514
-23012
428435
-449231
296979
-398585
614787
-235058
412540
742167
-41978
-47647
174789
777621
-691545
890013
129227
342362
-234769
307413
-747040
-300713
-564422
-1010426
78812
-117169
-204635
474538
482740
324498
545364
688459
-381199
134126
43197
50443
-28501
614435
-643296
204908
-178602
506169
-171500
-148052
-848558
257620
-540435
-113109
-253860
-43992
263416
419074
538990
-855003
-459370
-96977
140572
260464
-510981
-620886
-564118
460853
134510
-217731
-118737
-660821
392788
175516
106651
-1035064
-691537
449683
496778
330281
-313121
203845
47996
729594
164001
-233279
-538385
-239604
-62417
49069
-1034473
478818
490207
310494
423953
62533
986038
637770
72212
-631626
269804
84961
-633478
350609
-364713
-148954
-70494
686793
-162869
-589538
-430940
397379
1429621
72624
-23903
-206305
946235
474922
-327197
-719030
