#SpinCore Technologies, Inc.
#SF in MHz
#SW in Hz

[HEADER]
@CLASS=	RADIOPROCESSOR
@FIRMWARE= 3087
@SPINAPI= 20191127
@POINTS= 128
@SF= 21.670000
@SW= 127986.351562

[DATA]
18517654
88705
14306973
10507985
7111374
16927436
-2901769
17251953
-10851727
12345315
-15908115
3593247
-15318798
-3596332
-10856361
-12052457
-3975587
-14429600
6570225
-14447654
10785651
-9661295
14580805
-1564518
12807039
6020940
6948095
11476676
61639
12505013
-5943751
11171522
-10425447
5937846
-10851487
-1208775
-8997609
-6011397
-3997400
-8957798
1023622
-9198821
6245954
-7102308
8065936
-3071567
7784180
2219554
5483821
4881930
2328782
6982142
-1985899
6082433
-3568675
3728230
-5461027
1174130
-5632132
-674591
-3648989
-3191288
-235757
-3636471
612714
-2999274
1908448
-3659130
3388771
-1215804
2705051
1263627
2656551
1677503
899129
2183169
-607277
3418669
-1023599
2149847
-1219352
1430070
-1512620
469489
-2329330
-632726
-1001693
-1051564
-1308552
-953536
-501240
-552394
1078206
-1156691
1308100
-149391
669737
-508579
892940
829724
1314066
1379633
-194629
1001607
-313228
333726
1874
292434
-1352093
445360
-1382461
-404140
140883
-252808
336889
-517106
-219139
-672057
-69532
-1013424
851909
-1060109
-270742
415867
206239
876942
969063
623064
243465
726917
-824942
-165060
-1280730
163150
-945037
24555
-701843
-83886
329066
-1061538
164308
-144477
83337
-241949
254365
322138
186214
871899
177850
1216416
-350735
-55820
-19847
150249
-1120092
20687
-985988
-156186
-403362
-76856
-252226
-301948
329285
-959451
242614
-377419
-103988
-527200
601100
957394
46731
400796
157288
540757
109140
114943
-42307
198353
-775944
-6486
-419215
-19747
17674
-706237
-749735
-329316
608385
-816065
307399
-149976
649720
363667
470562
-444430
853493
43424
-157709
-139505
267858
328740
645320
-700243
-676656
986525
-553981
463658
-432193
18480
-333916
-216585
-591020
-433468
257464
-602493
-410184
109475
-235444
-142654
-252056
-165778
726570
-251438
223242
-611426
151615
-60575
446696
103336
-200443
1089291
880103
261716
-455176
-72857
371079
356337
-1433789
-6617
1189339
330751
329466
-36282
-544369
198861
621225
-142551
318812
19302
-12941
-869888
-486898
-253368
431231
465498
-396717
61999
