#SpinCore Technologies, Inc.
#SF in MHz
#SW in Hz

[HEADER]
@CLASS=	RADIOPROCESSOR
@FIRMWARE= 3087
@SPINAPI= 20191127
@POINTS= 128
@SF= 21.670000
@SW= 127986.351562

[DATA]
2734309
1039470
3596187
872787
2692679
2651023
-1109803
4345360
-3242407
3290162
-1082821
2531135
-3661405
-386479
-4427614
-1192979
-3086342
-1892900
979111
-3462002
492142
-2637668
1390661
-1595489
2602191
-137236
3282836
2482032
1259854
1876632
-483950
497920
-1371246
1614386
-2179810
1451076
-1386408
-921327
-1482200
-1825698
-1186055
-2094655
-659730
-1111979
899555
-418978
749790
-1618681
1325124
-256543
2296028
222602
272434
1688911
1260418
368480
257182
1414564
-629677
911610
-1960943
-2293
1323091
200116
-942616
-979513
-207175
-959536
297097
-1293779
381609
48964
803496
-473764
336735
90089
400714
72065
957955
1395471
585773
172487
132117
1552364
-175464
-819520
-1156367
1630244
35117
-167240
30886
1426105
-64805
10235
-637398
60188
629273
1011168
345308
1473836
468899
726491
-163396
1950819
915678
1467692
-20952
1426861
-1273179
-516263
-223584
214571
-1050149
1074536
-705248
580169
-1426124
-211276
620563
493487
-1476709
217876
-575730
37023
1288293
-555438
-824044
-681617
-54513
270781
144529
-684199
151950
-323488
-1527330
-184877
-413779
374084
-1522906
711513
374037
-632229
-1071706
-210341
-497159
226684
-1169520
218083
-341230
-904979
-101363
185725
-471375
-860511
-980949
135299
487572
-844670
-1077819
-276880
103959
47960
732024
771988
237770
-15120
229632
47670
-420787
-239239
1039245
839629
637965
57521
-433349
770382
-159993
88126
-1182351
-502832
1274800
302121
-388177
832655
897524
864765
-1522506
30178
-422351
-620888
-1802238
115881
-853691
339557
-1235384
-577824
101849
-880414
-1806075
841348
41677
469884
103603
-795788
468706
-210722
346042
8770
-135672
-595520
413929
-928930
1672037
-843960
839607
541430
671238
-325155
1198934
-488244
587533
42456
635571
1037083
635508
-1283596
1084012
118036
1303094
1108079
-473910
758767
255699
-130976
-233458
630684
33067
337565
-1206879
836401
-998589
-351796
-112938
789287
918124
1140603
-994597
-621137
-879482
268002
-282772
1314353
-728338
1131012
-29614
-671608
