#SpinCore Technologies, Inc.
#SF in MHz
#SW in Hz

[HEADER]
@CLASS=	RADIOPROCESSOR
@FIRMWARE= 3087
@SPINAPI= 20191127
@POINTS= 128
@SF= 21.670000
@SW= 127986.351562

[DATA]
4201791
-2108620
4506549
1515133
2997173
2809630
296161
2697618
-1180215
3609847
-1763496
1340693
-3141110
490512
-2123986
-2067366
-1880950
-2567473
1201846
-2721918
1661637
-2329451
3209896
-1181665
3535444
660676
2071623
1399649
633271
2286608
1149802
2864864
-145052
2736039
-2460524
1437482
-3765075
-164175
-838775
136554
-249816
369842
259893
-1174261
-571529
-1927558
1525086
361049
1898118
1082484
290986
1456420
77194
139820
419648
2066294
-437666
699567
-2237059
1361758
-855257
65321
-1426138
1767795
-152937
-584525
101815
-789300
-669172
-2008077
-907586
1000471
410702
-258882
1039696
-38005
603691
-2383904
-401995
1300388
-38551
-60104
-254170
-847143
-660642
-672076
-1195475
-1001701
-698190
635138
320651
-662482
470680
-1312832
-953075
-390809
1554578
115575
-925364
-222616
1611166
-443236
-611341
-609794
-531538
-55312
-250641
-28766
929938
127359
411013
-1279280
439861
-1385625
477662
329243
-51383
-159196
-819613
-910320
685848
-1488878
-613563
-695516
722075
315381
540740
56830
901050
-569258
985355
716880
1710817
1163720
611460
-1104252
1562019
-357405
674243
503313
43199
891815
320608
904031
1902280
58079
783427
1141420
-570425
1185959
230025
-469599
212061
-278686
1189888
-101785
-8206
605864
-516107
-179147
-426823
-290662
383658
215405
234258
1557991
-651084
-804710
371066
1130795
1231791
727724
-618736
943373
-443164
248577
331490
894864
-24303
681601
-675706
-212746
-802220
-770188
-1667788
2337087
23675
-247532
-180327
-114552
-324295
88530
-219269
1093925
-641554
-1154837
-1002559
-48839
-200550
-186204
-848961
1257900
67959
-859704
-1653856
-1119120
841718
-957994
-844304
583939
-726364
-829726
-1168246
-1165967
56315
-2178432
-1116232
555307
-1864155
-243413
-207016
-731810
-185139
-530081
-844176
829803
-55537
395740
710933
-452423
-22726
209017
-2121419
-696148
-364350
4192
-412738
-957503
-418053
-416090
-351196
-804849
548980
-1370553
233743
-759314
649616
-524347
-1232093
297652
-323021
-267503
287991
-616811
586078
95741
