#SpinCore Technologies, Inc.
#SF in MHz
#SW in Hz

[HEADER]
@CLASS=	RADIOPROCESSOR
@FIRMWARE= 3087
@SPINAPI= 20191127
@POINTS= 128
@SF= 21.670000
@SW= 127986.351562

[DATA]
4607105
-1331774
5120456
1217082
1072327
1963914
1062680
5062168
-1766454
3483843
-2453022
2062305
-3609737
965737
-4457631
99662
-1963269
-2352815
-1167229
-4925995
1173253
-2705662
952068
-1978630
3580182
-2057042
4318501
-527266
306392
3019909
-115995
1780382
-1837547
3858150
-2105235
981162
-1734584
1330188
-2630854
-1395228
-1883485
-1956603
-1113147
-1490888
1040454
-2303646
1414448
-3304998
247932
-423959
1085839
605260
1770939
223179
2079574
777485
150099
86027
-162006
143634
505046
240653
861276
609491
-1314238
-638527
419608
-92152
880759
936915
628169
259100
-254531
-371028
439892
-106219
47582
-723051
1312077
763674
-22240
429643
354188
-603969
-400834
-665
-725197
986252
703983
305484
-732585
615776
759644
-542960
-1519382
232427
-1405974
1125891
-9783
-481769
-1520045
-23762
-1126981
-821524
-470423
-258595
1069439
1023215
358342
225348
74438
-2496877
-1003391
1189421
-291420
710356
-1382259
-785733
-293586
-1172751
-1844276
-422138
-1955236
-717643
-448881
-1334658
3032263
-261820
-995091
17113
-467206
266370
-81213
-1585611
1192260
-272856
20982
-719380
-997991
-527581
-641505
-1030623
1767949
-1385299
-563215
-283806
20915
-1436765
618930
-248762
1805664
-1053131
455598
-704155
1048200
-1544001
683990
-266359
214187
1682991
420393
-345536
1632368
413872
1030644
-208264
601266
1216590
110972
-44300
-605099
89887
581504
1502399
-862940
915040
-190814
211636
546411
1536562
-39738
1718407
-284723
-184901
-797065
959646
-584348
9080
-788219
1561379
-879240
89503
136032
765012
-689127
117323
-349473
2805270
-147271
1014036
-480639
-1167867
-1409604
201576
-697886
435003
-1752910
706586
-579183
-165372
24471
10299
-132829
-1364264
-368227
680737
-79940
-621304
-1866783
96476
538254
-1755055
623448
226484
-179961
-1009770
-495050
-518969
815667
-1260222
472365
-900143
-931067
-517752
789018
-826459
1514485
44965
382752
85506
-1211851
-390847
317080
-108616
738094
1313988
50096
-994847
-868885
-1129027
-14561
390141
-123438
2158785
1365352
822047
