#SpinCore Technologies, Inc.
#SF in MHz
#SW in Hz

[HEADER]
@CLASS=	RADIOPROCESSOR
@FIRMWARE= 3087
@SPINAPI= 20191127
@POINTS= 128
@SF= 21.670000
@SW= 127986.351562

[DATA]
2596712
-323632
3603086
1689230
4065327
4105756
-1445858
2564113
-2450109
2436702
-2398579
979271
-2704694
1562638
-1794278
-2460789
-1776307
-3072246
135833
-2729567
1069055
-3151431
4233125
-1296106
4260876
-45321
2763306
2519720
602221
2574480
73306
3063006
451487
3474620
-1854419
277608
-2167487
-1788035
-2294041
-2570796
-353537
-664242
1257008
-1753843
1946888
-2000743
-576009
-2075481
902513
1093892
2143862
1472393
-272287
2221564
-1077019
1152406
-2039048
979320
-1615724
-79768
-1315604
-266103
-408297
-1730129
-1543475
-981012
-1070790
-2280466
188106
-1741227
894549
293700
1098206
18198
1097303
-146907
1486749
1270302
-294930
932669
-822355
957385
-165873
-176337
-1854982
356459
-1021682
177927
-1197710
463816
935353
554266
98786
740436
-330640
-205331
-924574
-253943
-55417
678481
822977
585467
239005
-522279
-800637
-1147698
92540
-462136
218899
876278
590262
124561
-455581
-1783213
809048
-822796
-2225154
-540
-1047973
-522411
2442228
-302759
1154056
-389772
-1396834
1288021
-896737
1336160
2931215
312081
-444083
1693275
-322403
8023
584621
-1544704
12231
2205882
-1501513
-146423
683604
-249553
1034802
-2321177
368089
753365
113937
553201
1449014
622625
830356
-412917
-1153111
-1294683
-1507699
286551
-846368
922800
527052
-1497305
-409815
-784953
-698895
-299660
-706511
112725
642545
1705291
-1146592
-801457
-174766
-667318
37342
-419469
-484643
2197064
-514121
179919
1019396
-181923
976587
-94608
-1101745
-159386
429531
-1436873
476913
777833
590777
-1282633
46445
-1164340
1261146
-990176
-1086363
2191631
502971
-274236
848793
-661260
166542
-181118
-1860898
1207197
1047748
315047
764486
1108266
-971138
286412
-715019
-407665
333505
-52157
-1002928
260218
-928751
-500274
929231
-722711
-201213
423638
-635906
-513717
-680078
-665521
1013830
-718553
1598153
999032
194107
-658687
881292
-1535833
922001
1492678
-212168
1189310
244444
204719
832127
-786683
-1010229
1405642
-1625256
1391787
-485322
-791371
1107629
3016
-9867
956192
-1942849
467967
-121795
305835
