#SpinCore Technologies, Inc.
#SF in MHz
#SW in Hz

[HEADER]
@CLASS=	RADIOPROCESSOR
@FIRMWARE= 3087
@SPINAPI= 20191127
@POINTS= 128
@SF= 21.670000
@SW= 127986.351562

[DATA]
3374942
-1661225
5576837
2722983
3150758
6291201
802096
8031489
-1503081
3616927
-4168606
2445018
-5951802
209369
-5818372
-1445334
-2190061
-3882145
1193225
-3568128
1341014
-4864141
3008297
-2260051
5016241
-547253
3528166
1489957
2002032
1983911
784259
3477361
-3324430
3236154
-1541772
2470189
-2449391
-271168
-3273698
-648735
-2022324
-1883456
-1381069
-2692328
1857629
-1155079
2489920
-1310676
2184867
-593453
943037
2459623
2181285
2275943
-2163050
1615668
-1071625
4271803
-490243
-752978
-2805885
1947088
-1532390
370727
-948201
-870081
210381
-698364
494545
-1621912
-132019
-507854
1211621
-843501
2280391
520834
962063
2104915
1236995
1714420
868120
-152365
-49019
726521
-556386
1499647
-900087
490239
846149
1227314
-414417
1249408
-1303733
-681660
-221855
-1205424
365973
295529
435970
-451637
270695
-431529
1003178
-851662
-1165200
1029101
686771
1844829
-140825
-601405
-554584
1281441
-443967
689537
-938249
-1712773
682923
998325
-53579
1774157
-82488
329212
-26597
838610
151047
-747280
-1219178
-356807
-854869
-474470
-717937
546686
-665298
-55661
1083095
717811
115210
-3379696
-746274
850629
365359
255964
-62127
292444
-991132
1338018
-691409
-1645974
-385006
-1693652
-1408519
-877335
-1615178
1900251
892961
1019092
1740597
-4296
-448211
-442659
-790931
-695005
570942
379883
683508
447850
-442118
-483562
405805
-137421
642436
-150647
-575778
1405304
418325
-548842
596634
901843
339277
615305
-990146
-1156607
-278557
1420742
-1154921
1187237
717643
-71670
-528957
-228958
529019
671363
5066
-751609
556374
-203272
-694703
-1433456
-240779
-1347448
1988761
-279615
869962
1358931
-884302
765255
-295706
807152
537644
361190
-210593
1073043
728897
-34788
-1744149
-756655
-1199788
619992
-500562
-31850
79426
-906294
647709
-370919
-177944
-1034451
-1273173
-748832
-553216
825071
-187922
-1219408
-519118
-453156
1642267
1309089
-689387
379292
-697143
-852939
1029396
411262
-4710
1517406
-486986
511819
1068471
-1708174
1050029
1174796
-1291759
205482
817050
-672272
56095
13246
