#SpinCore Technologies, Inc.
#SF in MHz
#SW in Hz

[HEADER]
@CLASS=	RADIOPROCESSOR
@FIRMWARE= 3087
@SPINAPI= 20191127
@POINTS= 128
@SF= 21.670000
@SW= 127986.351562

[DATA]
1352440
922285
597870
-139208
110372
651799
-1318070
-2188937
-488905
1011121
-1403637
1473299
-415751
343453
362734
-1649517
-416528
189473
-323348
27482
1066239
-847376
1466613
-263798
335259
-211570
-248054
953345
1342819
-195343
782044
643164
-631338
-85248
-487862
39925
584717
-468450
-348653
1177197
-1476524
-479458
785813
719968
445344
560699
1304834
288739
1403256
151344
-1154000
-595019
76670
937958
308179
418231
19634
894041
-1897108
-49303
894838
450713
-197266
599092
142195
1078688
-202603
-1493258
-1686866
1179509
-1669102
189398
-700448
750352
-517686
-490209
377077
265239
-487227
268045
-1650384
70947
-1529676
-765050
-156706
592025
-2505
355016
-1252855
-1570307
-922549
59053
-1501738
-159207
2071
289354
-890815
-1444585
-43306
546929
-244886
-212790
100426
-1033024
-108399
-1223620
918272
-1172026
648354
-261542
154127
6781
867539
-1373113
521727
-1733231
850430
-148932
566991
534322
-133690
313980
1145039
-553501
1371827
2270717
572545
400859
-655976
-991651
190566
553008
-1013167
1536248
16691
700881
332486
-275398
69330
1059260
-529242
-132333
-531798
-223502
967429
-407952
-1144237
353586
-1143160
757706
-694160
-455810
1498394
-436617
-1834851
-520144
-1823355
75091
-582633
-476850
1408471
1370751
-291379
-1111548
387874
-191773
-106161
-320382
745194
-24637
304693
243204
-707612
-1858797
446166
-586065
-409582
953087
860459
-428469
311010
-76389
560534
-846710
-731025
371111
71561
-642915
438004
-767867
867106
-670775
-717369
-33268
333452
-351258
899118
61359
1079653
-1220911
-866891
-43991
806316
-1377083
460531
546959
329121
342652
112990
199323
558537
-157654
-1388438
691323
50957
549488
135926
58004
1614100
-192863
-978608
-299996
-361022
413388
108607
467340
1444422
331706
327621
-1353963
875387
-357095
-193118
2195945
-368528
632233
214467
-753765
1232179
349004
-1171321
936411
-322708
1147281
192081
-252931
498729
1773856
724038
722392
-1678321
-535089
184532
19050
-466561
671164
