#SpinCore Technologies, Inc.
#SF in MHz
#SW in Hz

[HEADER]
@CLASS=	RADIOPROCESSOR
@FIRMWARE= 3087
@SPINAPI= 20191127
@POINTS= 128
@SF= 21.670000
@SW= 127986.351562

[DATA]
-2780397
269103
-2538886
169845
-2088997
-1656493
-2061888
-2648884
264637
-3092597
472439
-2825764
2514911
-81950
975628
-297407
3482055
689572
1110837
939206
-292418
4337093
-1293013
181149
-387346
895594
-496198
-572835
-2541345
-784165
-1739557
-1146860
1270900
-1733406
948668
-2289577
996875
-1436976
1471176
-935805
1628404
852247
1830217
-126568
914737
1024441
1244606
382325
52314
45235
-573028
2022932
-1505478
-455609
185981
-133218
-158901
-1370420
684709
-822359
1633891
-12986
884084
981541
320076
-184066
260835
-404552
299512
176083
803592
1506352
-431976
46937
-474521
1693875
-287849
461141
-763654
903161
-258501
220098
-148138
1099874
983910
-48910
-1586135
-225081
-25385
278414
-1172538
-455963
-1001779
-332429
-1039803
-508840
-292776
-733625
-350928
763213
747535
1101833
-199315
-975333
-513597
645131
-897161
292799
-750152
156408
-58024
-1628587
-230785
-1636196
-535121
208649
804118
-517462
-335647
-1846919
-1618
-1444611
-879307
492756
-168726
429560
23579
-72315
347546
-893653
-837596
276381
385598
318470
-400986
-356284
-15176
-1027889
762805
526565
-193323
356351
-133619
-571347
1013917
-899677
592913
644282
156845
587909
-8727
-162656
2101133
336276
-1045190
-453562
-233707
14539
-366510
-98474
48494
-39404
-692068
-624448
1171669
-738649
-518611
578147
1381766
-385476
-857152
893249
60678
-431218
-505827
123925
279329
305201
-418007
323010
744244
-216287
46607
-377399
422286
508386
-676472
1120173
633463
877601
-553391
-357595
213556
5726
-241656
-262180
956903
-397174
-465172
-1207001
1877730
719239
724441
-911113
-1086119
355424
330039
-782075
1948710
1742628
-197134
360120
-60298
345578
24491
-1152311
-662410
554887
-1109692
601893
141148
661791
955561
-906816
242846
180725
-803446
52148
2081504
1189161
-326452
-259151
926991
367145
-478326
508051
-323142
-624150
1278474
613744
-115411
525270
467900
-286422
309252
1413006
-1211645
1035667
-883886
-447051
438186
-660217
568292
1965002
-1408121
1488391
