#SpinCore Technologies, Inc.
#SF in MHz
#SW in Hz

[HEADER]
@CLASS=	RADIOPROCESSOR
@FIRMWARE= 3087
@SPINAPI= 20191127
@POINTS= 128
@SF= 21.670000
@SW= 127986.351562

[DATA]
16788661
-2773835
15897000
6652760
10303778
13613551
2281970
16933380
-7172910
15227187
-12462737
9654839
-15375037
1615962
-13178029
-5150726
-8505124
-11884700
-1197143
-13869544
6381743
-11536152
11441902
-7149855
11902642
-189
11188323
5290167
6339744
10198673
605886
11292651
-4315392
10772044
-9295599
5670954
-9298140
227992
-8385946
-4352903
-4890587
-7223997
-783285
-7012563
3344767
-6957498
5086051
-3605826
7338474
-40139
6636015
2458751
3745854
4817253
1284122
5631050
-1205390
4605495
-3192097
3321079
-3814673
1450229
-3771673
-1193320
-1789008
-2338083
-558678
-3174947
1168791
-3127095
1311107
-2736210
2642861
-1850623
2575456
302975
3319930
24530
1351221
1115227
488742
1201522
952299
953487
-1068359
59084
-1012567
426477
-2148418
-385234
-1279534
-816972
-1510426
-1228617
-415633
-1844283
-285311
-1448081
-541701
-1092685
-330640
-937993
308340
-70592
833504
-336571
-260056
1105408
-926415
1418868
-120151
1193137
-721314
1036903
-1467912
1491841
-1258362
45205
-942785
-730646
57222
-136259
-1212547
205775
1170006
196565
1297257
-271763
1001697
-232759
871849
1913853
1937559
734924
952713
-43568
-545295
-133077
685104
794706
165973
-359105
-393680
-205505
-1173225
-641005
956943
252683
197140
-600421
492973
-1149550
-235006
-441861
1500459
-637768
-371674
-1214893
180274
-644692
346669
1121504
75538
-765913
-549250
-611984
189287
-527750
-1051103
-99115
102468
-634617
-277451
-134885
-1247192
-592825
-209989
-125939
-1121043
316529
114451
291355
-834357
153509
-1013109
-729358
-682712
567663
-303945
-394292
-534847
994062
-109214
-482941
834415
1085538
-606595
223181
367805
1295463
-1227158
676419
875222
641684
-813734
79263
772688
533597
-662284
792569
594648
-132990
-507874
564824
1009459
-179475
95770
870578
173562
362051
548552
963645
-199401
-1218583
707027
740357
-20218
201605
240750
-698606
-673016
224370
971225
-473346
-7636
297156
-178000
-737027
70387
-292207
249910
-1146330
589678
838454
-389335
-552160
-114189
1351113
182629
166337
373131
-362894
-530199
598255
-293820
119450
