#SpinCore Technologies, Inc.
#SF in MHz
#SW in Hz

[HEADER]
@CLASS=	RADIOPROCESSOR
@FIRMWARE= 3087
@SPINAPI= 20191127
@POINTS= 128
@SF= 21.670000
@SW= 127986.351562

[DATA]
2836250
-436815
3333334
1440153
2707841
1155909
-519977
2734293
-1347748
1659557
-2754222
2562109
-3290057
-1107228
-2417855
-1098808
-2141488
-3280405
558044
-1940744
-69363
-1813455
1927687
-2442688
423855
1066948
1154672
1486654
364756
2716032
-133165
2665171
-855181
3156773
-2390357
1382190
-1477112
86740
-401571
-923599
-778149
301944
135261
-2109103
615981
-1869844
2542695
-927690
2892258
737680
-138918
615345
758100
521568
-400219
-311406
900409
1887156
-797848
-897228
-1382357
126881
-1026589
-1005318
2538106
-1456906
-64786
-945985
-659922
-1204050
735240
-215278
1192967
-469565
525573
148290
-325234
421270
-75303
691040
-270203
-1167334
-1222062
333152
-780785
492207
-579639
1383013
-1782558
-1830099
280626
-918459
422318
-70695
-1232501
702985
-918770
-136511
-110014
-2088358
1406098
1407774
255700
105884
-229339
-38231
-530440
542620
771340
-757707
274986
-227236
-734454
-355341
-578827
788345
-1201648
-1528223
-359767
-641157
357180
-426697
-599413
1383609
1357110
-831654
-784168
-1107964
10503
199427
-22775
2873487
-1817561
-688611
-618084
506514
-1218791
-760400
2192436
1436647
-632354
-354440
1309439
467387
507971
65467
-70528
-783145
-406284
-601003
-332814
432895
-1438407
107003
-735511
-1125654
88754
453395
-65918
-324097
-27659
1139427
-1665338
-228590
1269992
381650
-824888
-760344
-355261
-905844
-704734
99816
277313
-184927
361070
-1305876
-36651
-985407
-512929
1044735
85518
-6904
-22408
-856920
1257231
-648819
317514
50680
793754
-136983
351716
-508059
522985
-245395
202381
940359
451289
-1238880
9862
-759025
-452716
-502622
318575
-834750
-502294
-714340
61297
849032
-664617
475200
895358
-533888
63109
-1953168
593965
-92469
-1073245
-380097
-1127971
42220
-741591
-802030
-1457668
197842
-668653
587483
-441758
-902439
-947821
-578519
-829126
-1019074
-354352
706660
-537195
628565
775188
-469086
278588
937920
139691
804672
368036
1093785
249327
972386
-540558
1929848
982754
-497495
429567
312008
1175485
7077
623327
312712
