#SpinCore Technologies, Inc.
#SF in MHz
#SW in Hz

[HEADER]
@CLASS=	RADIOPROCESSOR
@FIRMWARE= 3087
@SPINAPI= 20191127
@POINTS= 128
@SF= 21.670000
@SW= 127986.351562

[DATA]
882293
-2553
551245
310434
-1941217
-1016189
-896888
504164
-1002284
183383
-272514
112003
-2397326
-1213885
1394217
-775769
813868
-233332
-1045
-2326395
-46818
-2332740
1609676
-676939
1388447
-512554
670460
-1279268
1667400
-350014
-186611
1222090
-321252
1034923
239857
1259071
166911
385810
-1644657
-894465
-858792
-996293
896772
402983
532243
-262084
682700
-275682
451004
221390
635802
1400793
330102
626729
-23628
761596
-190555
-170603
-901140
550308
-1743736
-232456
-1676659
-57609
-347246
-1990199
539216
8392
-383682
-280940
-531035
-828658
1526453
474355
208777
664321
-1030293
12047
32911
-492576
337723
1349343
194368
-463533
39026
-1408477
351446
-981860
-405662
-150809
614747
-643583
345550
-567116
1847700
-1701396
-618580
569083
456779
493691
120011
-185930
199618
477772
-535940
1198350
-772833
1272854
281854
-522487
348759
-366842
-257913
786425
-157682
131531
-630803
-475074
1214677
268939
-1034669
-1623225
845251
-489270
-873347
843361
-665626
533777
611825
-1035961
275763
662458
161870
614756
-430225
-246411
1724672
118331
-184432
-64596
-1447053
875209
192156
-954799
-70152
599048
-886943
-411551
-655919
-531196
388758
467272
-17723
-660834
-600500
-194018
-1316520
-1209432
439907
-361705
-697633
-406930
-906017
44035
-709057
-1494440
-151449
34676
134144
-1061043
435313
-535109
732038
307539
-345112
1235655
295865
270366
-383384
-586529
2012576
594704
-472619
236741
857686
1689721
706781
469347
-315585
680808
814878
-114826
-627370
859906
919923
1056928
-1013809
-223186
167665
288361
360347
-162066
1003876
737041
-1640387
-127016
-1320352
1460158
-342776
608227
-544053
-3511
-221058
-18471
-790581
101745
-277851
158327
-280573
-974766
1025361
-271583
-406222
-974423
-883436
112487
1270271
303642
555150
2861
463555
-1376613
-250404
159233
-194450
741780
707847
1482500
-374753
-281688
487303
1874908
-195558
184109
518258
747025
-1069415
-347095
-1128145
602184
-145379
-634014
853240
1997863
-807699
-453431
