#SpinCore Technologies, Inc.
#SF in MHz
#SW in Hz

[HEADER]
@CLASS=	RADIOPROCESSOR
@FIRMWARE= 3087
@SPINAPI= 20191127
@POINTS= 128
@SF= 21.670000
@SW= 127986.351562

[DATA]
3382599
-673352
3714442
2005479
1786170
4015962
-301396
3306108
-2302139
2593521
-3716922
1247863
-2798122
438546
-3923075
-1775452
-2151233
-4590757
-791033
-3445491
2140246
-2817728
1183216
-948404
2441874
274760
1285589
2190800
2215401
2393724
-83275
2024810
-1278602
1585836
-1837911
2423315
-2353199
444235
-1218070
103736
-2086920
-1656261
-58180
-1684768
1240850
-177897
2569086
-446785
695370
-853699
2336941
750403
1729469
2523227
830720
1383496
-934309
591425
764478
1294908
-495488
1331337
447501
567397
-482380
-1429106
488998
-870115
-797082
-242657
360512
-659744
143542
-592711
1254530
-1058774
454026
-87460
715547
546010
2634471
-149276
594237
1948774
-509249
608071
957170
297814
645939
1598079
114429
1034557
203221
-191699
-193573
1157409
331237
157508
1628482
76822
62532
83244
-143894
663772
1249186
13162
1087579
959699
654200
1394745
-1021443
886588
1107688
-123409
852642
527566
-991244
941832
-575485
-129422
-176840
-376772
-1632850
1976131
-942861
732965
-392783
688551
-1132255
596701
-77198
497800
-2114343
1396413
1062751
866114
457735
-310968
-443523
36483
-1092096
209060
552744
208375
-425263
-191430
-856706
712685
-914807
-1141476
117594
156812
-518976
1217710
-494969
416202
362962
-1180958
873808
1429131
-409831
-50083
395964
641548
-449529
-1688172
408378
681624
-972163
1450985
-1100478
-751245
-134025
-1403396
-242471
466479
-1649049
1502145
-993218
-987896
1125702
-451554
603593
567409
-1379801
1707309
-64699
535412
-449071
-636505
498247
1038522
-1376086
781804
682691
-787658
93697
-665235
313072
1053424
-1727617
555204
16775
117117
1729106
-1654043
-107135
-403954
-934853
445159
-188105
-220922
1009245
-1069440
-1392131
-645715
-564630
1271579
-21240
904339
419088
-612105
-922129
277484
-1095159
302910
598436
426366
1409136
944396
-18555
-1884496
-2773331
-131675
230670
-286646
-156043
-251637
-400841
-1372563
-881499
1403249
110499
-136924
441536
814846
-220584
-1882821
-334331
653767
-803041
-76079
648516
43419
91596
-945621
