#SpinCore Technologies, Inc.
#SF in MHz
#SW in Hz

[HEADER]
@CLASS=	RADIOPROCESSOR
@FIRMWARE= 3087
@SPINAPI= 20191127
@POINTS= 128
@SF= 21.670000
@SW= 127986.351562

[DATA]
811639
-322189
417449
-1019365
-458182
1115330
320916
608485
748116
727599
483693
-40597
-801340
-285193
-1080138
-251977
12073
-460831
254682
-935862
-449438
-764375
205753
812700
1608123
-423038
-1586974
-307838
147270
217456
-1892975
432341
-273827
-213743
81466
664060
-1583542
508269
-753974
-469209
117341
-543328
526081
1230432
344233
-21709
-633170
-1740557
576018
-1083957
-961141
1373816
555364
1336088
-927474
575242
458480
-1918479
-1885501
852418
-228172
616317
-1448981
-841549
113558
-1459621
-413160
648278
185250
-892512
848956
749945
305439
-714758
-169265
924764
-296308
1034542
668805
600122
1567438
-184089
405903
629848
-444232
479081
-607477
191939
565064
-824546
832197
390171
-1020146
-995513
-1246143
189732
811422
-446144
445370
946168
-426165
-1010734
858039
-1497928
781094
-297707
113816
1615291
-881792
-1113894
-53517
-920629
98628
-636492
729969
1748615
-211671
396029
-84199
-180054
-1340692
161220
1497935
1135928
-103184
-1796967
839287
-466364
-863669
-273796
378381
1142167
-697723
-556146
252545
-163711
-1238786
462235
443934
-18316
20147
-582555
577967
258360
265472
-992625
433943
58789
47856
-231397
1337569
1114609
1544415
-1065442
94975
1320252
-1764673
-1100328
200102
266961
292368
-1958811
474089
-384847
-1553934
184890
410704
1281044
1632692
-1052917
36323
-583940
255287
-1325970
814065
-207454
-327877
953488
1386545
1096323
-804110
-491414
16340
218949
711023
-309622
-121651
-140570
401117
645792
1025672
351114
185959
1649365
-447112
-309049
-468474
-1535560
-356795
22915
434143
928446
-240312
739719
364990
-195678
761769
-1442438
-257843
-471954
177973
88788
-443851
530249
746436
-562925
-699791
1334447
68120
-90644
1292527
-853860
-609559
-303403
-797623
280348
-249871
780576
689808
-1153108
663145
574462
-216596
-869817
42504
2324974
228578
-52826
-208549
-74681
-894920
-1110386
-1361906
924466
1342395
-1136441
-269017
-1187743
-1162519
-487288
-409878
1164894
-617790
1098581
2225552
-628458
