#SpinCore Technologies, Inc.
#SF in MHz
#SW in Hz

[HEADER]
@CLASS=	RADIOPROCESSOR
@FIRMWARE= 3087
@SPINAPI= 20191127
@POINTS= 128
@SF= 21.670000
@SW= 127986.351562

[DATA]
1172798
-1524776
1282960
1003936
1222680
59249
-1172434
887955
1339202
-971137
-1059814
1608717
-229248
1381483
-1161366
1140978
1555625
-1311635
438398
358858
117336
71776
1513464
55783
1251700
502651
1598357
5897
-297482
921701
-647789
-446897
-885077
1748991
-463643
-1378446
-1113002
47892
428540
-2125558
-1678508
1086559
-127360
87043
1293283
-1008545
1232604
-758146
-125090
-2075058
912458
1073966
991230
-529639
-204036
235487
-668307
-2334522
-319143
2306283
105120
-1006503
477058
451843
-583073
-1296222
2340627
1040441
-437601
-914034
-1311564
729616
1402682
209683
693732
-134400
-219504
-586248
-1247537
-892918
1691836
-187859
-1466175
-599875
-102382
-426056
-1315828
-307115
600489
-359901
-1049718
1174865
501992
-1025754
459816
-1276684
304308
-348641
295729
1018458
417171
-1917159
-479632
-190930
55903
-889300
271426
245980
600275
314197
1343619
-1081421
506224
620901
-835789
-220983
527238
1591215
716510
1000638
2572284
-86829
-1337521
-1957922
1454170
1086796
-960370
1642184
960663
792952
-351758
-2072803
340901
728491
-1820063
1435501
130519
-15021
437176
-643872
-594480
322199
-2503505
99320
384381
93541
2132419
1429847
-1039025
1810082
-3137841
-1531825
-952965
1756293
1863290
1283264
-1450623
1242992
-1306232
-2203559
1093896
597730
781188
594171
-676168
364170
-789378
-2022003
961130
19442
-493785
1624071
-141496
-621746
-1028720
-1064855
871636
-2236995
-797266
751803
-915233
-2270083
558171
235718
1249403
-2071804
454437
118231
-640843
70072
2075446
-852696
574109
1071811
1634859
-1824636
659971
1999778
1714846
219441
172582
1607247
652984
-993994
2008246
545027
-127268
207599
-225463
1575679
1028406
339017
90010
-933288
-203557
3244889
-895753
447229
-237878
873231
-72374
-522481
-1105653
3084256
-1679306
-724801
436517
1311731
-103969
346897
-1139057
2601171
-1485537
-668410
-23581
696981
-595775
276313
-1090696
461784
-786401
-465794
41370
-705385
-413972
1778222
-655884
-557551
1374243
-972474
-1861506
256407
-271922
645880
-888583
-690198
