#SpinCore Technologies, Inc.
#SF in MHz
#SW in Hz

[HEADER]
@CLASS=	RADIOPROCESSOR
@FIRMWARE= 3087
@SPINAPI= 20191127
@POINTS= 128
@SF= 21.670000
@SW= 127986.351562

[DATA]
-4119793
-923943
-2352074
-104745
-2782530
-811506
-948111
-1560166
1070235
-2800121
2928142
-2130407
699624
-697430
1160092
334599
2375429
1309987
861754
1347666
-185747
2229916
-634668
2331001
-1209933
-58575
-851707
887822
-2588680
-614693
-1645503
-1032053
135031
-1967708
992400
-958474
337271
-285349
405107
-1598524
1794778
109059
1077340
1621452
-873039
1123586
-251415
-247459
-587259
2534751
-351488
2621980
-550399
-168738
-31428
-1305796
-1094061
-2162917
-2522748
-2520
24801
-833064
1380875
246366
732242
-1176964
-1770497
497341
733504
942020
-325318
1353532
-195833
645698
-1242278
-752216
187089
586016
-943169
962742
179499
47121
613914
-888716
156227
192231
-1186310
5373
19412
-46265
271342
-1542607
-335365
30230
-564244
-571942
1087313
-389126
314392
-1219339
2109004
152703
-381292
-87608
143446
1613842
642746
426752
1402227
484713
-632907
-486886
-938331
770034
1491346
-156053
-80499
-624482
779065
-571987
-10604
856240
54184
-10953
1326911
29835
214806
-255932
-568829
-181138
-699404
56832
1796341
791199
420102
981417
-798147
79203
-940634
-1326016
291077
1728392
-319701
1640811
1153960
961910
373679
-1130834
738918
1872750
483966
571098
-244139
-511947
-226543
737949
-175019
356295
385152
-210314
943106
-1780741
488835
169683
554335
260066
534661
537486
287130
-5625
-462925
-470033
611817
-40146
-171165
-46133
386853
224662
-536813
-1358691
1282874
-521672
665838
460707
-949952
570953
1531941
-60770
-682702
276341
-193714
660573
951715
999189
539498
-704850
1196191
-64552
350172
842396
-500895
187646
1383698
352532
-1444473
326050
-1409363
1319215
-1062064
-264751
887258
84424
-1034004
-1337818
-1820686
256597
-251451
-1049139
-436874
-161802
-481183
14927
-1321879
-703240
-648898
-755991
-878516
-225945
596332
79070
768197
-496191
329515
-1065251
-553000
518963
-817395
-729385
375866
520681
757328
-1077852
-348063
37327
-1619155
-383953
1241496
-938483
236270
-623635
275117
-172458
70315
-1396037
63223
-361132
