#SpinCore Technologies, Inc.
#SF in MHz
#SW in Hz

[HEADER]
@CLASS=	RADIOPROCESSOR
@FIRMWARE= 3087
@SPINAPI= 20191127
@POINTS= 128
@SF= 21.670000
@SW= 127986.351562

[DATA]
4730132
-139022
4981991
2457838
3077261
3083920
-64637
4168256
-1515567
3853082
-2699970
3286907
-3953744
2500530
-3944356
-2200226
-3245517
-3411190
-1298902
-1601053
-389586
-3217306
4272290
-2900794
3129463
-1106262
2931276
754933
1149213
534551
-112530
3226273
-1223906
3126888
-1537063
996139
-2198901
-1406558
-1439724
227863
-2007549
-967381
-1856880
-1590605
2255702
-2229556
1467781
-1153185
-177388
-691829
1550819
355731
1044373
2123411
304481
1833322
399354
642774
-1199161
-192657
-1221689
-1144995
-2136596
232415
557077
-1263207
494742
-1465975
143048
-1505237
252053
-204038
548601
216258
574058
1012148
795138
-994934
400307
-515251
354
599705
-1085132
298292
-547107
783545
1216007
783498
-588652
162864
-450912
-928321
30964
247455
299740
709354
889773
-611375
1644724
-459618
230986
-1310221
-1174784
134142
-236156
715345
1299540
284203
410580
368859
-683381
-888896
-214441
489563
-1227713
371677
445522
355394
-221174
-298046
-402718
532175
-712234
-502997
-1228088
250803
173195
647893
-530700
188319
484489
-497
-400236
-1392483
857307
1375346
-92604
-691512
2000412
424693
1627884
237495
-697125
-683431
-140364
653784
-542872
119003
1078658
1540407
-130010
-1866762
-33092
-532399
200828
40373
-553818
-51817
-375431
-683203
-472422
266925
-883889
-1816449
-814237
-949885
57527
30225
-9091
-812
1106488
-15680
347581
-657673
514924
19500
-1190854
585455
75424
1797296
1210167
565520
-49043
-677612
880537
-1244431
-965868
1207578
-1765566
156715
-448689
231055
-616072
-353354
-166286
-495754
-2423165
-1509742
-947993
-1150084
745341
-639265
599915
-576749
454004
-824743
-1582075
-529889
494973
28236
1716709
1345512
1248497
-290839
593512
-604974
-819652
1644572
58257
-334884
488286
-477206
1210770
1139885
-908277
-560522
-449380
-1093887
-51419
-339490
114760
1344389
8922
-1027749
-532944
-126719
382099
-1115791
-1972073
-359370
1908865
-746358
-776971
320911
70836
-208451
326483
-67148
700330
1655571
-407
411471
-1018065
244881
366182
151532
