#SpinCore Technologies, Inc.
#SF in MHz
#SW in Hz

[HEADER]
@CLASS=	RADIOPROCESSOR
@FIRMWARE= 3087
@SPINAPI= 20191127
@POINTS= 128
@SF= 21.670000
@SW= 127986.351562

[DATA]
-6111729
-66725
-6805233
-4030812
-2955325
-4720839
54563
-6426939
766314
-5010191
4140374
-2526082
4359326
-247016
4153375
2655055
754169
3374851
-1951897
4509082
-2441759
4047104
-3821912
2047256
-4685840
-179196
-3348551
-1708649
-1190738
-3510914
70975
-4527453
835904
-2772369
3230662
451700
1765534
315776
1830017
2021898
268743
3062189
-236263
3762609
-2592101
2296515
-2560835
2338806
-2434029
-618707
-1014772
453837
-1125606
-1322044
-1682108
-1401667
1277622
-863464
2421724
-716105
2391318
513023
-199901
2071332
953033
1220649
1933267
1047938
-1210972
2394303
-953951
1966349
-300978
-674267
696394
-139193
-397102
-263244
-651365
215076
133260
-754085
1740054
-793599
638230
907445
1075398
1045658
-93436
1146250
357296
-455642
-143963
508886
1277867
452293
226548
400936
266053
-1099722
-1102603
-708814
836032
801261
-152494
-804602
159134
-1663854
-1003827
-904403
1166150
754011
909446
-464225
1444550
-1402212
363099
-472314
2048578
59941
1160897
-1217340
910493
38535
-1649106
640276
444288
-810797
-345480
-1260285
1344582
-241256
116749
168270
1404816
-1635643
-545826
-739856
-317716
-1236317
787008
609447
1229531
-1068176
297726
-62925
-1356561
-902585
-255182
-188126
147948
-699789
-372574
-760233
-1333708
-1029023
-2104405
107563
-228583
-558025
-659494
-293114
-1447278
-1187578
-1101250
-851966
971542
-573274
157947
-686189
121515
-494532
-1168974
390640
-129909
-1509775
-1627837
-510824
-1292037
970498
298297
-484283
-649177
-1667789
421
1156828
-326854
889026
248310
360218
745691
97907
-445463
-289921
-493482
1310808
-679633
-472486
-181578
864470
-1251597
440927
292532
-256315
-643822
495251
-49318
449899
-316406
-782199
1237751
-528792
-940068
1448750
331587
250322
272059
1069337
1037189
-153279
89412
820613
257380
1820047
-231836
1374962
-607608
-116668
571647
1671232
710733
-7675
1233327
615362
41638
317412
-1076989
1550738
-151818
986535
537447
1596859
-231152
-92945
-468882
949435
-581201
464017
548565
-290744
-493296
-43226
31333
358147
323339
875893
