#SpinCore Technologies, Inc.
#SF in MHz
#SW in Hz

[HEADER]
@CLASS=	RADIOPROCESSOR
@FIRMWARE= 3087
@SPINAPI= 20191127
@POINTS= 128
@SF= 21.670000
@SW= 127986.351562

[DATA]
-5234001
922955
-2512632
-3036842
-2305108
-3898596
-1138531
-3339563
1555828
-4785481
2625117
-2580182
3886046
69145
2295111
1804734
2312545
2258340
1414148
2701829
-1637877
3244095
-3229571
2546861
-3726997
174179
-1722831
-998738
-786623
-3142574
-577790
-2460527
17199
-1109010
1764995
-272772
2061102
349816
1570625
220644
2324014
1174910
1475451
2092582
-2316381
2070942
-1515802
784336
-608725
240183
-1909480
-122569
-830022
-994274
-609495
-1110774
3895
-801899
942158
-644683
522787
-65792
659063
-361485
354909
1083449
365320
-134814
-212013
512953
-1084899
421145
711950
660232
453388
8778
-1744756
-74958
-2586716
-351340
266443
28005
1127811
146009
-54919
-367120
477325
-601131
-751898
-569731
461312
479761
130113
-351140
697020
80989
12566
-626068
-530519
-331266
-68573
-130585
-114640
906426
516285
986754
-863164
-1108758
480912
-546024
207901
172605
1525488
1378323
-557812
-487042
347851
581334
-189385
-736333
-222553
2666117
1199353
55029
1022337
-432949
366545
-387069
-770780
-373856
1421216
51513
330103
985518
694847
-759238
-1725090
-2073906
793431
711550
1000014
1134259
807554
-368314
525671
230756
415786
-20703
-1323646
1761517
1115715
424292
-501017
942938
859944
977555
-1086906
-1616703
758067
508238
258770
770029
-157021
-61712
-896931
-1317473
111354
-274867
-259640
-379884
458433
583357
872124
-564671
-386785
-1113783
702897
73776
-29584
109990
592666
-614424
601621
-241626
694497
-840564
425561
-1969055
-463448
-181619
962201
-692016
1183760
130890
1014021
-485362
-953629
204242
283627
704124
-3909
1153944
1605698
1611017
-1273081
-514308
-13428
151149
-1369262
1739150
431255
-677036
216353
-1692015
-441937
-1052398
241990
361554
-1146267
-1245040
591650
-630979
-43839
663958
-487827
274695
972419
-883478
592081
-138391
427378
-1224945
-547527
223863
1722507
-469811
1757992
-842603
270355
461109
675788
-1028336
1032725
1514065
1391881
896090
-329453
1128633
1192539
-644404
-822071
986904
101175
463064
-1767404
-873643
