#SpinCore Technologies, Inc.
#SF in MHz
#SW in Hz

[HEADER]
@CLASS=	RADIOPROCESSOR
@FIRMWARE= 3087
@SPINAPI= 20191127
@POINTS= 128
@SF= 21.670000
@SW= 127986.351562

[DATA]
4846341
54135
2689309
2547023
1762503
4206705
307671
3296474
-2216846
4743852
-2723278
1353424
-4159095
1370198
-1569312
-2566183
-2153987
-1839530
1202892
-2651057
2549845
-2337563
2616144
-681090
2703871
-206102
1183611
2873762
541846
2251288
653108
2437634
-832424
2089437
-3514312
117073
-2884766
-585583
-1115032
75186
-547527
-915798
1847135
-690282
2422987
-2751120
-123317
-1088372
2964703
990128
455176
1500246
2220764
1516463
420753
-266305
-13861
1148707
-1454517
-436383
-1339998
416860
20740
78916
207991
-473473
922315
-1478071
-1685813
-425991
-120484
305227
593100
-376824
935075
1216084
1315385
-345232
114766
-788560
737575
224224
-311033
562291
-863662
49271
404821
41374
27228
-2123512
-67182
145944
-1464538
-306021
296164
-462907
220133
35679
592389
-603943
1084123
488092
540448
-1253599
-1559781
833566
71309
-287664
-655990
1226647
969271
148321
-1548854
320446
-367108
-942225
-916473
-614437
-152770
2001430
329311
-819170
1394870
-142957
1092547
-2028770
-891909
-8982
895404
735245
-1498466
22265
491478
1079096
612917
847444
-2062457
561011
870186
-1418874
-23717
-1128363
-56004
832613
-571314
-859684
2404420
1560759
560174
-170554
-1099541
-319257
1240521
-384802
-1358960
1508472
5931
377112
131554
-541164
-1315509
1198247
-913712
-789693
-45043
73227
236063
-601017
-570513
-517744
-153093
-1833884
828785
-1176780
664558
374779
371349
795303
1140219
1276766
1523007
1994363
362711
316706
-1277633
-176724
235292
637308
-519512
1150751
-295536
-1387838
319147
-770798
-1355201
471951
-227168
-579882
1203874
-1003843
689116
68150
-211520
-1743045
1878726
-940432
393608
1536585
-2410643
292833
1852265
-1140291
414765
1225448
188016
-874550
-466037
-957643
-431238
879635
-1169814
586227
161473
-167441
1059063
861105
-1141866
683231
512839
-272385
163625
434184
169618
-389453
-226574
-2060797
429083
1272659
75278
48596
-320626
-857530
1144668
848805
-659864
1496415
77127
1381700
1301520
-399091
600947
1315411
-1033937
-26801
-2211169
666339
