#SpinCore Technologies, Inc.
#SF in MHz
#SW in Hz

[HEADER]
@CLASS=	RADIOPROCESSOR
@FIRMWARE= 3087
@SPINAPI= 20191127
@POINTS= 128
@SF= 21.670000
@SW= 127986.351562

[DATA]
-3255988
991149
-3911250
-783009
-902969
-2122804
134924
-2153953
1015738
-2496950
1043594
-193030
3045635
-366599
3007533
2928108
118133
401106
-694666
1055609
-2565893
1283576
-772651
447242
-2572888
1145644
-1355764
-2588920
-1057904
-1189401
-429094
-2152427
934346
608468
2263288
-2497614
1700189
1026259
234546
-21871
743613
1781635
284481
122199
-1909087
-591810
-243568
213766
-348218
239911
302653
1094106
-961843
-1719235
1424056
-1316596
475219
-203620
1893637
944906
690643
-985997
1219615
448352
-220391
983973
164093
1039014
1179283
1719822
432430
419134
-1014161
680529
-646592
474735
916491
-322985
686977
1473234
951538
-465007
-423004
968461
1292689
280736
83926
807412
-414022
-68682
-1134721
421574
-1208267
79506
-1092317
1124457
-177950
26962
-41072
-1604425
-1643732
-886625
-572225
59167
-74951
-671250
734930
-1365160
-302187
-1159703
1518584
-1559508
1276871
811774
931218
586755
866132
737181
-1113060
-1409383
1135739
1526988
-1225088
920446
668986
-1082976
-407483
-570046
1057814
-347646
-518602
1617800
-509897
239086
1965689
66684
-145098
-497092
615323
799624
-1542779
-179630
431959
905545
-840500
-351570
1122225
460953
-1675480
881435
-366913
1000413
49454
-44881
-798914
-70279
-482127
489041
-780246
-1383733
-495928
615942
-532245
250340
-692872
-1716534
742897
-727997
139143
574569
-443733
-285027
-404606
-559909
689141
626052
-804986
-505930
256676
811449
-102236
-1259267
1927201
-580726
-2048288
-722605
1106119
-65591
-101664
-599607
706205
-865476
-442330
-882403
28459
-432774
650148
192124
852504
-698395
-1008649
-640466
-71970
-425917
451570
-483245
-31903
1401643
809024
-1169664
-1530934
65614
-36808
446999
852048
1837265
-377771
-2336461
-180460
-677332
177878
-767006
25089
1682596
135972
816948
1192758
-1286145
1234705
157840
-852874
493893
-475664
1559589
943801
-1092741
788902
777098
-1818152
9470
-691353
2363402
1467880
345283
-276006
1242628
-2067227
-157974
-173128
-560619
1711350
2031951
535854
-920810
-1388333
-1648205
