#SpinCore Technologies, Inc.
#SF in MHz
#SW in Hz

[HEADER]
@CLASS=	RADIOPROCESSOR
@FIRMWARE= 3087
@SPINAPI= 20191127
@POINTS= 128
@SF= 21.670000
@SW= 127986.351562

[DATA]
6068531
-1428178
6068500
107212
4846424
3504349
1796404
7004031
-1966900
4957362
-4628595
2859974
-6598861
416398
-5973350
-1434483
-3180794
-3859792
-1772396
-5148883
460266
-3400206
4362359
-2254812
3288220
-1239814
4548186
1379706
1742793
4312146
1394263
3622280
-2570096
2917029
-4016352
1958628
-2657454
1948115
-4952946
-1025136
-3051218
-1858335
-626239
-2409516
866397
-1984060
1447071
-1118684
811454
-210699
1723223
900498
1285383
919447
641942
3202992
-1225951
1990756
-2632842
1713101
-939332
1311340
-1304856
621855
-2388510
-843418
-608620
-42927
-380709
-157971
652390
-887040
1480594
-850685
268949
1269240
1569665
370822
1330650
751066
1774990
432184
2183443
1303184
-390072
-95123
-738497
694427
593614
-21197
1124984
1159443
-1586699
482224
-1016977
-289308
1087303
-2675391
2690450
855938
53255
-1032823
28696
-150113
-203723
-1406270
3274821
-343267
747468
-198140
316563
-14136
-14195
95161
578480
-811550
-416957
210283
78847
222920
649574
-1737333
151210
-928758
-159937
-160430
415759
-78061
1132703
-1204663
1489259
695460
-270634
-183646
1024475
1243683
-1922664
-115558
-383127
-208155
-681790
128267
688896
82919
-802074
-761786
-1552366
-320770
-728567
-387357
-623501
-494435
1201505
-451955
-647927
412594
-818763
1176166
-333881
443081
555170
-1351711
-824377
-967287
585763
1597851
-979238
691292
-1290576
-1441076
487300
-258194
650032
826546
173509
1017102
1219378
-990247
1183235
300765
-454667
1301353
153611
1073391
-637096
-842836
1185728
6647
-198084
1569148
667945
1563426
-449563
-186258
92895
-398403
-311414
1473813
819803
-137587
-602665
794036
-140895
-966495
591115
1453179
1479048
319475
-292197
1654968
-484138
-537340
-19744
-1208351
1629910
-666707
502386
514984
-759779
-553323
-492136
-1339165
406301
-216119
1603547
-363292
-585912
87591
504158
-1296857
2181
-1077911
1484335
-972129
162386
-334692
-1068035
-1200798
217901
-1375577
991977
-750588
580670
250602
-1331340
-456028
-728549
-712623
155937
-711293
409215
-285938
-2662546
-389988
-765828
-1580241
