#SpinCore Technologies, Inc.
#SF in MHz
#SW in Hz

[HEADER]
@CLASS=	RADIOPROCESSOR
@FIRMWARE= 3087
@SPINAPI= 20191127
@POINTS= 128
@SF= 21.670000
@SW= 127986.351562

[DATA]
3915648
-2091809
4119458
734248
1395172
3101752
-373989
5975658
-244997
2153207
-2228797
1338641
-4320659
513886
-2725084
-421338
-2162691
-1665988
-1420348
-3614913
1024318
-2706848
2697558
-2107337
4413182
619556
3310047
1229847
888856
2253843
-1278120
2035640
-108988
3121956
-1202165
316622
-2063675
1208360
-2266663
-1490032
-1024916
-775743
-320748
-2543658
20531
-3760575
-295140
-2537434
644872
-1262031
1629784
580059
821675
-103057
-80616
516740
-1173843
1137674
-413680
995129
-417470
566070
-2688546
-1847501
-1728020
-1382845
215476
-436015
315069
-483550
50747
-2303994
237003
-730442
1142446
-311667
1239407
-212876
91398
-1408281
836474
-1111382
-6665
848279
-1151354
382922
1310112
-1192978
508383
-730091
465904
343966
553689
-891711
445732
-1053606
884259
-489945
27372
794936
-1070998
-1111002
2106345
-642134
544001
-682984
97671
-740700
83413
-11371
1581727
653810
999180
-250211
-788989
-937167
-1355961
1384266
-599623
-143192
-87098
472656
222868
-208963
-617508
1168072
2241766
122821
-38861
933110
-796444
-1751992
-438592
135061
1414945
620470
1799950
1716594
1454483
284210
-1006803
600948
472465
657744
-1002386
124629
226171
331673
-1610480
-1035924
-82412
-1216102
1074344
-319634
4654
214063
-1139154
647917
-42202
137301
782023
1465183
-658539
-293567
-846578
-262696
-416918
-1370007
986783
2575204
-1379589
768140
-1918701
-1207383
-344491
-1670874
-156
671321
-921867
853123
-347302
-35946
-315210
-1344142
153172
869508
-1797990
481022
-1446780
-406825
-897115
-89672
12598
1617208
-801912
1586128
-1204649
1031375
321720
-1702347
269982
1078775
-843052
225537
745085
-732008
-9671
-763251
-10821
1303662
-2136361
159315
-148844
-1514108
1043984
-345631
1122892
305608
-1299519
660884
-911792
-198943
246614
-1176019
1133528
2408685
-637002
156664
182259
102227
889770
-1942603
1422354
1007503
-2392215
-1076503
-255512
-6205
191302
-675140
875266
2442824
-831256
-638528
-88417
-324833
-1963684
-1426944
1116859
2177879
-766115
-1310839
-590667
-208126
-26189
-499377
