#SpinCore Technologies, Inc.
#SF in MHz
#SW in Hz

[HEADER]
@CLASS=	RADIOPROCESSOR
@FIRMWARE= 3087
@SPINAPI= 20191127
@POINTS= 128
@SF= 21.670000
@SW= 127986.351562

[DATA]
2781916
-699343
3475630
-25982
2417732
2076520
755354
2722652
-1862908
2655988
-1782111
698271
-1904686
2177706
-2877034
-1261168
-1478013
-2118359
-611809
-2206128
1523622
-1030928
-20948
-2246879
3246616
-2214802
815379
798977
427427
1792130
394402
1615059
532870
1597685
116295
-360244
-861442
-436903
-1162771
-676541
-2247773
740004
970442
451923
1464995
-822401
2115439
-1854650
1242048
1225289
-6417
-33457
742297
1732674
1803681
-263148
-1582256
793854
-675061
-3491
-2189819
-295380
-743128
303886
326202
437668
282213
252226
375930
-1383811
-95523
-1825420
-226925
-81994
-975603
-1572628
1319350
2587650
192405
92071
523065
409977
752135
-1073431
-2152280
-5761
-1368286
-572992
1302417
-768531
1719835
492018
-1425680
-1476520
650970
993720
289567
89999
-53876
1517770
346482
54485
554665
-1543888
923373
230536
-755637
-118902
170195
28255
-944371
510671
-486246
-851327
-904304
-2476069
-905107
-535281
-919585
-431282
1158357
394398
1737797
-396597
-91073
492283
203367
-15597
-36664
216309
-269148
751046
687284
-506029
-772921
-675363
-1290115
-386885
-1549211
12840
723371
239077
-69723
-196355
-267211
-2098238
-569805
-1547617
-1090022
232530
-115661
732360
848710
731775
-10866
-814059
328930
1221700
-1348389
480257
-499867
364000
1806617
630399
1088222
-899896
-255292
401757
-1009252
-792416
361845
1221499
-452177
-326069
-669846
554767
19899
-6416
35727
-1187714
129111
-22873
867519
-427929
105368
-273637
464247
23011
584767
-1741968
891425
923696
1553305
-794460
-574520
307639
200647
722331
-1321436
287808
-746181
993802
771177
-425099
-1027915
-1088304
-830421
-1097365
-860276
-12940
-246306
-97806
922009
403386
-546560
-148795
184405
-1012367
1176162
166493
-264290
265340
337769
464402
-150809
-195505
-171623
802628
-620035
-690070
1630184
-651314
219853
548239
-129032
-945501
136010
611500
810115
633069
-756979
-787510
1331320
-1215309
-490197
1018356
-294389
1781002
668061
-528282
-267922
1524737
285191
43092
-1663789
231433
