#SpinCore Technologies, Inc.
#SF in MHz
#SW in Hz

[HEADER]
@CLASS=	RADIOPROCESSOR
@FIRMWARE= 3087
@SPINAPI= 20191127
@POINTS= 128
@SF= 21.670000
@SW= 127986.351562

[DATA]
-3637515
-7267
-2489107
-812450
1334308
-2215880
-960421
-1406391
-654233
-1926100
1655004
-110606
2986849
295161
1910759
921357
587960
2156573
789240
3208027
-1072615
1872383
-2123069
1251830
-551843
-79885
-2614666
-405811
-1389278
-1304823
-1005875
-2675617
288550
-2055264
-329160
-488571
454765
189010
2467230
-976444
1143317
1101970
-815034
630948
-1299720
866505
-890058
813837
-143854
502141
-727220
-1301632
-1364724
-1539537
414528
-1735861
2001160
407143
1593559
135407
1201173
-1108712
396781
761664
687666
932894
-99280
-86865
1347840
1313145
388104
-841089
-184858
1698747
667901
195825
819969
-588094
605315
762672
-1071261
-1054218
105999
205456
-580045
953556
315847
814943
46731
-1634049
1013306
761273
-577800
799502
-1167307
912845
603451
-2409778
255291
2996253
-1830822
717811
-129436
1519304
1178373
-902645
143225
1345137
-3030970
616719
-670153
-1124056
586998
-605459
-272120
1338808
-1224974
194824
1970987
1536571
836132
-270219
-915524
-68402
-1605203
-1544867
-152634
1135597
507702
1058222
-312042
-1397087
458134
-2281667
-15961
324914
144035
1368802
-951840
-85290
607592
-1644829
1837520
212178
-351748
923884
1194301
-482448
1728949
-503080
537127
2022275
353712
-439062
362471
-473144
2033976
767181
479217
1500256
362484
-185743
439787
483839
455286
1282882
-447283
231352
-265935
831010
-714044
225249
-125571
1528245
-1311150
333531
-140251
-617804
921093
-33786
-552419
-843013
12606
-450026
-200627
1094271
-250170
826638
-576788
1702247
-1897472
117656
12269
316764
-280492
-391396
-1114571
265384
-395020
-1975396
-154599
657735
-255444
179097
166265
-15632
-586265
-966457
837753
349772
471206
515181
-339323
-719332
1052251
627322
950446
510338
-1931586
251703
819575
-91672
390434
-661723
-102533
-116008
-1178463
-571232
1308905
245174
106313
-511919
62259
-1227338
669181
359952
609341
1195328
691467
1251878
108255
-217036
112631
-934726
-896846
1168742
1230191
380378
-529814
-425974
1146638
456824
-176068
433920
-464158
797318
