#SpinCore Technologies, Inc.
#SF in MHz
#SW in Hz

[HEADER]
@CLASS=	RADIOPROCESSOR
@FIRMWARE= 3087
@SPINAPI= 20191127
@POINTS= 128
@SF= 21.670000
@SW= 127986.351562

[DATA]
2764835
-869945
3224443
1236978
-96349
2964042
40810
3851968
-1391491
3534031
-2263520
1996431
-3405323
-305873
-2511129
-1103902
-2442810
-2139696
136318
-4637949
1268286
-2791301
4252686
-3016330
1856367
96871
3616693
1589060
1671804
1513876
1019796
3078424
-768656
2809366
-1398897
2338291
-2132099
50798
-4149919
-433699
-939846
-894933
-310576
-2443154
67372
-2135678
-73135
-3356653
1137744
-139044
2325144
-331775
409951
-96338
2417527
996684
25399
881268
-792972
1654403
880184
172796
-482365
1325382
918180
-1013076
-1587891
9712
266324
-1483182
317382
-388592
-657408
-760247
-68635
-1537424
1119366
-599904
-1384472
-78458
640742
-681844
2634041
-546705
644192
-1334097
-439645
-1243393
-735336
-919306
1095508
488035
672137
-369276
244824
-833358
-441042
-825801
-153619
839935
-979659
940869
-63818
850193
251770
343773
-1360543
-877196
-151968
-1219338
-339551
839614
1658913
422122
-305771
-91425
194446
-195980
-644827
-644028
936167
-1083239
165396
-416382
-1313515
-270342
991944
-553551
-567118
459386
616785
-937845
-467588
-1592099
440611
1826200
177075
-363941
-345948
494745
174270
545022
-1241168
1834157
-341161
699544
172310
82372
-208482
-986141
162593
-408309
-306949
87304
232260
614917
-113736
-110319
771674
278645
-61040
-395238
739812
141221
-371851
-1021006
1270063
1573270
774326
273953
-377912
-242090
57937
-1265628
-1289146
272916
-1449158
1387592
513371
34200
2326862
-974794
60811
-920552
-568337
-186553
-381829
-77406
651403
2591848
-396927
-1028755
-449800
-814348
49823
-55345
-2377087
10232
-257631
-1884540
1746985
-390419
542934
426012
-1784334
-2322829
33901
714349
790205
618207
82644
1012006
1182320
-933612
-984440
1335153
1165272
596764
535810
1226144
-76139
162732
-259182
-781084
927541
44408
-2094327
-1690008
274960
-1634464
-218117
9947
129051
1494710
1467496
808588
1488854
-823900
430113
-1435624
-1509758
-277559
-210394
1307530
1534679
1104745
-180351
-909827
-469407
-1753089
-153112
1295506
-1870706
257606
393099
-48710
