#SpinCore Technologies, Inc.
#SF in MHz
#SW in Hz

[HEADER]
@CLASS=	RADIOPROCESSOR
@FIRMWARE= 3087
@SPINAPI= 20191127
@POINTS= 128
@SF= 21.670000
@SW= 127986.351562

[DATA]
444813
1601605
144802
264129
1855561
86271
-279435
1058242
-1216072
1196129
-1270531
-814955
-445578
1747071
-83636
-1683079
-1141343
-802310
-266768
34276
-260012
1086349
2017381
-455246
-229133
1027052
688986
1292147
-1219284
-600961
1652396
925623
-434153
-207768
618
712152
-1825072
-477800
6990
350130
-1226248
-1182570
-837968
780920
-1698464
1438627
129591
1686535
-646122
214495
-1065246
-252530
-546481
-90026
-480062
-620099
-212061
-929716
1193483
8191
-1398604
482899
1399738
-466505
66379
571146
358011
543042
-335763
-1067869
868621
239723
1192346
134557
19902
851730
404245
-1298209
215837
-97191
198576
-456923
-662960
1496243
707834
520790
1557864
1104983
1006179
-775399
440676
1795562
274947
1219181
302813
416348
-800115
8319
-637537
372936
-635572
-322411
158703
2357070
-212286
1392352
-231977
-183541
-1148472
73113
229348
595861
763613
-284092
-1023170
859241
-1633243
-496216
-1107428
24631
-1001360
370754
-685670
-234136
-404035
-1993361
-659680
284297
-1015353
-656527
-49381
-444708
-557492
-496523
-214888
593405
206779
502145
1719406
-1826945
-270133
-1351255
663966
-885661
-53509
-649182
2096470
-522377
1581441
769222
-833730
681340
742781
567947
1365215
1526623
688807
-74973
-97667
-155833
-802372
-146429
-97354
856482
368110
1516626
203331
1374538
-1472721
331303
-406785
36704
-171782
1772042
-136201
147755
35546
107003
-292131
135841
-2047091
1556669
-94632
-634339
194282
-1194834
-478288
63789
-1702373
227432
1575044
-777183
771929
380277
-1215463
-272978
-1455086
-931010
-138434
-278041
1434102
-39187
-220587
557002
-630169
-1653188
-407309
-76324
-121996
-110622
-287246
467462
297318
-2807052
810198
954322
477670
-146180
-1025947
-546328
783580
-1445999
-864951
-119771
-19192
300368
-1628625
264928
1896061
-386577
-789193
1057157
208309
-1223330
-880464
-249505
2414588
292971
-731285
1444357
1166856
276471
-1029856
751526
607488
2157330
-2100123
142846
1283807
573413
-584705
-308286
160551
346129
-1916092
-618092
