#SpinCore Technologies, Inc.
#SF in MHz
#SW in Hz

[HEADER]
@CLASS=	RADIOPROCESSOR
@FIRMWARE= 3087
@SPINAPI= 20191127
@POINTS= 128
@SF= 21.670000
@SW= 127986.351562

[DATA]
5630530
-495186
5206974
3190795
4152539
2661123
2571880
4622713
-1667645
4069780
-4558675
3546013
-3850618
-225776
-2698791
-1936002
-4683629
-3587201
-1698567
-5729606
766816
-4086321
3849108
-1118482
4725673
-971319
4816418
1002017
2467070
2499515
1208319
5028646
67596
2967806
-1703271
3280644
-3889512
99458
-4104295
-257148
-332132
-1952109
-1527936
-2709077
189248
-2711422
437752
-1716106
2686984
-2023836
2284578
1168680
139431
-151677
-623488
1385357
929585
1197645
-687037
1545186
-2063133
614056
-766772
-987476
-599049
-1076105
-1825719
-1553324
750842
-1069403
752807
-1681049
2308604
1042386
1368527
-995599
144503
-416262
942106
1116935
1165716
1390716
-677152
183771
-623783
296156
34163
-62063
-2127838
1423948
1118183
-689034
166091
280865
289866
1421540
-2549361
-1755610
1596637
-2132596
-157205
432218
-340121
27109
-2391509
-2096520
709275
454613
-1290111
355518
-1310786
1125771
-800419
-223043
2921
427882
-1943002
-576813
193732
-717588
621173
-1771158
588054
-245467
886437
-718989
-604776
-558214
2468911
-390287
1093726
-358523
-443774
145748
4394
-835413
729217
-208183
-211466
437531
-903801
1067076
367086
-302603
45059
2491484
102274
680445
-923507
1412154
1382317
381779
349277
1168553
-1107101
960896
-557485
6601
-445077
-113274
-2266753
333237
-1775442
-224275
-471785
-524522
-234152
-241926
-582388
-678709
-362573
-18519
196115
-483004
-1097790
-700255
35494
1417657
-857437
-875528
-317216
-732181
873824
-755858
519454
288766
875003
-2094975
-74363
629303
1992916
88882
-1550605
-335683
1089455
-775590
515141
1191840
531244
-1059453
-997379
754856
522857
-744010
488432
1634790
591744
427354
-981247
-1851661
280905
515382
-322457
997128
-598211
-239800
69677
-473145
2260922
879017
-623443
-1334608
349084
-359967
249477
1493448
-125067
1158130
-969555
-788384
-921976
64369
-61331
1538301
644455
1183167
-515139
283083
-1250083
1468597
-36188
542408
-1285309
73271
-1087894
-425780
-42338
105489
-509693
-937590
-1039045
1166746
111686
-860970
-283635
392249
