#SpinCore Technologies, Inc.
#SF in MHz
#SW in Hz

[HEADER]
@CLASS=	RADIOPROCESSOR
@FIRMWARE= 3087
@SPINAPI= 20191127
@POINTS= 128
@SF= 21.670000
@SW= 127986.351562

[DATA]
6205221
-105164
7023701
3038810
4930124
4778087
-218954
7276469
-1312832
6536929
-3445444
3372301
-5118258
1844555
-4893752
-1510511
-2475787
-5827823
-330457
-3308265
1682885
-6178369
3852182
-2810910
5751255
-1533901
5573220
2778595
1988913
4070654
705592
4036616
817397
3818789
-2505528
3320299
-2730613
-238239
-3595484
660441
-1990744
-2300011
-931929
-2892940
1062668
-3241931
2461883
-984109
3542915
-1403043
2182474
-400325
2887136
1427556
752710
3231381
89797
1902053
-480995
2419867
799450
-186445
-1296989
1225058
-680072
-416887
-2204679
-743716
1264847
-2205635
1024819
610237
-23612
64031
99148
-1216576
2275996
165949
2211740
374044
400483
407034
-1133863
356071
385883
6964
713720
1438934
278078
203185
673053
697777
-1457852
76215
-357380
-138477
12351
167817
1312481
-788081
664136
-637167
-24554
-780188
1480819
-87456
110455
-448216
444824
-16921
128016
345968
1558604
-27685
516561
402950
-1152141
-825384
-736816
261297
-453515
-217017
170404
-819736
799262
-550021
-666662
-1319689
1137484
724496
306845
421417
601092
-293716
-114284
-1441137
1827482
980920
-201537
247765
695648
-1155302
239054
86541
756764
-35055
-48246
-940783
-456568
-534636
-499726
-1169091
-545776
-109988
437812
-932951
-283556
-577445
-655718
-219962
1381944
519482
89147
-93957
192071
1376849
-84371
-834286
1753599
299998
1870009
-589347
-1025389
175350
197553
62143
826419
-282963
1162323
-1543409
818692
1314272
457074
768358
579852
322737
1354961
53890
1387415
283484
277412
1108734
483288
-145964
937665
-1063696
1103227
102985
23680
1172389
-52700
168643
2195066
-1527378
2197177
-650212
117344
440379
951519
980379
1695818
-389723
325607
-101607
541807
515282
-62491
1689051
2761821
46863
822783
219613
417431
127611
897872
1039439
1921462
414525
967676
-216433
866817
-1892965
656994
933911
1422537
-73143
672415
-1356482
326132
-246342
509094
2552790
504176
188670
-38599
-704470
131246
-38048
1209406
869993
989186
361229
490532
-1568208
1306619
1017292
