#SpinCore Technologies, Inc.
#SF in MHz
#SW in Hz

[HEADER]
@CLASS=	RADIOPROCESSOR
@FIRMWARE= 3087
@SPINAPI= 20191127
@POINTS= 128
@SF= 21.670000
@SW= 127986.351562

[DATA]
-2370992
-114083
-1299880
-1609490
-3177603
-1468493
-717467
-3871263
420942
-2821701
2740140
-1637883
15038
-783241
3060918
691720
1565395
1706070
-116266
1671145
-1195734
1520124
-1764033
274871
-1098197
846847
-1745121
-154591
-2034530
-1483406
-1265113
-2842533
-266202
-2286971
961499
-853064
2236906
-741408
2636010
-416472
780726
656735
-326324
938794
434736
1399185
1421631
-1205684
-282994
484877
-1884364
-987243
-169183
-259457
1070474
-999968
1329820
-750217
-528545
-585999
-10367
1415207
575511
-321555
2052835
233726
172005
1041779
-1294421
1909667
188626
70503
55893
-276096
-634617
360415
-1033348
-850437
802234
461816
1118494
-904464
509648
733208
-1151594
-1623368
157878
1210913
707693
1438874
1164222
855616
204559
-769683
318915
563784
22734
440129
343087
983986
1866050
-220759
-421354
277673
-621486
1907507
-412886
757252
268524
-950177
152439
-923837
-231138
563296
-1212780
-389774
496149
-594072
-37709
775612
-1298559
835928
436265
558316
1158458
273488
-238722
142990
-1551763
355767
43948
612018
-845232
285472
481115
-494714
-2326284
-484884
202791
-1029516
-275825
324418
1227939
-1694782
434551
-1103813
-176961
-148039
-818095
1079863
420720
-185446
-1283705
-965628
153751
-92921
-466966
-1096238
-652176
-195618
851808
-127834
113882
-387489
70272
-1607186
2017468
187909
100532
24174
1825005
-819320
505794
-1305095
38484
53198
-445458
1452952
1192029
-755475
-161168
-393918
-233411
378434
-415084
86666
308600
-616056
-795560
-342428
-807827
680566
-84205
1287066
1647076
-204950
555100
133572
-646563
829784
-270387
-455314
914824
696865
563960
1212173
-203834
-819540
1024266
-110562
-264250
1506085
-418548
1145014
-744033
379955
-195857
-992108
363503
714662
-1191957
-502184
-400257
-506361
861649
-2028443
1093733
2005880
-276787
-1086339
-250379
-713291
43903
-559611
1375445
956460
-1743821
-120887
-1450894
-603432
367752
-1220717
-533869
1499437
-498806
-50387
-830001
-323064
-121422
-1633468
318259
1898697
-2531276
-1289096
-1325597
-1014850
