#SpinCore Technologies, Inc.
#SF in MHz
#SW in Hz

[HEADER]
@CLASS=	RADIOPROCESSOR
@FIRMWARE= 3087
@SPINAPI= 20191127
@POINTS= 128
@SF= 21.670000
@SW= 127986.351562

[DATA]
-5614784
366124
-5023742
-2490140
-4097091
-3098111
-604573
-5564380
1894117
-4080728
3553244
-3056713
4087122
-1341624
3049459
2146535
2053527
4497785
1444255
4078916
-655382
3699756
-3279005
2289947
-3786859
-126987
-2317132
-1206026
-753416
-1246225
-674455
-4146886
557665
-1881070
2110284
-1375983
3181504
2058841
1963935
367907
918822
2228980
-1099794
1372067
-955477
3828015
-819801
1890402
-2301126
-994635
-1216484
-721947
-1446272
480436
-2007761
-1513991
1653823
-1093783
320636
-778228
1113842
-1213291
726060
976102
551808
1220398
542184
1158208
-957019
583948
-796217
1627334
-985274
1397226
-364952
-16109
-1002838
-565776
339557
-2040689
5150
-13554
-1139917
837315
1057944
-653007
1049604
-768015
1037097
-2206827
-165214
-335039
-64122
1527045
2018357
615752
720563
2380
116661
-1359222
-1412090
1238114
331824
1785028
362127
-267799
666026
-790884
-383730
465471
2113
189754
890143
330798
1558928
-269753
117642
765029
-591142
715387
160691
490942
785300
1281619
-619797
783149
-1863710
-1855846
-381237
-706207
687226
483270
-378750
44201
-592602
-506783
-958593
-911260
1273016
383969
-107708
168321
214239
-724584
502032
-1092488
462607
-108128
-1197476
1108270
-84036
1955739
-505534
-1104834
1046187
-28955
-977683
121039
-61272
-629283
199580
-30229
1219153
-140878
-269343
-185215
25405
55013
-667377
1436583
1457954
403797
-446241
-989215
-125039
542760
-951251
1261264
283828
1969940
892371
-1137093
627546
-169301
-859177
836053
-705239
150712
1388580
490292
922906
747470
-414206
-210407
-698595
-555084
1355952
344196
-237252
383541
158335
-821714
-8124
-76968
985557
1771079
-848949
-911015
163628
264969
752860
-434858
313246
581743
-217429
-148915
-736136
924384
1060821
846052
-1256937
235042
490445
-1091126
-1723973
429266
1321261
-828874
-1371595
-90452
881651
-1007096
-1786508
-1145561
444011
307585
-1081139
452189
-349941
37806
-178292
-464716
-39075
164359
-1522019
-15933
91474
552893
420604
362085
-453937
54948
-704077
-1041926
-567153
106828
