#SpinCore Technologies, Inc.
#SF in MHz
#SW in Hz

[HEADER]
@CLASS=	RADIOPROCESSOR
@FIRMWARE= 3087
@SPINAPI= 20191127
@POINTS= 128
@SF= 21.670000
@SW= 127986.351562

[DATA]
1422612
256033
1693360
-924908
347845
1131677
-1452149
69542
-292691
-153600
-33396
1118295
-732666
1033350
-211269
-798299
-1215533
-1132426
507011
-147369
517074
965718
157258
-1360554
68692
-116034
32817
2073244
745153
1143515
925593
-379381
-1285075
-1060589
-535856
1368838
-1466543
205050
841791
-571123
1284826
335069
-1073785
-1353179
-816793
654858
1343969
-233638
1364763
141413
-31360
-811691
-587294
221780
744377
-24427
1039183
1353830
-747834
310173
118348
-39749
-1465076
962639
-1012106
1606877
-548553
-117576
-2071578
-1713747
-1076862
228082
354432
885560
174804
530251
-1173197
-1224324
-728186
487636
-419937
590488
-207501
556304
-149248
-1136742
-280579
1255286
-1515037
-482856
1738142
-1391807
781404
-1502124
67583
-320702
-594073
-96614
-557143
-728046
273439
592719
-134611
980357
521326
-284528
-514418
147620
778707
1387308
-299477
756962
-268613
209895
-565385
-508235
423003
1424156
303438
-805346
2292704
-1500884
1349971
555405
59284
1067150
392662
847871
880861
24497
643898
527665
-1800155
1289744
-718350
-181501
722646
-112430
907936
288482
-2270889
54504
-174036
-680300
72797
978646
1189247
548230
-1295221
8807
-144011
-414022
154957
1721080
-504172
1465223
-493424
406786
1157145
-319610
-365365
-230004
-77502
233370
277727
-265917
1028106
264313
-4453
1423988
-1074365
1868598
-158317
-705996
353573
-1509743
-465845
520476
-1211875
34191
472132
-113925
236384
-1923489
-1670395
1626004
-473423
-721813
52346
-490514
1066962
-520383
-1245066
746948
-1131521
-357548
265048
-421363
2088822
1221275
-689442
292828
-737269
-1982288
1302163
-1222559
445400
868010
-637918
90297
-292425
-327650
-536451
-1394611
77577
1427357
-1084396
77063
146129
-1252585
71064
-19274
-90004
987060
98180
-496939
1285521
-900951
19658
430283
-291083
722543
205313
-1111445
525312
1181536
-974562
-180107
-257978
-416071
539507
-489388
721430
614065
1851026
470537
-964746
206864
656083
-2202697
778307
1606999
-423065
734234
-289930
-385820
