#SpinCore Technologies, Inc.
#SF in MHz
#SW in Hz

[HEADER]
@CLASS=	RADIOPROCESSOR
@FIRMWARE= 3087
@SPINAPI= 20191127
@POINTS= 128
@SF= 21.670000
@SW= 127986.351562

[DATA]
5966553
1686780
4280347
2223457
4483694
4761273
-231084
4969478
-2819826
7090272
-6176686
2187936
-3318016
-1522451
-5964083
-3721017
-2922754
-4761501
-217862
-5843382
3541619
-4043467
4568916
-2311718
2763884
-566395
3844762
1787705
2000576
4252740
666092
5433422
-2167636
1546925
-3844216
1420112
-2055171
356620
-2779801
-1290245
-1531300
-3482344
-600473
-3020064
1848593
-850066
2028948
-97592
3447270
-319956
1706047
1146029
-536095
3868030
-1482719
2338692
-109525
2390927
-1466658
527888
-2151064
-147932
-2960026
-189335
803125
-90258
391725
-1817039
-292326
-1179696
51743
-1287589
-49266
-889536
1051286
38833
441156
-455503
-746792
-402405
110591
-658769
-2057635
2130138
-90938
468609
-245337
226302
-620434
98114
-2861836
-1201321
245557
-853197
3155
-754797
1996870
51422
-1056611
-1287418
117543
-836073
2077450
-908868
952133
1810455
-512979
378133
173669
11352
803655
1195437
-533298
997731
-1126851
-680748
799808
-439509
-225885
441979
-339767
-943830
366284
13985
-383301
-1401395
582425
-448457
468379
275129
195739
-1079819
220545
153040
-114906
128427
-178956
918884
476195
883622
563582
-951447
323253
206030
-1171030
-940494
-524298
1029330
-60733
-1007185
584904
-615669
-680874
-995534
-190691
92629
484470
-369576
-100317
-873230
1265254
-230658
1750449
-33014
-976186
360518
12501
-613302
1606811
-730841
1151160
993338
-733597
-79863
-1021715
-1221109
-698013
1330590
901507
754071
281374
428610
925241
-1229863
-582819
-890234
47337
157183
-1336500
609569
858918
-1941621
314609
120273
-1212591
-59190
-1240416
-74612
1144699
-1406487
432098
-612627
-533522
-377032
94907
-175515
1270708
1893229
1886235
722747
34202
-895225
-1324988
1050327
1225099
655694
987233
772721
-530080
-687210
-1450972
392612
-823335
1419673
-236548
312350
-518478
1558520
-935414
-952762
-420261
2502382
-40254
1098803
-620696
-906969
665603
-1043792
-971089
1091822
-751996
529145
1183921
-416481
-341311
-495792
-780929
1005296
6895
-1378526
660814
-1360223
375984
-109824
-1546169
-1449408
