#SpinCore Technologies, Inc.
#SF in MHz
#SW in Hz

[HEADER]
@CLASS=	RADIOPROCESSOR
@FIRMWARE= 3087
@SPINAPI= 20191127
@POINTS= 128
@SF= 21.670000
@SW= 127986.351562

[DATA]
-4065998
763042
-3491893
-1218190
-1616545
-2731408
-1795491
-5939449
2644072
-5166511
2087448
-2631471
4267624
-332286
2415989
949666
3321377
1177697
1119733
3647543
-1867553
3247939
-2542680
568811
-4802030
853387
-3173502
-1960951
-2845563
-2483294
-1469023
-2088041
-239162
-1708022
1072420
-1419911
3221089
1329180
2543447
1014448
2880770
1594412
1192771
2050412
1428242
2252181
-995254
1273619
-185672
-34264
-995567
479660
-65515
-1558639
-262339
-1995815
290405
-2224003
1720510
-1710045
134700
-2136498
1039482
-1034232
647807
-793770
137192
-380077
-17066
2169775
-915837
222067
-1358412
-312484
-2003235
70826
-452357
868889
284347
974036
-137274
1198912
-739343
43304
616649
-420761
1456982
439959
318099
293280
1157828
-872684
1621242
1543937
-482749
-827078
1511144
-363005
1069943
-359346
316418
109090
2325
748563
141896
-745315
-162603
-1747149
-1137216
-859743
-164202
-1721175
-712998
-884772
-963927
-1381505
15853
-315473
-553284
1152107
254
283021
-1108365
1221167
-1056621
174796
-368115
970911
-884777
107920
543881
923587
-377813
-586528
503572
-425032
1262076
827998
-248004
-360328
937490
1865252
1927855
290432
117670
371699
1009909
-637691
1151275
-994520
-173944
-296420
-65601
-877977
-562873
-309763
644581
-1699415
-61872
857069
-871825
190729
-1525636
-679956
-2239572
143721
-608108
-23834
-693721
1126892
-811068
59016
-488252
1461204
819790
-806750
1030506
212929
27176
690046
2050989
711960
-116929
-72483
128101
154031
618187
665999
2415941
-172026
-1410822
-316780
364601
-1397093
227880
-1056890
193755
-2210905
-209921
-1906800
-1254800
-410616
-704979
-1207940
-849949
-1161333
-1317051
449905
-471568
88265
370318
-468391
-569001
337420
-797125
761486
-637967
283741
-1637980
-44183
312231
516827
329450
1019364
696972
171510
717338
-198919
385368
-17726
1168962
30916
1113003
1136707
-437142
-186036
1517340
765372
-150733
-1219568
1731333
-724111
506636
38114
-872870
402281
-590632
-602071
-29932
-2112516
-270613
-387247
-370114
-785874
-1403426
-531594
