#SpinCore Technologies, Inc.
#SF in MHz
#SW in Hz

[HEADER]
@CLASS=	RADIOPROCESSOR
@FIRMWARE= 3087
@SPINAPI= 20191127
@POINTS= 128
@SF= 21.670000
@SW= 127986.351562

[DATA]
-5185824
2351816
-4382321
-1668081
-3895000
-3472030
-3184271
-3083921
452891
-4776740
2642425
-2379206
5108127
-1813997
3127332
1288296
2415652
1743302
2556820
4663174
1184145
5240925
-2525577
2719917
-4282361
1806235
-3479537
102022
-2934508
649383
-4740360
-3176355
-1294884
-4656039
2481435
-3891246
1732315
-2033038
2734443
77721
1404263
-585418
2312059
401709
-357497
2285813
-1061915
3151823
-576642
884590
-1637234
716444
-2990412
399832
-1383515
-45933
-828826
-2618457
-400377
-1816869
1453246
-1186734
1131145
-921246
1630797
-903984
1662290
315936
1406939
537912
761810
2050777
1234784
34196
372152
1118309
34516
300139
211832
904867
-676738
104556
-558200
-65517
129230
-221812
-391302
-986953
137319
-1484516
720380
1316122
309143
-276974
617129
-49816
756879
347261
889085
1855317
-940218
1273500
-414240
559491
294263
933156
-714747
1980453
-429730
260074
145825
-692311
-500817
170615
-231647
1371376
-448780
154283
1153288
2257
1165937
-381853
-403791
513610
726116
-502735
-574945
-750068
857027
-199021
-53526
728196
37904
-620608
-416491
996913
-396808
539173
-590020
670776
-1144704
-1176632
142319
-1115943
350816
-485310
120034
-582279
-671310
-2405689
-823847
45445
-353849
-180306
107311
-435746
-670444
955859
-641481
-1405952
-289670
-1347349
5292
481467
1064287
48818
23900
-1821557
-833523
-1626795
1591209
153530
1563086
208743
-192419
-428723
179121
-641044
347148
223903
961324
165301
1514507
-794367
414317
-1532570
502298
1751933
378214
568762
935091
1088212
271706
-616956
214015
-460863
-178528
528427
889375
2548867
1163128
27231
-389062
-1052477
-208453
981063
379702
273440
302040
450708
74759
-450602
668539
1067238
-322345
1487401
186592
1739930
1137107
-184696
-802465
382393
-850261
-211271
-991322
-876437
291723
300019
142303
-658857
417532
-198883
-1161250
-175520
805846
1761628
183343
-1131814
-229365
-427258
-1703044
-683835
-1539691
1933768
576781
-605158
1650675
-419225
391055
-769792
-1158810
333947
1306839
1080749
703648
448154
