#SpinCore Technologies, Inc.
#SF in MHz
#SW in Hz

[HEADER]
@CLASS=	RADIOPROCESSOR
@FIRMWARE= 3087
@SPINAPI= 20191127
@POINTS= 128
@SF= 21.670000
@SW= 127986.351562

[DATA]
8425279
-894103
6220555
2746691
3375981
5500871
580344
4833925
-1694877
5417872
-5936719
4315406
-6992286
571795
-3662801
-4008319
-2768639
-4104137
-2232101
-3996483
1921700
-5489803
5170277
-3341081
6487583
618571
2410014
2210544
1656122
4372373
631152
4005787
-2691322
4435966
-4063373
1288782
-3862004
-826116
-2093861
-2129684
-1839165
-2211127
-2005901
-3205840
1132860
-3552076
3594184
-173098
1078463
424389
2136432
-83671
-881102
-108858
672804
1732040
-1485897
373871
-1994317
-476715
-759077
-167407
-905664
-97865
-269984
-460840
77523
-3495540
1139463
-1415130
484148
-1000572
1111545
89462
1009512
-854191
1162320
-988694
-643436
1186805
-83343
514674
119336
655949
1025361
733109
-1722440
680649
-543122
-952837
-194203
-709817
850069
-637883
-896885
-565340
568426
-468175
112260
365582
1618013
2133384
510673
-463884
679281
-206362
1218977
364484
610101
1710266
-1975235
45507
101693
103187
-1159602
-957979
665341
35627
-605682
-619516
-652601
580252
-573465
168008
-211799
-56894
192613
-531768
363299
953623
567189
-968485
2229874
759765
-429705
289209
-1142694
-47170
646095
-40611
1669466
-152491
22900
-1028902
-156620
1086048
565747
-768456
808602
73192
-874617
-11412
239801
1733382
396399
-734013
544827
472093
-1436145
-563301
-561172
300343
-507072
-636449
-129639
1460635
-241058
529168
-117682
-143046
-1250262
-1099134
169150
-460183
-1197585
-2220766
252816
-101323
-512938
-2127039
-493763
272298
1082948
-1408249
1360308
772936
-214041
520481
-439322
-260114
-319218
-474077
1322618
789065
412649
-925442
-643545
-1477728
435929
-777538
722458
1221339
315515
-922095
-387149
-1070881
-55346
-1076708
637681
1327137
2040955
213629
7684
-730308
295687
-465297
-544128
1173951
1119819
635570
2196171
-96493
-884814
-1740263
1447064
423810
420724
864434
1006731
582571
537394
-1195727
857041
1592596
396586
317345
396806
-477181
-337707
194265
-914297
585490
230855
115907
449388
1638446
-709735
-893705
-706040
138274
1038249
-1141029
-568747
-67856
188383
697196
