#SpinCore Technologies, Inc.
#SF in MHz
#SW in Hz

[HEADER]
@CLASS=	RADIOPROCESSOR
@FIRMWARE= 3087
@SPINAPI= 20191127
@POINTS= 128
@SF= 21.670000
@SW= 127986.351562

[DATA]
3620121
-1736595
3145321
1331246
1537374
2068123
-316475
3933784
-1323742
1969904
-1843647
2905197
-2532135
964581
-2378883
-496253
-1009414
-823111
309067
-2199735
455922
-2035192
1280992
-3051654
2143962
1683135
1700421
1114223
1396973
1524792
695010
2056053
-2149196
2964990
-2931336
1402754
-1396725
-254702
326425
-1176260
-1199630
-2332057
-834917
-410208
536227
39484
2535202
311613
337327
-427097
2078407
952471
-570829
2390778
1570275
1220525
-1531824
-1571322
-1408246
-1784577
-2957618
1060703
-477840
435958
-397853
-760676
467187
-1535303
-224370
-91788
1191294
195337
129690
-225910
1729299
235774
118617
-334731
890167
1929972
-747131
-32497
-516726
465637
-1416609
-620829
-444203
853215
-19142
-688372
1094065
-811616
-11587
-658370
-669805
-618731
452305
-537176
824413
1551064
-136580
-651789
-448792
-631488
1462763
149118
796646
106023
1278639
-513849
-590825
-414609
1496706
-775405
-574362
233516
525353
160225
-113835
-108270
-250021
-898453
552212
289978
-536017
474604
564882
-69611
606350
536230
197915
1036901
423499
1882803
968475
-476991
44152
626214
308747
-369774
442768
1465740
570938
-1829869
-432652
46022
29049
-736909
20585
1140238
1276295
-1783898
-262271
-41398
-885543
-309123
-1492821
1858115
1413139
-311767
993987
-750339
-886970
-1596158
-932212
-179413
-16975
2069942
579705
363600
813665
-1634074
-1277082
-641404
685861
-16791
-752010
684109
-102891
-372733
456002
-1188919
183656
-1022484
-1265779
-859885
1046751
292137
1307194
-747771
-277469
339920
356069
-1154828
728644
2112133
1905290
-661042
-496687
-46986
1174920
166630
-789981
908437
943874
500846
-536355
225176
1396576
895157
85891
555823
-153841
-306446
445702
999663
20151
703422
-703044
1349979
372178
345134
331768
672063
-185365
73928
-826470
549440
836813
886679
-803700
-423378
-701443
-458613
-714291
-702428
-372450
193447
-1175743
90755
-900090
-285463
637699
244101
975120
36641
-694534
522664
-525469
-666173
731498
891690
125479
-481947
8263
-1652335
