#SpinCore Technologies, Inc.
#SF in MHz
#SW in Hz

[HEADER]
@CLASS=	RADIOPROCESSOR
@FIRMWARE= 3087
@SPINAPI= 20191127
@POINTS= 128
@SF= 21.670000
@SW= 127986.351562

[DATA]
4966319
-2222970
6301788
884068
4167676
4395360
1791514
4170273
-2149775
6308569
-2416762
3201170
-4636721
1118760
-2565694
-2156100
-4881712
-3672392
-148859
-4355341
2062763
-4392741
4957582
-4322541
2796755
-287146
5753120
1883236
3948663
2329940
2798693
3369597
-206498
3906616
-878050
3570285
-2789968
1887780
-1678010
651128
-2059066
-983066
-1504389
-1879927
-1292511
-2092930
2100888
-1459783
1645391
-1830135
84055
344878
1527312
187605
1948427
1212896
1476294
1468175
-913078
1136022
624748
1203100
-1084635
1977785
-1839409
1656516
-319595
11670
-1843859
-2708160
-207823
392395
-853734
-625550
836780
-1509254
595602
-2395742
381584
484046
-101582
1458695
537077
108514
-430714
-144140
-1027687
1335970
-2096126
878935
-1044330
16502
876656
-1464943
-1658892
439841
-680169
-106467
-828711
-185922
-712223
-1168708
-946801
63818
-1800826
-428643
-578532
-115944
571313
-2586990
743790
517854
-260635
27661
-231387
814162
758124
-1877146
-508396
-377501
-622852
-1406068
-997599
-1041584
907062
292942
661108
-410614
-723176
-1692038
305733
-1745778
761075
1051546
2031475
-114445
-269544
-966024
1565020
-1975778
-30483
93186
-84999
903000
186222
-722546
1900673
-1314107
-69164
1184381
837748
1030191
-66341
-1076538
1701838
-1469122
73801
361665
143520
1392591
614748
-1680484
1336332
-75670
1515852
176937
451957
2625844
1549063
-763823
370054
-129172
823196
793311
1224229
1402317
966289
-581223
1666068
771976
1595026
-535657
-871899
1650378
-363981
383169
1554750
786432
1099095
-756684
324892
1842078
-1125022
-1195224
111012
1504464
426112
629623
42007
305256
557631
-765484
54509
1436074
518696
401149
44090
1344050
-599124
789199
-220458
58536
-781157
641096
-40965
301139
-333449
53111
-829492
-274989
-697940
1966451
-802165
787530
1315051
-989058
-1201186
623654
-1834732
298331
-620674
-607435
-492710
-2018002
-937470
368770
-1008616
-301637
-319238
-1030617
1274418
-1872598
-287148
608189
-1350189
397590
280403
-733385
110561
-659973
537477
334593
-358297
-484105
-534756
-1395495
