#SpinCore Technologies, Inc.
#SF in MHz
#SW in Hz

[HEADER]
@CLASS=	RADIOPROCESSOR
@FIRMWARE= 3087
@SPINAPI= 20191127
@POINTS= 128
@SF= 21.670000
@SW= 127986.351562

[DATA]
-2377640
-77034
-2173856
-177697
183814
-1998805
-154594
-3525296
1159116
-1499540
1049535
-1457713
2897973
184304
2532253
2037162
644651
4136722
-389072
948361
783811
1860545
-2218138
1263290
-2373645
187885
-1612949
-1274329
210752
-2342010
-251539
-509670
1338631
419236
841436
-617865
2042503
-459906
496228
371765
-323329
2435051
-1208464
905630
-72798
1485711
-1143666
313439
-2378783
-617438
-1057518
158917
267079
-1391497
376594
-752011
731064
-1425716
592751
-1029688
465246
-982470
-189999
387208
-468609
-803221
-65731
56411
-516176
1391138
-1243921
-1080235
-226968
-573775
-593900
-1348281
-602091
500334
-196561
-1549853
-942730
805772
11718
-135260
-74853
574282
889535
-201410
178632
-654278
-371677
-231539
-1575403
-163439
-879327
-774886
-997640
-885913
-161800
622389
-1162315
-789118
53575
133489
785359
-2257609
-160630
325688
1325152
-2383725
-848944
-830563
1711125
-427145
1720323
-276109
1531277
-895609
961978
-855792
2154723
1394011
597676
885155
-315531
-186416
736071
-711478
890208
698763
-287758
2048921
-393115
-164906
287330
-1269590
348507
1313359
549030
638680
-682958
-469473
1321814
491105
-154140
2168383
973342
408074
631960
397278
1672327
1034004
-771616
450188
858537
907596
313303
-953193
697193
780360
272715
-296885
-193269
555314
748337
-116152
1022283
174897
-460377
-750962
-2169021
876279
478667
-439166
-9431
890390
545758
-194501
-1834528
349350
-277123
441225
1432857
-392077
-359467
414136
-1063124
-33504
-7360
1098416
671924
1418493
-352515
325723
263611
-426358
-743234
-723392
-303749
-1022215
762115
998697
834656
374686
-899919
-836915
414698
86094
-650746
-659813
-508891
86010
-947737
-1440485
383769
-281445
799060
1974393
-323008
126464
-796198
-360863
-65323
-353389
313582
844388
267388
-1104055
-846954
-1143568
26204
-837023
406980
541483
786013
144422
-576729
-1583861
-363361
134506
-1010309
442456
746175
248886
686212
-527113
-182229
-830733
-419980
1472252
-1206997
-487222
546741
-480443
838450
-116073
