#SpinCore Technologies, Inc.
#SF in MHz
#SW in Hz

[HEADER]
@CLASS=	RADIOPROCESSOR
@FIRMWARE= 3087
@SPINAPI= 20191127
@POINTS= 128
@SF= 21.670000
@SW= 127986.351562

[DATA]
4551997
-780442
6880936
2382833
3270429
4691970
1123330
7120200
-4318342
4719501
-4484592
2210194
-6037340
-1352044
-5743138
-2931392
-3715468
-5343199
1008058
-5629895
4068448
-4282422
3812369
-2266919
4712302
-134209
2493314
3568515
2121661
3501310
-1641964
3638928
-212321
1609802
-3858170
2087873
-2997165
-942535
-1869379
-3054700
-571807
-3140875
671107
-3495576
1178803
-1845246
4012819
-808311
3107472
1128888
2458771
1933827
1837165
3056761
430481
1292823
-213367
3170009
-2230237
367314
-1896038
997100
-1597663
-195748
-697695
-571084
-1920072
-322332
1460250
-864856
480774
-439508
157057
-189344
-548674
984859
766391
-59414
-15726
1533554
-2368674
351467
93528
311810
-2160840
-125607
-1107497
-89127
-2070749
561773
-393676
-1983839
-405481
-1048369
-147568
-2017165
662883
37189
185984
-205496
852918
1235914
-1412145
-1350361
2265780
-567924
1385157
925445
-58664
1050111
-223282
-1013956
1102509
399846
283602
748954
252823
-934902
1062522
-103814
1210628
37209
1675812
1616551
-433874
-723990
792295
219644
564173
108121
-242017
1322392
-999502
-170404
416130
-587344
-1870383
2246426
-1480148
1059034
-551159
-33934
-1109309
-1259084
-602997
111723
-1469794
548247
-590006
360099
207383
100263
-1255206
-576835
-1582340
-698985
-237496
-1189074
-431115
756163
-230531
-1871628
-669057
-805498
-515038
-1397653
266433
827470
-168005
-1141458
1383009
-919445
7436
396870
-180538
-227108
99902
-734291
1628336
92299
764383
1250664
66016
533140
364721
-1297812
-556465
731587
1286274
2204682
-1249477
-162821
227905
-980694
-1146897
-263287
5366
1130093
-181897
-555078
258867
-1915019
537893
1950108
-1146949
-67554
446812
-724826
-692410
-329458
1023668
1460451
-757790
-1580030
1053821
-231738
1130559
65169
-575508
1733694
-933676
-140129
814178
-1610081
1273517
1545093
-476677
-545367
900950
-380640
-1374744
-667842
1667450
633161
-1724844
802620
2443868
-1094550
835342
37305
-762504
-796153
-216577
599096
-217388
-425109
2276719
1362185
-1162594
382180
-229715
799063
624385
52292
1004413
1124804
