#SpinCore Technologies, Inc.
#SF in MHz
#SW in Hz

[HEADER]
@CLASS=	RADIOPROCESSOR
@FIRMWARE= 3087
@SPINAPI= 20191127
@POINTS= 128
@SF= 21.670000
@SW= 127986.351562

[DATA]
16852010
-1166691
15702305
7665210
8610824
14207998
-101726
16012485
-7496390
14243424
-14200691
6756568
-15269879
-1591509
-12279023
-8768963
-4984530
-13408249
1844998
-13641757
8418745
-10911535
12490242
-5065055
12705102
2191859
8341377
7769649
4279723
11178180
-3221715
10527418
-7349097
6744988
-9929841
2251325
-8082081
-3158511
-6410670
-7052980
-1483086
-8823068
2261166
-7428527
6044997
-4677681
7128985
-2028859
6788836
1880392
3224808
4642700
2091733
6303542
-2028987
5629534
-3937409
3256902
-5042390
211959
-3431141
-663812
-2906891
-2166486
-826869
-3758175
214837
-3801344
2847121
-1557221
2647113
-962079
2132994
152840
1475885
1587657
1600319
2523010
-157955
1961025
-1195241
1654913
-1963083
405453
-1526011
768263
-1965691
93874
-1414457
-727758
-1207326
-1582882
-381614
-1190363
239091
-1227726
964546
-557959
648544
-912023
900934
-133860
811175
1149678
360468
399828
-372618
-156051
148635
944535
-1549158
301059
-1227069
-553934
-772721
-1638036
-467881
-638314
-98398
-709569
775357
-837420
1079426
-456277
2120623
-427938
-563030
665320
1683759
781646
615535
664713
-54549
269052
-864425
502819
-235484
205162
-503028
180359
96596
-978185
-668489
-696601
611043
-82739
719753
74942
1632542
385960
295404
-419712
683312
353836
137320
349778
-124805
-296210
-282238
24131
154345
406558
-227020
326517
111464
-185224
-527758
246506
168225
561751
-28545
388319
160116
-311143
-699472
518068
612565
635419
454964
574126
296744
-436188
-544492
427988
373744
487745
313351
152779
362833
-249371
-560711
607778
-403009
-373444
-245559
1004938
374702
230333
-445671
116960
249989
488041
-331490
950526
865771
-341183
-710816
364507
-295800
-770077
-896890
705983
734757
499602
-939934
-302367
359038
-785653
-431928
400852
195984
63832
202555
821234
344178
-876598
-190008
202948
236281
65095
126063
-39092
318164
-386221
171607
-423983
475568
1151868
245948
335477
175384
251423
184792
9920
40486
350875
403480
1147597
-125799
27619
780573
-55389
-368180
-18470
-499324
1583256
