#SpinCore Technologies, Inc.
#SF in MHz
#SW in Hz

[HEADER]
@CLASS=	RADIOPROCESSOR
@FIRMWARE= 3087
@SPINAPI= 20191127
@POINTS= 128
@SF= 21.670000
@SW= 127986.351562

[DATA]
6694619
-524455
7423312
4899703
1387921
4983536
730982
5783765
-2996960
4834948
-6083087
4358004
-4994972
-1686900
-4749855
-3995535
-1849440
-6800889
312302
-6232117
5676386
-2868408
4456766
-314102
4989914
2202529
4414649
4570923
-249180
5620476
-3254372
2877851
-2977239
2415165
-4421636
839730
-3459539
-1899879
-399063
-2821230
405552
-3152044
1907784
-2057548
2577442
-1682701
1983363
591708
2465049
1707718
1606270
3948567
-302172
2789502
-1869402
304826
-2055623
890092
-3451643
-44210
-196148
-235983
-1159373
-1835351
-367658
-1349877
353226
-2702110
1274601
-601019
256964
6690
2256288
2209006
1143524
428815
1309624
768727
-374698
569856
-1613227
-298376
-910866
1175606
-189865
335856
145394
-930266
622755
-1182204
-183711
-1760923
-2005881
-300420
306218
686824
1266312
1232840
529943
1111324
2301648
-568594
142878
1249126
-1419881
-161637
-1981810
639092
283066
1358415
-169764
575660
44160
-1232286
130539
-1150494
-1007837
-656366
1237560
1094376
1927901
955794
42859
1125727
1033282
-1369328
-903798
574557
-1297933
439427
-1076061
1024385
196239
2117316
-129241
-2113740
1490896
-694223
1256146
-1328769
-1792146
482339
980961
-728999
179818
1159531
2004703
31412
-178820
244834
595735
1410739
-1888465
-456510
-1338974
642664
514507
108735
702543
138586
927343
192876
-913275
-229725
-434842
-193338
-945017
-763117
-340252
1275494
400793
889745
-566793
-506853
-17284
-681462
-49191
-459809
69245
559744
-1097825
-479623
-56521
-280257
830160
-511296
-377746
557899
655467
187346
572729
-66125
-447570
450932
670417
-999213
1319186
-337829
-445686
-313428
-58427
-757817
-377203
513131
263857
1380409
389707
-593840
1259177
223581
-918041
-351176
-1773026
-730178
1033836
-166083
-1225689
879903
346658
610099
499924
-746611
-404079
-726444
-1841381
-309982
-346670
-140466
955100
1184689
-1258341
848594
2793473
-1052532
601440
-413092
-599457
111624
812538
-377864
995471
1161600
-589930
1192466
1264925
-642447
1664318
761257
-681223
-376142
-985966
-41102
-1180021
105890
-396676
892956
