#SpinCore Technologies, Inc.
#SF in MHz
#SW in Hz

[HEADER]
@CLASS=	RADIOPROCESSOR
@FIRMWARE= 3087
@SPINAPI= 20191127
@POINTS= 128
@SF= 21.670000
@SW= 127986.351562

[DATA]
-2862227
661270
-2360198
-3051027
-913222
-335867
-981156
-2273499
828606
-2275841
2534423
-2088006
2680501
189262
1328764
2091189
173958
1468485
687669
1960276
-884301
2070020
-975751
2541512
-2034384
284532
-1826800
-2373532
-887635
-976194
196539
-1418899
115223
-1539149
1547419
-1808987
1787616
607527
2091180
1249686
501667
993958
354059
1527605
155738
-181578
-1052304
1158055
-1452926
-275501
80242
452972
-524747
-1336530
-392063
-34478
-1413041
-2092087
2141762
388565
67138
-809918
451565
-86887
-456216
-649273
928541
630962
1398112
1019254
310690
736745
611684
-677925
-16310
589817
549032
431154
-693389
-518173
745239
-86476
702844
-1141664
542916
4952
-890187
-1406250
-197877
217629
-960092
1598603
1812830
720666
-212670
-1262080
146523
-4579
-89916
752724
-452469
2061193
-873828
-948856
-218206
1413444
417923
755216
136490
162007
-1717971
-3244694
-834394
410834
-1091139
569039
-1089348
547785
-441554
-1492990
438379
-573633
-731072
905894
-955055
440037
-267654
-196104
-608611
840643
-370928
-318801
-773290
-855255
-362582
-43314
-237974
-273609
307924
2260223
-1176044
273002
394591
-461400
160277
183821
-1106511
-765067
-904272
200360
1198721
-821315
-293867
777419
-500725
-304942
-1752597
-906588
479546
-1394252
-548454
-526815
278794
-446459
-1497859
-1050210
139210
-1116613
275442
-649356
-1090698
-689050
-1932896
-1118891
-505257
-1047913
-147965
-1369704
34539
-71763
-586554
-839393
-592871
-293612
912594
-1378789
-49682
686139
1151236
-1666580
-30740
-1040808
-790348
-1524050
785912
-1207901
1092815
374395
762436
-750827
478157
-81236
-627810
-389150
682854
-1252908
-620450
859706
2173945
-1634208
-804868
356675
231461
-151547
-667912
-1380846
-783305
-1258254
38517
-1115087
5807
215589
-520648
-1379131
890366
-673856
-396044
-2295634
-312757
146977
-711522
364332
926608
1440198
732520
-725497
721506
-1291259
-1963
-744881
-485685
1038631
493472
-1031467
1872047
-355836
298233
-2760850
-744514
-527328
1690125
-1849709
559473
584825
932845
-988762
