#SpinCore Technologies, Inc.
#SF in MHz
#SW in Hz

[HEADER]
@CLASS=	RADIOPROCESSOR
@FIRMWARE= 3087
@SPINAPI= 20191127
@POINTS= 128
@SF= 21.670000
@SW= 127986.351562

[DATA]
-4332693
24923
-4479787
-1029845
-3851744
-2982809
-1993983
-4920481
2767173
-4631273
2173978
-2188248
3484860
-833444
3986598
381923
3639110
2205332
1116297
5121782
-991879
4464892
-1165861
3082883
-3440185
1666999
-3052310
-794742
-3435659
-1589905
-2230220
-2937175
-861465
-2712672
2985405
-2633301
2347403
-1435906
1486152
454132
2181913
855159
2104040
1240516
-450803
3119192
505466
2042314
-415900
900421
-1765521
-301706
-125235
-504683
-1358545
-1647437
-163399
-1310136
854346
-1464179
333302
-1246399
709578
-175485
-161749
-493425
-120174
223541
1827286
-181914
96911
774400
-1019977
761209
-754158
282487
-65200
302913
-545268
-683805
-322000
-39565
-898471
-144035
891420
-367429
-769698
-423896
912966
135116
798372
946891
1006549
1178086
719028
342511
444381
908366
-37516
491936
-383509
574759
-288940
1209599
-314040
-164498
-824381
680250
-1026687
-114461
1055650
-671364
402927
-1140761
913199
-267978
-237676
-825392
803593
-390409
1584264
850496
-579368
-36181
-1242816
374454
-1178548
-1243558
-768516
-859996
-610163
-519043
1552411
-337721
309197
-1557171
240569
75447
-1116795
165150
986928
266407
975209
1029033
-1928850
-69885
-142426
-73851
670381
396226
305328
682951
-127743
645681
945507
-150426
-1507477
1085381
49674
-1460715
-1280120
306591
502009
388682
-349055
-170328
-755273
245293
1064672
-440470
307117
1005016
-809953
1098241
267024
-234398
1510940
925378
-717004
789651
-1898018
-545423
-259203
-889258
743007
2297693
692788
173870
1453735
-1236893
836275
-251762
-289610
591546
-1385686
505885
383014
-782961
420716
-6502
692618
-223477
-463062
703343
213804
58153
-352207
1421239
24370
189909
248194
-1318239
1394971
104981
-1673120
431391
-437019
462559
552300
-229508
2120344
1479798
-261140
-47774
-1010832
-1019376
934012
995306
-190865
134926
210002
1057362
1173251
-943023
1133030
-595731
-574884
-1633676
-199280
581145
777388
-135091
-348176
1583050
918522
-1128407
136963
-998497
-1379357
-471559
-1450563
-175110
1255574
730160
1518316
-246511
