#SpinCore Technologies, Inc.
#SF in MHz
#SW in Hz

[HEADER]
@CLASS=	RADIOPROCESSOR
@FIRMWARE= 3087
@SPINAPI= 20191127
@POINTS= 128
@SF= 21.670000
@SW= 127986.351562

[DATA]
-1087819
84433
-3788074
-1418738
-1822734
-3074763
556721
-1415700
1576529
-2324653
928324
-3765976
3146788
-923748
2729606
3337796
672333
1702081
1860920
-73230
-1217778
1208823
-2438924
809883
-2395116
984826
-344877
-992014
-486854
-574654
-726620
-1813104
662493
-2226607
1274143
935645
302700
-124034
-61836
1882264
137851
160176
-1130105
727125
-1133101
850861
-843304
-156781
133376
-870745
-836620
-958059
-151654
-1955050
-193464
-1381890
1254783
310034
-183510
-206619
-153587
-514858
664707
-364910
387718
945480
512212
-216972
802340
-777016
-1369461
213189
-639850
-251896
182578
-845117
1458481
1293455
-640275
-201504
315182
-1716028
663368
-522566
812458
815995
-113130
-168047
1070585
879579
1361689
-370595
-1067677
241022
-856946
-323050
45751
1753621
-114613
950952
-1499189
-1583712
389442
854089
312846
1101063
388610
1112045
-60461
-1539307
227232
-1327184
667208
-532652
-775134
251350
903698
-92267
-40466
-50259
-1297846
970687
-592163
-440452
406876
721414
-552339
-33458
-1222392
-432780
370827
-1125845
456720
260517
581043
-228304
119401
-49921
298638
51170
-447208
586781
375695
95313
-391071
-123992
-335153
-436516
19131
184142
335508
-343331
1415465
191684
1392275
-387766
291396
-371404
403328
1017864
-844974
1209249
-464760
150939
-432170
-302119
-567373
4981
-1658125
-1685762
369983
-1000776
1167970
3500
-659451
-504704
597443
-37665
2320961
-702900
469084
637603
559297
-1467629
-160047
117377
450739
1056460
-879720
-218387
-461715
286727
421084
741993
1694117
1512085
-1603887
-872256
-642392
-156207
-603846
1033033
767114
233787
143618
45066
1080968
-662515
-205013
-647145
449831
817080
233443
-795547
967564
-163791
1161852
-1177619
-1713854
157485
284799
-849404
695735
1227614
1369941
-63154
-1339295
-549374
-295328
592542
-1947095
1202655
1144293
537327
691222
444857
-1044066
-82157
-1346729
-1253705
-49668
399600
418634
270269
1180152
513840
479066
-1191781
-488764
-908280
579033
535230
109989
-333037
1041285
-827335
