#SpinCore Technologies, Inc.
#SF in MHz
#SW in Hz

[HEADER]
@CLASS=	RADIOPROCESSOR
@FIRMWARE= 3087
@SPINAPI= 20191127
@POINTS= 128
@SF= 21.670000
@SW= 127986.351562

[DATA]
3718227
-1533280
3938314
3797668
4465249
3730285
2054147
3215223
-1970374
2759095
-3360527
3616378
-2906248
675154
-3468301
-1575117
-791957
-2568270
-424008
-2540410
771087
-2331086
2348769
-952963
3434633
492156
2194972
1199808
1319804
1697188
-631233
2084101
-1423493
1723933
-1056136
1843333
-2829108
241377
-2192254
-589317
-788602
-734584
406841
-1104082
554801
-2112203
820511
-1165218
-678087
297821
1846761
2124930
-236482
1134900
-304615
-318137
-1406605
-753593
-147489
1191351
-886020
-294628
-930006
-977927
-78911
-1668221
-698805
-1375361
584170
-622107
-73816
-2417665
1810509
-1093799
957000
924097
1076153
1585542
-439649
-1670617
-192001
-103125
-1530254
1297735
-605101
1538207
836275
-991122
727854
-65750
-534945
-1470382
-849535
1332837
1215537
-1207800
429179
-59412
124230
-452303
1452261
-448510
393964
1372800
447538
-815994
-382073
497233
-970096
1105279
-59589
1316648
846759
-171043
-1674592
-450215
-179475
-120120
664793
284952
686323
1113339
-1579212
-1309729
-266404
-1845080
824856
-846732
1560726
1900720
-1487595
-1222866
348052
-512448
-577737
-621874
-368535
1817845
-806415
-691408
504618
-425444
495869
140411
-1466596
502408
-381455
-1717950
873492
-1778261
254994
1028238
120375
430343
1799151
-2420962
905925
-143335
272820
763638
-843453
-695391
-40738
-848790
1171776
1242866
-73534
740694
738666
-1558534
1266862
-1602676
1352106
985943
1369211
1367960
572814
-191409
798359
-707908
723236
2382423
-4933
484664
-1013720
-560922
759043
-672823
-149471
2229207
-794048
280365
278951
-1386252
1352875
-683465
-2484894
1075772
125093
1362897
287559
155172
734823
-29469
-1554159
624967
-681756
701432
19887
-409403
1143641
-105885
-1607222
735698
-731085
261546
-316365
-1152763
1716015
1469806
-895965
-114177
-211352
272750
577508
477554
-1078458
244432
-378370
-1100941
-947053
-735632
1441154
-47646
-509071
1534485
-58048
-1225148
-1139567
-518588
967974
-35489
1158377
-166046
-1150300
-606529
-561900
-1891888
776696
1138340
-199671
-72184
-426259
-1743413
444847
-615097
