#SpinCore Technologies, Inc.
#SF in MHz
#SW in Hz

[HEADER]
@CLASS=	RADIOPROCESSOR
@FIRMWARE= 3087
@SPINAPI= 20191127
@POINTS= 128
@SF= 21.670000
@SW= 127986.351562

[DATA]
-574579
-118539
307177
-1688229
772698
-191363
-72540
-364436
-628240
1157681
-1090591
-1383149
440506
-895723
-1037022
515721
820837
-1068363
-166393
-706579
1861657
-1081411
588983
-756422
710047
171697
-29382
164739
1257516
-597435
919713
178289
-18910
-477795
-282402
-665149
1961352
-880070
-337415
-1499683
-378613
-516599
1524936
-1761668
946823
1455751
240630
-945696
391312
786412
958586
234256
795256
551447
996067
-467438
-2008094
-926538
-54841
-421179
-1064174
1211267
324598
-642695
-187757
153174
77550
-1464371
-935434
1791964
1230405
663098
-131045
85564
507872
543245
111479
1045604
712150
90107
-971576
452098
1111254
325975
620995
705745
-158521
415778
901643
308174
-6377
254490
-432013
929461
243696
-33726
208306
784457
113971
-155109
1108971
1760506
-590296
218371
-551105
482724
-120387
974293
-314589
1095461
-814391
642100
829765
758056
197641
-82007
214408
1606998
-927306
-359087
1435579
448660
292926
-706477
-1946142
469210
-1040579
329023
1193669
1100220
838378
237218
-1239064
-50245
-98598
1593379
323833
-30069
-552879
187565
-602521
763364
-91697
-748994
437030
-700935
1225204
70657
-1875642
13801
93761
-164572
-716211
1230892
201816
123883
-2069891
-841014
327266
-377394
-348292
-758791
127804
-991405
-478723
-1136387
381799
-445169
282259
-1043394
1272585
-186463
-633228
-856887
-1159620
-807381
-926820
-1038663
1373925
907835
-339065
-2103732
845585
-1280019
-782661
501047
-6036
1875237
659085
-955661
-384553
-589521
767324
-467002
-418029
105737
632892
-349197
-838968
-1518727
602545
-183313
-458467
178222
-439070
993891
8500
-1698961
622748
-973067
187602
-931801
-4662
1835088
786297
-586130
917632
-922076
-1134391
-951407
-590788
1218731
602396
234294
1009920
-219969
949980
-420009
115422
-408447
155748
-25914
627323
893923
650646
649227
-272635
-757014
640916
632042
1373129
-791594
904230
1453215
-677820
54451
-88958
-166697
570819
125730
1088829
-748147
-770308
72593
125911
45783
