#SpinCore Technologies, Inc.
#SF in MHz
#SW in Hz

[HEADER]
@CLASS=	RADIOPROCESSOR
@FIRMWARE= 3087
@SPINAPI= 20191127
@POINTS= 128
@SF= 21.670000
@SW= 127986.351562

[DATA]
-2120252
1027226
-3419817
-774230
-1686371
-3410548
76372
-2249422
536584
-3092003
2705428
-2204833
4763899
-30776
2974789
1137054
1485092
2176516
875220
2065178
-1013825
1404619
-1562393
1720946
-2299369
-988581
137012
-1451628
-1635048
-1889432
-701642
-1523189
987390
-1221125
2353394
873958
2183660
-1502498
1865365
-42428
-179314
1523452
638536
2224819
133948
-364286
-922362
-89672
-1291562
513776
-1115715
104656
413068
41597
1085397
-155126
-102674
-1567044
2252357
-1191989
570683
508165
1187818
1606120
-46544
-504458
1410171
1726642
-839624
352785
230071
-380618
-1678921
34662
1096968
1025440
-151394
-542731
-230730
577922
-13193
-1486800
497236
760089
407865
101417
-304182
67621
994814
179991
389637
-382709
1205550
414503
-15325
395528
-545593
627443
-357877
-187692
-1366590
311790
-864628
-324351
1504524
60221
-898331
256783
-547646
118528
796764
-1592611
183893
491667
707443
1001373
-768976
139835
796716
818109
1019465
261465
-371571
-1283697
-676807
-1944982
706284
-701290
-454771
-291306
-1324273
-260959
675229
-1037939
163819
486875
275113
-1264515
-285139
-1296738
1587073
32869
1280062
706064
883538
-288156
991865
-1879697
-29748
938634
585845
1127133
351420
-93296
1504109
-1070554
1621
247690
-411632
-271809
-1195826
1112495
1248094
293831
1192550
226606
-229228
-1036677
-1125608
665940
827940
704295
-384231
835904
848789
-888568
-598372
484129
-726593
1910626
-1347344
1259072
533812
650518
429983
-595159
-1072413
849051
-1417900
1057
728144
-96101
-195010
-145657
-619194
-54644
-1108305
134612
639703
502063
355660
1276106
-1988902
-2394515
-1338147
-1831525
784894
946035
1272233
170421
604262
-2475915
-23216
-1616120
64450
-533727
-489633
822175
1234310
402354
1454460
-1300077
-39706
-2059839
1648547
1097990
194499
1478311
1508066
-94591
1413927
-299445
-1159271
-739748
-203273
1670879
630868
3497307
195856
791755
-1160356
-1480728
-1776602
-1236718
100454
1329155
-1387081
1941379
-1300252
-263455
354445
-1640497
-754445
418784
-1682889
38939
