#SpinCore Technologies, Inc.
#SF in MHz
#SW in Hz

[HEADER]
@CLASS=	RADIOPROCESSOR
@FIRMWARE= 3087
@SPINAPI= 20191127
@POINTS= 128
@SF= 21.670000
@SW= 127986.351562

[DATA]
507367
-439678
-69660
307954
298168
527297
780932
-1274332
1303629
-242253
-1285583
48073
234981
1005219
-136307
-1196320
772149
150211
149024
5933
1575922
-1167530
1331153
-1558407
1292411
-104927
-989186
408261
806780
-666068
752959
-193975
1391743
-224171
150270
687655
-172616
-898510
432574
-1885353
784138
-146190
-899437
-531508
400484
-799112
876737
416859
1182259
-286177
-1247125
-575703
-460091
-669615
630747
-422973
2137196
185575
-1120083
-1575277
-120156
-391257
685601
670842
460571
-858124
26076
406571
1236711
594308
1972887
62921
154530
431215
72772
-717162
-533175
461773
446165
609629
-137943
17186
876375
-396742
-419371
100588
267308
283532
92129
-37871
-253167
-1444678
257297
208972
699746
-20526
831347
208593
-249269
-1556849
586021
978840
-27711
507872
-986901
-51825
-901163
-1187477
1160845
1977698
-63431
343892
989659
-497139
-789038
-1257856
-257134
2745448
248972
-749838
141736
-471622
-709450
-1314086
-633196
425488
-416910
135165
-691087
-815048
-2498172
598838
-856199
707110
-52466
410263
-1028750
492507
-178830
-184549
-276953
833090
-925028
-761710
-520955
-977324
-970554
-2258746
-304310
86519
-1455169
-131300
-864278
1312891
-272025
-11245
641103
-614647
-903
-1643728
-229500
-435439
627779
152686
220320
-773030
272561
-1104615
-84969
-552318
668195
51596
-852866
-599857
1431099
-995653
-333818
-408068
907102
148186
-697389
-396197
1421182
-285720
-1804308
-956320
-357310
359984
446291
-682079
1406472
-151100
87884
792710
14088
562240
463555
89224
1025269
482260
-307011
-223892
512194
189266
-865365
759926
1737847
1069238
-73749
192161
-550939
-645548
720270
-30950
82694
1064119
262338
1018855
-50352
319890
-268358
-111008
42407
269944
-166513
1343955
-494083
172130
145986
-1238943
-887338
-523374
-186840
1801573
-621942
123363
1467043
-723041
-386666
-1233187
-1086940
1092111
-97015
306279
995883
85856
-11467
-529057
-1626264
-370045
-739464
-133387
1004813
-543970
-1536233
642445
