#SpinCore Technologies, Inc.
#SF in MHz
#SW in Hz

[HEADER]
@CLASS=	RADIOPROCESSOR
@FIRMWARE= 3087
@SPINAPI= 20191127
@POINTS= 128
@SF= 21.670000
@SW= 127986.351562

[DATA]
4063026
-1810579
4445362
2920848
2987017
3308532
2799109
3056825
616157
3706578
-2585475
3884579
-1931202
2626377
-3154238
399466
-3177559
-1054374
-2760645
-1975559
-76442
-3237721
2056277
-3254363
818699
-2468745
3246692
278370
2801375
1494720
2104404
375766
760077
4300068
680078
3251578
-539219
1256826
-2403153
-142620
-1194312
1286610
-1175830
-502596
-1618960
-147620
-320384
-2276973
2034797
-1917593
1849216
-511055
2961946
-553050
399642
-118877
2234879
160424
-672909
926169
668562
2692685
-1378276
1158496
258495
1679953
-1199279
-482710
-351723
-73810
586000
-512905
210340
-1248280
1339512
-930038
653322
-387219
-852100
-222379
1272921
562628
1703016
-490704
502371
222184
-258485
178423
830324
287854
131499
949788
-612241
577617
-306015
769299
-419609
-679833
-615493
-43487
-1012
-119407
-203428
431447
-25378
-832388
-403847
-930731
-717969
-458886
690049
834750
880513
73487
-120869
1427307
-897621
-958403
1168528
939836
1342353
129845
383278
1358771
-356412
1468898
-51449
119573
129700
-1042999
320020
457326
-151030
739428
-245995
-192222
373060
-443944
-977631
913658
1024906
1128835
-334005
919043
678052
-831933
-392728
1197873
-18477
1063587
179992
692578
-1130238
-54135
-7872
250363
-242389
98750
-62618
439491
381337
393589
-386410
-287311
911486
531695
202512
383916
480185
595738
-334087
551006
23677
365244
-1060247
272089
-1322739
-481187
314462
1376945
459337
723015
631782
276082
-249771
840948
315865
1831812
-245868
-474294
-1074035
299132
328491
1253207
-837481
-369368
-258165
364207
420658
-13764
986804
1598421
-1348628
830949
-594678
588459
-310490
-174404
507267
371043
-460056
-527660
-656132
1531749
93680
849239
82392
-66934
-1237021
-809775
-624409
-742852
197497
308776
234808
-1663005
-422560
-1397923
442431
-232279
-382076
52842
357388
518762
-548635
121464
403007
529744
-630748
1101741
-940069
-579417
-441144
-2251256
-1050097
-52765
-522782
75016
-1485504
1095996
-1191276
-876171
-140018
538272
-1166445
1151663
