#SpinCore Technologies, Inc.
#SF in MHz
#SW in Hz

[HEADER]
@CLASS=	RADIOPROCESSOR
@FIRMWARE= 3087
@SPINAPI= 20191127
@POINTS= 128
@SF= 21.670000
@SW= 127986.351562

[DATA]
3483803
-97653
4499016
587906
973437
3076028
712442
5076676
-1273682
3272403
-2418842
1899789
-2801729
215128
-2420715
-1592802
-2077970
-2108304
-293731
-2657507
1594746
-3214613
2028385
-1890341
1613929
-161309
2576895
2189436
1587530
2393377
1819032
2229832
-1365236
3381731
-507224
1096085
-2549565
-375527
-1942292
-1209254
-2073081
-853774
-219396
-2554010
485504
-1970327
1362663
-1245087
1823766
-22205
1154344
311164
1066932
1863975
869336
876608
-697880
1386043
-545256
1179419
-1300015
1296424
-693231
117667
-1129642
285031
899031
-478907
795166
630840
-569443
-264337
-1630322
219011
-382459
1279846
194792
1197535
-451623
936708
394171
-193769
-278953
1342648
-600551
-274945
-1331491
67254
-1056487
-119363
-668115
-459098
-1256777
-705263
-1636381
842980
334692
316580
6305
-953786
333019
-1400868
-721791
-757482
568407
-1222627
115268
123293
409477
-2032095
-420379
370581
466744
798242
-409169
209959
-68931
256027
693227
561785
-525340
551840
-1182546
-376197
592296
702839
549979
315412
-10925
1260404
590563
-615549
14580
1290581
-355331
602855
519195
303272
-727235
259285
-1097855
-1106432
107914
-967876
938685
370650
69652
-232894
-934558
-466465
728050
-482851
757016
-495741
-1695991
492206
332504
-779183
650213
-924191
301731
-49002
-1593886
-607427
647820
866963
660695
-1117945
205973
-226378
-658294
-631673
266693
164656
602434
-350904
-1148591
-1051738
363909
486041
1356471
-1099705
-197023
425258
1524507
-48905
341264
-153622
-704652
435747
-356750
-355009
-121658
332488
-928974
1369291
780690
-1028914
-243462
-65995
232938
-598613
-235757
290393
1007486
-728413
1880224
-419688
1244461
396750
-359113
973091
1240649
581580
188111
-884957
-620134
1304375
-43327
896935
439768
-934625
169051
-270455
709429
844046
-309977
-656144
347133
42269
-450406
555108
-158764
1172311
-1057933
-304339
385653
925540
501141
716771
327079
-416966
-208176
-288090
715394
1366508
-447994
1190686
-752228
-1034197
-176511
-417648
684695
1633334
-618202
795374
