#SpinCore Technologies, Inc.
#SF in MHz
#SW in Hz

[HEADER]
@CLASS=	RADIOPROCESSOR
@FIRMWARE= 3087
@SPINAPI= 20191127
@POINTS= 128
@SF= 21.670000
@SW= 127986.351562

[DATA]
686387
1025807
-256791
1607930
29519
339280
618656
-280897
-235697
25874
-1033070
-534234
-1054602
-773934
-119949
-255653
-352864
-669854
432789
-12489
-929513
-375542
36803
830152
596067
-943094
-261203
-341580
793496
-1190334
642440
760254
701763
1167991
-247698
-419755
685847
473477
198817
27254
247730
690503
111483
-244488
-828901
-759688
-630119
680943
36847
728769
910450
-1214283
88068
166794
232499
-874908
231133
1068468
720465
873438
-1248817
257082
-1622880
35954
656125
1398383
-198281
-105201
-1374958
-964241
119043
-7696
-1102314
-238118
39098
404430
-455814
-1040825
-355543
-536593
-1319453
929698
-869792
848297
386489
580176
199164
-750921
-943483
-577680
-315642
-1021933
595320
-232961
281459
-134599
-97172
-68013
-1516
-988751
-136484
501830
494618
686748
147317
-1499805
1014363
-456308
288260
883472
147446
914152
-544633
295116
105591
-951695
-10995
-1193057
777136
-754322
-256310
625404
1842120
-445254
-1191226
-722091
-120870
-163599
804993
-79756
296179
-1775712
1027909
448898
1319153
-177361
-505125
311903
-33464
-861638
283335
1013967
76416
-150662
244352
343023
-540642
-290048
896639
-291139
52755
178701
-126522
-741720
-561959
-561121
-554259
-618516
-114718
1512993
-83438
-972966
798147
-134098
-43897
1203665
-564230
-149429
214856
-425929
784544
-840752
105569
1921845
-1644460
965859
890568
-741561
778496
220519
-910157
992098
-813449
-66615
634510
325114
-15940
1167931
-931057
-1386908
-250799
-979621
327713
637171
783381
834005
-1275945
281511
292105
339876
-901353
974869
-357785
499534
-1114998
-706903
1532771
-1677973
-560969
1525360
-1311336
147928
-186518
-159558
501110
-1363710
-839886
750616
-2141177
-381568
-257429
789911
537440
-962224
-814111
-764949
-1050607
-612196
190741
976742
735882
-754743
-102716
-428444
-71909
-707153
-949288
568542
751373
958747
731998
778084
594180
-1754032
-313586
857681
708158
398280
1024668
547052
1900108
-1436121
478120
-1529053
-166011
1130103
