#SpinCore Technologies, Inc.
#SF in MHz
#SW in Hz

[HEADER]
@CLASS=	RADIOPROCESSOR
@FIRMWARE= 3087
@SPINAPI= 20191127
@POINTS= 128
@SF= 21.670000
@SW= 127986.351562

[DATA]
7210283
-739128
4723284
4357414
2974872
5860188
779462
5694198
-2766435
6495883
-5491362
2109378
-4437809
-1712739
-3709042
-2887282
-2396194
-4786922
463057
-4707947
3748793
-4710149
4031287
-3073216
3938821
561324
4881684
2829631
2480861
5713778
-1012416
2848637
-1748323
2182291
-3672864
2478438
-3324349
911959
-3001469
-2149900
-376195
-1936456
13955
-2385029
1302341
-709265
1791406
276391
3050599
1800186
11964
877294
-310700
2700589
-775217
1861152
-1213373
1304059
-2899742
-213527
-1781562
-426220
-1829614
-1094106
-193029
-614283
2319380
-927167
1493176
-1375795
2402633
-1951285
538970
-593573
1611251
910543
1373492
900018
1659117
340990
71759
563349
-885631
1751558
75125
126806
485950
465282
186246
1380647
-1377595
-510228
48408
-778251
-1352788
2574742
1334897
582804
-523557
-101162
-1028446
-13839
-2576557
494631
125924
1161109
-418509
441852
-729966
-276914
-2005919
-1734974
-804080
-55626
577296
38822
522114
-922551
230865
-1726709
1182792
-320939
1406604
195985
1262153
654767
-64351
-602761
2096632
-308302
519633
885462
-1296195
625151
2527008
295374
1704749
2213255
-4814
-355345
-1449074
-2130092
1141487
1574455
417881
1377440
219076
-686238
344179
263523
-1411614
719546
159628
-549506
-262561
323526
487978
-308911
-1303850
43451
-1001031
-589912
248119
818933
1150786
281562
-137829
-9125
1272914
-1971701
-1258937
97662
921833
-467203
1153975
-82531
1126932
-451278
-864848
-670158
1795879
960060
907467
923001
452451
1174897
1561605
130706
1563867
985363
-1468644
-516870
586441
488451
-345658
590062
87935
322007
-322764
-526158
-1338971
697048
-544107
1414119
-1219114
40510
378102
1341
-794334
-1000219
-930801
919171
-1529724
100994
760511
-581362
108127
160127
612889
-981656
573358
-498300
564062
1063016
169080
-844766
1557276
-851358
684576
-214434
77517
1177540
881650
611916
859913
2013087
-142312
-186142
-92431
268677
119595
-287123
-909998
301774
193244
-1297600
-999779
-321039
-276536
925347
-541742
-405600
-160736
477572
415055
212438
