#SpinCore Technologies, Inc.
#SF in MHz
#SW in Hz

[HEADER]
@CLASS=	RADIOPROCESSOR
@FIRMWARE= 3087
@SPINAPI= 20191127
@POINTS= 128
@SF= 21.670000
@SW= 127986.351562

[DATA]
6962431
275007
4980560
3193738
4519247
3112694
3285378
4676517
-1274587
5266490
-6122134
3019861
-4299959
938325
-2180980
-1001123
-3363017
-2457923
-865702
-4705175
2118765
-4235664
3993461
-554124
4235164
1047846
4156604
1265461
3059653
2840305
1584084
5234067
-2287845
4418651
-2190333
2273530
-2741384
1481563
-1681703
363503
-2078449
-934684
351243
-4214945
-52447
-3123675
1933070
-324135
2377562
-396539
3171292
788775
2718715
733714
796834
3885794
-779398
3042199
-896864
777372
-989930
-271114
-1048411
1285358
-2443034
1141772
-981724
-2254470
-815256
-623359
872968
45682
-522354
351634
1533268
-1610239
1510607
1486335
-28961
2371732
-898297
2414397
702092
-345818
-596960
1068456
-238101
1522159
-2512957
407701
87933
275161
169293
1021765
-192649
664035
-582851
32376
752334
-1161223
1245143
354721
-731954
-464770
-1227715
266783
632510
255879
915850
-318623
152250
257921
-919273
649176
-1518298
76448
711397
326365
-1577940
-480027
-2501924
-1600544
-756043
-1005268
-585309
-484151
442893
-1162377
-786203
-149887
-112631
-322052
1519280
251123
-1579419
467804
-1674087
161689
-1312935
-472142
-275139
-1139571
-190247
1156260
-1649588
-1039343
-1291563
-1383420
-267067
427021
1194281
835231
-1475521
-1078970
-483176
-739574
205918
1072964
200811
-654334
-1370307
-14977
-976850
-2182617
-610739
-159834
274554
143745
377394
-998016
-747804
-890603
-1089237
1664324
5855
14255
757709
-1105748
654102
-1561552
-367344
-611140
-183449
-384687
87739
-194243
-23384
-916415
73303
-1857589
299499
-229197
-486850
-292464
108872
-1035191
94717
-1276551
-180811
-178437
565121
252978
91518
-788025
368141
-871878
918554
-765126
-468201
-550802
-446091
-488713
1007679
211523
32631
-815709
-773752
-293453
198492
-182892
1078395
72693
986184
-862748
559436
-13979
220306
-344106
-393275
-20665
157363
802902
-45772
-405171
1238003
-1195656
-283448
-849906
908595
694321
105204
-516737
2341289
-445303
128931
-422748
877098
1260582
-266853
-426462
1438340
-990106
-26580
253227
925438
1255241
