#SpinCore Technologies, Inc.
#SF in MHz
#SW in Hz

[HEADER]
@CLASS=	RADIOPROCESSOR
@FIRMWARE= 3087
@SPINAPI= 20191127
@POINTS= 128
@SF= 21.670000
@SW= 127986.351562

[DATA]
3041798
-2392941
2787384
988492
911439
1401786
1251831
3863648
592031
1250483
-2885814
1769954
-2905430
-1294524
-3020805
515403
-224931
-2204972
-192709
-3758686
2929240
-2033009
1113182
-237921
2050082
593040
2236172
1681180
852414
1817236
-1964365
1237096
-2593369
2345235
-422177
2909021
-885605
-95084
-2772422
-2050571
-1734939
-2972025
-1337730
-328800
1072055
-194599
1902962
-151948
1986114
-270325
-259716
975184
536074
1013105
226823
942575
-81695
670902
-368114
364857
-1778915
177166
-417696
-229037
33576
-491801
334519
-719081
1003137
-614934
-467783
862680
448510
-1325071
-164237
696808
1051492
1485977
-1277109
259975
-166319
-1060636
114766
-155872
-163709
485152
-1505846
-12357
1359713
-697440
-619058
-620570
-1055238
-2011093
661407
-1100393
1490041
2000910
-195887
773251
420770
-963237
662237
-233987
742433
1525140
-1173658
856100
1664120
-158086
-209796
-338629
-935497
260891
-795501
-842078
129810
-167948
1269831
1126707
1005661
-226258
-1470664
-287601
-1150715
-348147
-1625221
1710402
-882442
467115
-830052
-1866526
-201405
-380465
-1631231
302344
-49424
-454097
1041867
522418
-7286
-1144692
-787854
-1238803
-597689
-970962
411969
146334
878727
-261570
1594775
-1430361
803118
-60699
-704457
1796246
410437
644295
2241761
580403
-22226
637009
-728655
-1083581
-37523
253639
323567
1801551
-1267389
574174
-1355660
-2166905
488215
-462338
-1422101
1767706
-1150660
-320568
-409012
-304324
1252993
1342582
-2275075
-1030692
-72169
-1645967
1303652
-855433
717574
486687
-951472
-1159119
-846722
-2990602
1631621
1011632
-273427
423925
-364227
-1268944
1986786
-1367959
-735946
727526
-225509
2217574
-652458
-1161622
2825473
1453343
-1205493
799761
-580435
386079
907876
-304885
1161600
1304149
-209489
-1002516
-43632
-203756
1518019
-841805
-2319115
11806
-1130203
-332620
706168
-21503
539578
1623550
-1673894
-2501073
-141430
-793560
314759
-995724
-1211126
824689
-365730
-1224687
973926
-1001461
937007
621425
-292907
1006206
836026
-1737228
1093007
-993861
116807
437450
-583287
380620
