#SpinCore Technologies, Inc.
#SF in MHz
#SW in Hz

[HEADER]
@CLASS=	RADIOPROCESSOR
@FIRMWARE= 3087
@SPINAPI= 20191127
@POINTS= 128
@SF= 21.670000
@SW= 127986.351562

[DATA]
527081
186344
288387
-666292
-368814
1024481
-395506
-128904
-655915
-240797
-635053
-51802
-1340022
615088
241322
-912398
339428
-78480
261114
-54991
-347138
-1119536
1525777
388047
1359680
371184
-211840
796158
-544007
-320796
215016
3343406
-844734
-172056
-202404
-496363
-875694
215666
436019
-97721
-717054
-830559
-479957
-1829699
1523606
-1220319
651562
908242
-397760
52930
2016851
-327877
1132538
442985
607001
463997
-639836
-1010879
552658
431541
-95867
2058405
-18617
-72521
499118
-672559
-96585
461884
-322171
234477
1125588
638058
1352080
1006550
-284236
588932
-238356
-774722
155363
-73911
492139
994394
-1075112
140697
298532
177707
589635
-600297
221860
-407577
1438387
-1016399
423792
-190713
1941014
-299073
-686075
-899189
854266
-125668
-1299868
-811788
-745866
962481
-71446
-462076
1346548
1292594
67552
-628947
-611856
621810
958591
2194094
1320414
1008689
369976
-2023503
-101070
-446518
-1867359
-611592
-790739
1268029
-123991
-1008772
1819100
-20265
-2071877
-906640
-1844519
-126740
-14724
382683
644209
2411496
685569
-1399257
-708234
-57197
360671
135526
-1558544
256968
925585
690949
929115
-868308
-1762936
59365
-856908
-982741
242286
-143188
207265
529300
342259
-161419
1126928
-1166245
-361895
-364319
-694993
-222764
136487
-1156938
-400249
-419606
-950477
1288898
807350
973
-483961
-241678
148429
-237362
-229598
1549936
-311149
-104193
2079281
-417992
-138803
-1120488
-135031
-1315019
-434692
138660
957391
1411017
-860480
-1631406
-757507
-853333
233596
-1580332
-286093
898679
-61745
-2225012
1536562
-1103330
789907
-988294
-1512694
265085
1455245
-514528
370751
529446
-276015
1580084
-547561
-1278385
1150279
-8947
17218
1007367
-608400
1632991
490149
-89693
1334037
2113966
-2734492
1812266
-386000
-1811363
412957
-995207
-866280
1273131
-1838799
-1072805
628147
-923580
838726
-503668
-193001
100698
-622203
-1278245
3436
622548
420720
685114
-34118
-547411
1126673
-1332324
505395
897800
1125549
-156624
318174
316143
