#SpinCore Technologies, Inc.
#SF in MHz
#SW in Hz

[HEADER]
@CLASS=	RADIOPROCESSOR
@FIRMWARE= 3087
@SPINAPI= 20191127
@POINTS= 128
@SF= 21.670000
@SW= 127986.351562

[DATA]
3755090
-732669
6364556
3685118
5818297
2647791
1494431
4559105
-2319242
3544940
-5097584
4330934
-5001322
2835480
-4373038
-1188397
-3727212
-3834255
-2202373
-5632694
-607940
-3610280
4212253
-3711596
4849692
-2253347
4412631
-97366
2256266
1920521
1453692
4745928
633937
3828735
-2109874
2708070
-2009827
1542703
-3471390
607449
-3760578
-367376
-1806998
-1780835
-47427
-2281244
-447469
-2574112
466016
-2421475
3540638
-514398
842304
478728
1982150
1383318
842271
1274737
-154720
2102901
-2072981
-109412
-288471
507253
-551980
753022
-530107
-2235107
45462
-2346307
-1711969
307144
-222128
1530132
482625
-161035
2741568
1116981
-451404
-263723
148139
845432
347939
1168968
-730655
1179211
148425
-460901
-1488186
181345
-598890
195414
-991008
307300
-1054353
-263713
-81425
-27889
-1314296
-2650
-444110
-1437414
748810
-2294419
1227319
28531
-186962
-1983838
1315923
-1158421
120588
2117415
396259
-40872
1133195
-788110
264144
780431
-770423
960006
-262500
-164474
1021273
-364921
299432
613690
-1033589
70127
-611857
139457
841404
123035
-684838
651200
-359466
-733500
-6228
-446371
-1183392
-171952
-1001470
586330
486783
-1232685
778373
768971
59836
-716628
-595999
-1041998
1409390
1270774
-1355092
232781
443529
16149
451495
760911
-447161
-20318
-1333312
-1138206
1535930
480953
-324360
395227
-594786
-295369
741271
-824197
-516262
183575
-1070384
1339188
-358044
-645807
1508318
-826142
-838035
-441133
-949902
-1372080
832324
-60428
661544
2474981
395555
-80645
-63115
-1469864
29988
-433280
121334
926502
84196
-1381926
733511
-500835
209382
-584078
174354
313805
-586015
1152968
1846250
-817506
1445726
688659
1103337
-726303
-877221
305953
709062
1291307
1155416
-135562
-434094
-1065776
-269385
-305798
219844
-464191
508541
815649
300053
-767656
-787479
-869587
-352425
-1217334
-704512
192747
-965824
-210531
361748
520380
73409
331121
-1127245
469367
-255154
-554403
-431686
625697
-460038
799165
361575
-891193
916225
-122218
314005
347416
-1687625
350696
-229229
-119640
