#SpinCore Technologies, Inc.
#SF in MHz
#SW in Hz

[HEADER]
@CLASS=	RADIOPROCESSOR
@FIRMWARE= 3087
@SPINAPI= 20191127
@POINTS= 128
@SF= 21.670000
@SW= 127986.351562

[DATA]
4872035
-717254
6461717
-282047
4778793
5263565
1328050
7590724
-2522886
6902021
-3225772
1896601
-5607288
1390716
-5270934
-767788
-4618036
-4081778
115183
-6659989
1646875
-4581809
2701811
-3881915
3262806
-683631
5153712
1832040
5291739
3955818
-216563
4201794
-2749137
4752118
-1704759
2033946
-2443405
1841205
-4339333
-2942324
-1413545
-2873666
-1268883
-2465650
-33183
-2412243
1009264
-2993604
2815934
-1068394
1779016
1131844
607822
1217993
-363357
3217003
463437
1042531
-857163
1347605
-2104536
1234944
-1894204
9775
-1123858
-1739461
-542815
-308513
-232928
-2468952
1420645
-1073934
1187737
-1023865
1074121
225485
1274012
-1521452
1418112
777598
721789
1561021
-241291
1428696
-1147484
-792785
-444727
1835626
216525
2583860
-1763074
718101
610828
-1399828
-439969
-937688
-962218
-391101
-1791884
-1269228
250160
60059
974603
-863614
-563902
553978
-396572
-1497735
1063372
843647
841734
811702
808554
1223151
-2354748
-1240071
-566684
969049
1043252
1011017
457328
1534418
-1113305
-1133485
-547984
-1348710
-216631
455631
1238182
1089562
657423
-1404162
-1530426
726981
-133531
269100
-640621
852542
-39509
-444646
-1100953
200891
-1953448
-527121
-1269546
-77603
76231
-795398
-643250
-417886
-454085
-1069649
-348029
977902
29443
-717697
188777
329045
1188125
-713532
-32690
1112155
209101
-1045374
-183112
1057020
945858
-70045
-1396295
-848082
53660
2429140
-102568
-284673
734169
62527
-666201
-1428498
679838
1402066
-1634292
-171588
-160428
937210
247075
-85213
377
940310
-1024374
-2179939
89193
1558949
348726
288968
-953781
296805
936619
-61927
-434887
92375
-10752
-528613
218230
-1370522
307071
-211887
-159035
-1159446
895510
123559
380167
165675
216942
-318236
-583741
-1227299
-353556
1080139
16544
49471
950663
519961
779791
-2252131
-529505
177816
780484
486563
-15412
802987
413212
-1117924
-638656
-1364276
-653709
510406
69112
1426134
1077935
-83974
306930
-78502
-460100
323379
-1174316
1463337
673883
1852459
2203698
311223
-1475733
-1505650
-1203946
-184570
-533632
-114136
