#SpinCore Technologies, Inc.
#SF in MHz
#SW in Hz

[HEADER]
@CLASS=	RADIOPROCESSOR
@FIRMWARE= 3087
@SPINAPI= 20191127
@POINTS= 128
@SF= 21.670000
@SW= 127986.351562

[DATA]
6754394
-1297188
7002447
3138073
3739951
5153006
2266775
5173659
-115859
5087734
-2093179
2728612
-6152258
1914209
-4980995
-1625174
-3905049
-3612273
-1741280
-6200710
1766091
-3431277
3070510
-1836743
3103103
-3070915
3600104
-312973
4157901
2366615
2576174
4367098
-1838161
4033568
-3089770
2419798
-3232247
2057545
-2471679
-283128
-2675024
-263334
-1787466
-1542423
1289748
-2807206
625651
-2130275
2254131
-63269
2546036
-8676
2850129
1133195
565941
671964
174927
1311654
-871204
826387
59738
1353500
-1314787
101589
-1840192
228978
404294
-1532953
-277113
-1713302
358683
87842
-135072
-717729
229096
-946135
1698186
-1276639
-448715
-111396
1151186
2458024
-627676
-295550
374920
174104
56420
1053696
-928259
332741
121121
557272
-2123580
-120138
-299294
-521542
-95107
-941452
2013883
-108761
-1414838
-89613
177640
547772
1175648
711188
689648
-1373951
274888
349696
627234
862269
1223069
715835
-131518
1407612
114361
1326104
435696
-459410
-581714
-418953
-227576
-1018589
-278066
-383901
1832274
-985197
-159760
579097
-1149512
-773855
263541
-1602053
357643
-1500588
2102293
-150682
-521828
1815416
-1479111
-773507
-943738
-484098
275160
-584713
159137
695331
-1323772
242062
-1186279
449619
534082
-966535
924483
839310
-738960
922358
245355
-498616
-1124311
-760567
1524817
-489934
714710
796160
-111056
643996
-385370
-493208
832216
-460291
293389
403987
-823120
1618227
-595511
1778074
-95512
-401393
271199
-211472
1655475
1158503
-44313
601048
172819
-700262
-662404
-721107
702868
-1332516
824304
676084
-164024
653444
294194
156368
-152174
-1809573
1678554
692206
-172441
-914416
-469800
224796
-1107697
-307148
799009
-1890443
350787
-648267
-638302
652236
143538
1543972
537032
-927809
260692
-1630515
365119
1761042
812840
1039669
-1814505
-27606
-1706662
-212071
1201219
-56804
1689913
679312
-935441
556998
-1990053
483610
796544
-1431667
1400941
-1078950
-447972
1650477
-1624061
878885
600118
160646
532098
-1106929
106009
-107286
627321
2383400
-677837
-276387
-229774
-156927
