#SpinCore Technologies, Inc.
#SF in MHz
#SW in Hz

[HEADER]
@CLASS=	RADIOPROCESSOR
@FIRMWARE= 3087
@SPINAPI= 20191127
@POINTS= 128
@SF= 21.670000
@SW= 127986.351562

[DATA]
197412
-178798
1333670
469929
781092
1972047
650435
885877
-667699
-144371
-496495
695068
741304
2342689
-417319
1118307
-2060391
-1367613
-464348
-602055
-914079
-578
1167363
-75251
464029
-51986
610793
-1530390
223586
1169428
66753
1186548
-385439
1940780
18452
-548640
-1860545
1613013
-988599
162266
-222650
-314305
769641
-1030567
-280766
-279066
953110
-988446
1257435
101766
306234
736198
-292901
-860606
-12225
788428
-658217
395748
260194
539181
-258345
-768760
799201
1607073
-148641
1384453
394134
-234543
-449223
-1688280
222112
1412932
-1091417
-686920
147109
28209
-300496
-532544
549953
-365061
-356590
1786430
-296758
-635321
580525
-1214531
535488
508595
367673
898252
-287229
-502595
-486216
641474
1265787
474416
-327632
856725
-915832
135631
149937
-59905
-63170
-914629
152345
1885425
1435348
-165334
-618722
1554844
-263801
-308049
-641604
322526
1011047
400399
-38886
-656844
466915
-327674
-783613
-68163
838923
-305232
-864994
470166
1297544
636039
-477746
174948
923825
792250
-752862
1360042
1564882
78674
-866756
-229164
-679189
-598989
155913
-416456
1251515
1300326
167097
-68347
-224019
896181
-803610
-347764
1144849
689528
71990
237117
768618
-170409
-433901
-1626018
293216
-845244
-1707448
1248210
534551
-1566650
-682472
17013
818913
1324355
289877
1300101
530066
-415344
1203441
-1034355
248384
1879618
288060
170334
988121
-1579131
919201
-759329
-707495
-909547
-812822
971875
645779
-130377
241256
-619027
-989874
-921457
-945023
1657414
1525210
470069
1510123
-183937
232055
-139072
-231313
-55947
170278
1085297
607373
283769
60993
25081
-588672
1295028
503369
90980
16380
374644
-292789
721430
-1089438
-132746
692007
1500460
531349
2784435
709274
1014121
208054
-1108206
992098
-243254
-698902
1338640
-936420
605444
-167554
-904027
1217636
121769
-660259
-215972
-560483
905293
-923622
-219914
716381
-1505474
-891212
990275
-1053157
1163863
-544332
-824738
1885856
1173588
83037
-150797
-2136082
231012
