#SpinCore Technologies, Inc.
#SF in MHz
#SW in Hz

[HEADER]
@CLASS=	RADIOPROCESSOR
@FIRMWARE= 3087
@SPINAPI= 20191127
@POINTS= 128
@SF= 21.670000
@SW= 127986.351562

[DATA]
-2398640
240838
-2876893
-1909696
31844
-2110136
608329
-2551010
806492
-2321984
3160455
-1136080
2022186
1366828
2672639
1737984
1394111
1285154
-1497300
2393860
-2351310
703215
-1162425
-114980
-810618
-582462
-36346
-2961113
1237248
-2145043
71612
-1129110
1998662
-281314
1560627
1291988
2097798
2898217
1391269
866120
-1502804
-333780
-2548250
609572
-3275108
552549
52951
995064
-459528
-1556466
638424
-1903590
1440041
-2395439
-772381
-713542
945225
1573535
277776
1228766
1808760
2089392
-478794
-565988
-85069
-103910
-1068477
275201
-1870373
1064612
-699212
-474309
-252509
532576
1124655
-991269
532810
-2123955
932363
549133
-441719
606466
-1620279
790045
2037128
628997
293885
1537313
-52474
-759665
-746918
-307694
-1645897
266895
-481346
-788584
775649
-360006
226173
263026
-871984
-2767660
2225999
-782822
-773833
32605
-572057
1551193
1513609
721681
-362981
1598719
44583
-862496
-988599
-1231673
46607
947690
-1384029
-1024393
51292
305373
2177937
-87415
377860
522248
693091
-467148
-679963
1412
-510823
1396896
-560723
70702
99883
761348
742110
-2098258
-1020164
-618422
-419415
-1211826
-1404638
-1129973
488752
-14399
35114
470295
290381
284696
818576
-1805558
-870641
2040117
-753610
-1007144
-238185
668624
956349
1878652
665561
-281842
380705
-1699893
459284
144606
-600461
-136356
-1171573
1591774
253303
592392
-634081
635280
828184
-629174
-244816
-1107808
-1167847
-379676
-455380
-663189
90134
1148312
1015115
323912
138785
638326
-2595
126174
-280032
-513992
-987236
56585
-351543
624382
212632
905371
822058
-821217
406382
177026
-1098428
-1608074
467508
540857
622155
1641022
251793
323129
441236
-904801
504956
-305763
-852584
199494
-2117158
492394
-601268
493546
216175
-1053414
54841
264774
437314
198486
-149861
-148827
896375
283169
662232
285551
292460
22231
297917
-41386
-848589
-1089237
-513682
35839
18169
-976791
1098657
897511
262124
-191827
172251
-276716
469135
596912
1387796
67910
1289597
1162833
97180
-80092
