#SpinCore Technologies, Inc.
#SF in MHz
#SW in Hz

[HEADER]
@CLASS=	RADIOPROCESSOR
@FIRMWARE= 3087
@SPINAPI= 20191127
@POINTS= 128
@SF= 21.670000
@SW= 127986.351562

[DATA]
7744963
635778
6649633
1864764
1280271
3013368
714621
5158169
-1879989
3925293
-4150509
2859530
-5026635
-182821
-2579474
-2437818
-644157
-4054085
1126376
-3919954
2205367
-3738650
4297103
-954063
3956905
383365
4781168
5334931
2405487
4075323
430203
5001951
-3103707
1832737
-1558252
2535097
-3945609
-904982
-1301723
-1107056
-1279470
-2508703
1874813
-1636357
1637653
-938546
2180445
-733639
1451958
13087
310199
1984603
-129338
3368240
-1212730
2500003
-1159932
3500287
-2683138
1383053
-1047771
-646327
-1302723
645684
-1189533
-375186
-1190846
-159654
831159
-1836966
681456
1079754
-1540040
945008
-61007
255857
-245742
-1086799
-103296
1174532
-1674713
366930
-55989
245101
-284910
-1473692
560411
998757
-1539804
-1270426
42783
-901800
478422
-1248220
-493485
2031719
-502215
-1809665
-673806
-784722
661635
-1448252
-336872
2437731
-622146
-88703
-848327
-1093468
-450157
-1091002
195416
100935
-126691
-2184718
462330
71006
1083224
-1515649
-227611
564823
-545615
-1592292
598164
289786
1037830
-787090
-351334
-776570
-74228
-756189
702409
893915
1181391
298974
-725138
-1400270
1444903
-503152
1106310
-67406
1911421
-1472425
358411
-94930
1045658
-830796
-66087
633825
1065493
908859
232684
1097572
397181
-356591
612917
-1024458
193744
1442997
1163958
-95766
169396
21770
749606
-1612003
-203378
-523071
551176
988734
124445
-34429
1033491
-372332
791029
209126
28832
574908
366527
456481
1092489
243674
2326621
-367358
-290557
1294735
103888
-485086
1041964
1068089
1021815
387301
-343754
1233925
-1306612
-32044
653670
1475323
205069
-196931
-475309
1521064
-1706560
578172
488027
1664999
-409550
1542967
97453
459071
-1392237
40317
-816944
2268190
-253914
-596483
-1744675
208357
-1556971
828219
-2065462
-759921
509322
374616
-656118
581464
-1292182
-1629710
-2429562
-132934
-576895
732978
-548030
2370626
-1103731
-273762
-1130677
-1210867
-1048297
-393593
-384421
1619821
423297
-301510
-130743
-952394
-2316715
1582141
60755
1015694
-1224464
-282862
907301
-1751412
-2264183
1242692
-2336708
30828
