#SpinCore Technologies, Inc.
#SF in MHz
#SW in Hz

[HEADER]
@CLASS=	RADIOPROCESSOR
@FIRMWARE= 3087
@SPINAPI= 20191127
@POINTS= 128
@SF= 21.670000
@SW= 127986.351562

[DATA]
632096
526395
-1013613
-853235
515297
-892010
-509110
304082
-1330808
760348
-2089647
1301681
84411
-118509
193017
435145
-1008992
253834
125050
-1627741
1160541
780198
201873
320390
-970558
-437815
183601
1188286
-766611
2419233
-1136692
240354
-299575
-2387642
597293
-1891269
-1283798
962379
-1746560
-1423972
2281324
-2205349
1134017
-406425
895914
-129064
-824660
-1520301
1520994
1112864
145730
943800
297030
-577378
370175
-1630042
266751
3003137
130124
919828
-187122
-145629
1052298
-1285781
130257
583784
-609723
328791
-495113
-556388
2939786
-616590
-1843573
-21912
-108344
-165665
85463
229604
-99857
11567
-1533537
376384
1080554
-982120
16114
373686
-1022234
1666827
409149
-1392591
562749
-53110
248813
-384387
-998503
-357394
367775
-871529
296508
950133
-167797
1286834
-537713
-2049515
345450
670908
128009
2091789
83999
1013202
932892
-1077915
16731
330906
503324
888892
838395
216288
914182
-923451
468000
-217891
-2000945
-926101
197340
-287673
1684358
-718658
934442
263029
-1790951
-1754991
152859
-1910112
2189848
64359
-713437
1771403
-401245
-1729467
404745
430986
257175
-648710
-436975
1109857
1861804
-765222
956722
2049702
337588
1150430
-701648
-314822
1343446
570287
-507715
447629
524425
-191577
363329
527101
554658
737086
-275467
912845
-576046
-585199
-39062
467089
-645077
555584
-881237
1233425
-778808
-1004054
-106307
121659
-258164
-478693
875297
-1076054
-1127866
-479961
-202931
1075992
-1900810
43302
295493
372313
-724952
-692140
-255484
373790
590310
1050800
934921
370451
1286578
811568
-1833843
1179686
198748
823252
-726036
141407
224099
1160170
-770101
-68117
-655754
675704
-394095
9225
-440078
41767
188000
-443240
259622
-391732
-645603
-308018
-142636
1032374
-790080
96089
939983
236421
-1436093
-31211
696089
160052
-657284
101374
449272
-65562
443125
-74289
-893898
8889
-142429
-292693
367314
686992
93266
-929655
470339
-669908
-313822
-554687
-703294
148871
326247
683276
1090540
-341116
