#SpinCore Technologies, Inc.
#SF in MHz
#SW in Hz

[HEADER]
@CLASS=	RADIOPROCESSOR
@FIRMWARE= 3087
@SPINAPI= 20191127
@POINTS= 128
@SF= 21.670000
@SW= 127986.351562

[DATA]
3615206
8261
2515429
154368
1049180
3529464
-1251617
3090795
-2752860
2011405
-2749975
-166204
-2851601
431801
-2149961
-2377102
-306152
-3595619
681025
-2579478
1554586
-1926822
2116961
-2044376
2742510
-580357
1585206
868381
270338
3176359
568692
2438075
-683542
1832512
-3662123
-485924
-1456594
-1845928
-505658
-42665
176849
-548118
448588
-1336065
651615
-1748387
2540617
-280541
158832
2594623
411936
1227754
195762
1146827
-428565
1104971
-1145000
-23340
-1403380
583430
-1369045
-842371
-413361
-139461
-456764
-1171135
-503047
-65874
1204004
-524721
92878
1103824
946624
608773
560073
-586533
1226510
631890
-2274647
673707
-619930
-849046
433551
-513643
-343712
572576
-1090954
-1339520
129530
-786359
704459
1135700
97500
83901
974630
-1217634
625040
-379195
248907
1396343
737398
-549197
1013753
877404
128756
1067061
94597
991038
1373803
935655
-1283910
499010
991122
-226329
-174310
964041
-1267543
-189025
-582008
-1309695
1725037
973470
-255586
918435
-1040013
-952535
1158614
-1241065
310238
752769
-624566
106967
-1100121
-750720
1303725
-25603
-64163
862695
68228
-221335
611541
401032
698321
1585424
-153063
-1110615
-1215766
-432383
-107503
86178
-532238
2049998
227135
-620929
716761
-439715
-882919
1889010
-1249498
-155061
528293
-930908
751013
510133
-1793766
-712218
-1182936
-1264809
247067
943307
1157667
1094430
-1433149
-2119537
474600
-1040540
41409
197258
-314254
-814950
-628286
-1899327
25668
-192170
-885985
1795657
355633
731999
703273
-297000
716472
182449
-949820
-677179
-341517
-867590
146219
500078
-778684
1840886
-547659
-958819
610809
-328865
-408144
-232439
-351691
198469
-132242
893714
1138896
-561833
347992
119945
715893
-2528967
-586811
607960
83623
-229676
483994
1056529
119095
-790230
644628
-280389
930615
601183
512511
137275
286308
-471739
399920
901618
224115
469876
784750
102986
699745
-748220
1490981
630301
-989660
324552
433579
132904
1155885
-337251
1112613
898206
-1327122
-830768
-313100
1949562
1364007
1334541
