#SpinCore Technologies, Inc.
#SF in MHz
#SW in Hz

[HEADER]
@CLASS=	RADIOPROCESSOR
@FIRMWARE= 3087
@SPINAPI= 20191127
@POINTS= 128
@SF= 21.670000
@SW= 127986.351562

[DATA]
236661
1178107
429387
-705474
2550708
989116
-529684
1017521
-1254372
2191659
-731050
-539741
-39562
731774
-728883
308536
-2078414
-282988
-173061
-1182630
50155
-250069
518605
465260
-219002
-681818
287665
154156
13705
257989
-456421
2008291
528097
-585280
-1378686
332032
-778745
88547
-1040863
-486020
420061
169879
-374820
-583875
387197
-362973
-222861
-914949
43393
9185
-586802
912248
-742098
-672731
-372349
-1010495
-341132
954004
-1453967
680964
-256201
383885
-28221
-1751214
-1187850
-126684
354601
-258770
1342919
25359
166256
3724
91785
978691
-313649
-458853
1128523
-712302
1007223
876080
-363570
-241553
292060
-1967017
336234
298291
247160
923254
201026
429172
986343
-886570
-564769
277957
-499062
-119840
695025
78219
844449
-31634
-186557
432147
317189
35383
245133
653535
-457367
-59047
-21577
-311043
-611880
427155
-256200
-189459
-559280
793893
-212000
260213
637580
1526516
-1264754
-170604
-1209688
-48976
180680
781542
-337344
-658319
136565
-1737555
-68787
474173
1317317
134239
-1292950
-81404
-369281
348247
415756
1049860
1122121
2017467
-966976
-1786954
-874185
-1127598
-1376577
105783
978263
58121
1320537
-527235
-1237979
-557640
-1690446
-640978
557094
-379063
590108
49616
-384601
-1378982
-164940
-708731
353633
60200
126658
-349886
-869695
-184904
926489
-870321
-160501
28644
-799305
-1397715
93325
-571754
881170
403885
339016
75887
973621
-600155
902829
1337362
1124395
-547663
149174
763427
-79869
1106027
680297
488447
307019
-113085
121658
104429
636574
232308
-415048
2210566
769171
59225
-679454
-149087
-661803
-1287579
-1505176
-458432
729969
703420
225137
229639
-64025
-1063340
-1168018
-893272
417298
1005471
-1456062
-1152316
522628
58704
-688584
62391
1061459
988504
-584379
-1183500
87417
321702
170158
-1430658
-780608
-548328
264566
-348586
-138823
-356488
412934
-1112539
-747283
-1112521
-641196
-1092798
249222
695497
2681578
130159
1085392
-115772
848329
497524
-836948
379685
