#SpinCore Technologies, Inc.
#SF in MHz
#SW in Hz

[HEADER]
@CLASS=	RADIOPROCESSOR
@FIRMWARE= 3087
@SPINAPI= 20191127
@POINTS= 128
@SF= 21.670000
@SW= 127986.351562

[DATA]
7005057
201446
5969097
3426597
1920438
5151525
1101640
4583540
-928820
4764578
-4260431
3976860
-4042316
464732
-4434140
-3666007
-1554945
-3427694
791487
-4032278
2277013
-4124688
2550063
-2669356
5025665
725135
2636475
1491274
2284380
3038784
-1714127
3708512
-1519870
2985885
-2146114
409007
-3360533
-740509
-4984712
-1167526
-528880
-2742177
-1000763
-3401511
529746
-1281414
526974
-216765
1337528
1021556
1987180
3908205
-287084
525475
-126432
3598221
-955539
2035763
-1201514
1286346
-1987378
1571729
327068
-495098
319256
-384745
851577
-200044
1083329
-1115966
670251
-1000954
2567634
708165
1264325
-177162
682383
1276953
-194343
1204653
387426
-1511480
91033
944235
-26193
-865646
-576229
-1018782
-1774356
-1707325
-34124
-498674
-1263413
-2698840
-80233
-546458
-216976
-1903533
416582
599655
-877032
-675730
643815
-1475910
-3121933
-436353
1081902
-59856
-2035688
1104727
-1609175
872583
-1645049
-147492
-1212595
-449846
142364
1549506
-788852
-515274
-520542
611979
303478
-326927
1174541
-429123
-1253862
271954
1140388
1464317
-1111545
-986579
810017
-38769
70224
987684
483508
-998365
-875180
436903
98354
-794582
-799385
-22712
-1252930
-1178170
531325
456731
-1197693
-1307112
-424582
-573959
-863767
-1703577
217204
700624
-410304
-831017
141715
-858906
-1451575
437989
1482245
234128
-1467485
719456
-482460
-202088
601379
1194987
-1215612
-339919
1321370
1507685
-576288
546795
-48677
995214
-61363
1190860
-256475
-190378
-1624620
480776
-179365
-596706
-1430985
897811
922874
1075661
-439780
-252056
-235527
124768
-457452
891617
1137659
-724765
895351
806935
489272
-111485
752920
-215420
-246138
-655431
1641532
-670564
-563368
658447
-563116
594094
-1001551
1066893
263023
-1015156
120900
2288359
450617
-1328743
-1109368
1115206
-731584
-595714
272634
99715
-1317828
-590131
1238231
2378018
285783
-65731
-573328
-740286
954324
-715911
223795
-236318
-188085
975767
702492
-1335458
-255768
-1255824
1640932
-74109
1200007
-243051
-610594
-672577
387296
-540470
-71657
-930987
843868
2090376
