#SpinCore Technologies, Inc.
#SF in MHz
#SW in Hz

[HEADER]
@CLASS=	RADIOPROCESSOR
@FIRMWARE= 3087
@SPINAPI= 20191127
@POINTS= 128
@SF= 21.670000
@SW= 127986.351562

[DATA]
3917638
-1144604
3731422
1352669
1205103
2151226
2227974
2754162
-698475
2680463
-1762197
3373729
-4701710
1032737
-3238681
-1264315
-2852841
-1574823
-1830678
-1502373
-1478701
-3807884
734946
-3575157
2142925
-1373916
2215365
-879054
2363772
-722468
1311702
428033
508477
2151265
-550629
2270127
-1481916
213656
-1725939
-855333
-2276529
-442810
-1440528
-1435984
-261302
-2909808
-451731
-3349691
904501
-906922
1497628
-313683
1293825
-1259795
1416097
-460723
1238463
2213545
35042
896833
-45718
323067
614376
732168
-1586907
200516
764513
597082
-264186
-605117
-589113
35177
2004770
-1802254
1264763
-721690
-620170
-543564
-101897
-1376222
152849
205585
926643
1149091
171650
995527
-304085
233152
53933
820315
-114724
707049
855965
747768
-229068
-307821
549761
143786
-1136254
-245579
-613777
447651
-1148282
-1683728
1624788
944047
102610
274910
877607
596812
-169448
929031
-172042
1177498
-588091
1369102
-918302
-1258867
109958
509338
-547205
-43930
-131895
1489232
-327577
175384
-906968
539493
-76450
-1085207
-1571088
31207
-516519
-2278582
975717
789066
-560420
-283399
-1267872
-850575
264692
-903978
749347
444538
-244065
437751
1025597
-1739205
-434255
-830391
-809688
748066
404501
-437223
1525596
-1640610
-806180
-927031
-801605
750401
324752
472885
2234110
-707620
-398062
-1677910
-443329
289452
-442092
748245
1404310
-748123
768643
-683677
-459507
-883938
-1920548
300851
2043246
1213141
1680801
-324566
-914199
-249963
-1568034
-444155
693915
535978
1919522
264646
802627
182560
-619770
-582334
568157
-233674
185749
1657101
987821
1005527
-166710
-599406
-551564
-695213
844392
557607
147794
2281350
-1022494
-2488742
45757
-1682888
-940248
1245414
152332
1558871
2079173
-1214760
-226794
125784
-1219767
264040
84578
1087519
2988355
-1126179
1339318
430157
-2173353
-17834
-920270
1122805
2482359
226598
788174
1647532
-1164708
-701272
-1863597
-340033
2293560
284561
306720
1741601
-893617
-2489135
-2266487
-2010420
2099623
912949
-585203
1667033
916985
-1242015
-588988
-1004073
