#SpinCore Technologies, Inc.
#SF in MHz
#SW in Hz

[HEADER]
@CLASS=	RADIOPROCESSOR
@FIRMWARE= 3087
@SPINAPI= 20191127
@POINTS= 128
@SF= 21.670000
@SW= 127986.351562

[DATA]
-6065941
2022913
-6421528
-3194113
-3099721
-2920021
-831650
-3588247
538892
-5555340
1723575
-4420235
4401167
-1037133
4877020
242135
2609135
2723489
-44809
3510470
-1259242
4673184
-1408336
2494318
-3760808
951955
-3843566
-1955991
-2225810
-1145852
-1306148
-3403783
404131
-2469632
1257300
-3362117
2584848
365431
1693359
-69295
2812907
1455460
1347976
1573793
-288741
2315891
-2408284
2414149
-862755
450611
-999226
-1118893
-1442863
-101260
-687021
-1506184
369198
-1518565
1237608
-2368043
933877
1044035
807234
583309
1974977
-396294
904082
-394828
-21041
529142
-362934
894211
305687
399515
-152800
-857356
-1163458
16275
-743593
625
-573983
-1138142
12820
-814319
-326587
325533
-1006784
1096715
599685
-499299
1337746
-1305224
1085218
-789067
-449007
-255630
689144
855518
2023808
565923
1485299
-349491
-366875
2182879
152066
376107
207862
-1270540
-77196
-667042
-1311954
717213
-994121
281921
-309670
-1713707
-340093
-271505
99120
330984
883962
-173040
595096
-1848564
574227
-602345
-878090
989841
915287
552049
-347936
85731
-10733
18369
-601898
1339259
539349
451117
1308841
971385
151848
-1159296
-233464
658775
1548496
-769937
1260580
-209067
492171
-930943
-248429
278001
507545
17232
447191
439992
-1203068
-308372
-1016353
900975
452276
-42645
1203483
-402511
-163761
285482
33963
773949
1383979
-216972
790364
-225461
1724049
-373908
180662
1000804
1118326
-1453525
-10559
705687
1331975
1136990
313157
1258260
752990
34616
736685
1882208
539763
-91332
154524
989793
-330770
-429155
495343
1333919
361067
-1151786
627742
-432188
573134
-664283
819173
1838469
-551297
511734
-1191571
112121
-843869
36428
478743
-735914
-351735
-277291
106064
-696367
720548
959553
807707
617052
715540
904332
-928772
-1151768
522185
212029
-434467
-56563
685029
-384275
679398
315440
-1089985
-489660
865180
300481
22583
650152
-1041224
415908
-1227870
620779
1517678
394257
311071
-463117
-242087
697343
72162
541544
512454
51436
-297172
2114822
377921
702934
