#SpinCore Technologies, Inc.
#SF in MHz
#SW in Hz

[HEADER]
@CLASS=	RADIOPROCESSOR
@FIRMWARE= 3087
@SPINAPI= 20191127
@POINTS= 128
@SF= 21.670000
@SW= 127986.351562

[DATA]
18096967
-1828225
16488331
6631514
10582054
14943229
2167616
17192514
-6991166
15680334
-13651403
9993821
-16764853
870445
-14421456
-6620110
-8950703
-13010225
-939920
-15092449
6864084
-12860204
11428924
-6451748
13669527
-1430860
11686420
6523113
6860911
10307943
-37960
12038354
-4177091
9827029
-9635211
6459048
-10592552
-247381
-9171206
-4762101
-5290319
-6715715
-832719
-8879938
4075723
-7093190
6823840
-4604032
6880907
-836275
6345142
1613072
4102345
5621468
854555
6618198
-1798428
4521616
-3911700
3249001
-5084417
773298
-4506085
-1051749
-1791445
-2738840
-1321273
-3120060
1122958
-3593419
2117612
-3012792
2310539
-1070318
2291108
-814787
2960020
688936
1660549
1359788
-163810
2003154
423966
1116387
-595966
1637891
-1612977
1019639
-1738833
20562
-792453
-27709
-1372354
-559304
-514578
-1382948
256818
-1691917
548266
-528381
1227438
-1029931
1509350
-758135
690206
435907
713710
267251
354749
1305982
-320104
1128819
-163947
-77295
-779297
-816722
-686275
-242930
-1130173
574496
-356836
-1339198
722892
-1176832
489857
244689
-469416
-534734
1057328
-187781
950602
861953
-263945
1260937
834028
465235
415063
245583
-1565480
281764
-1461723
-1026408
281180
-299942
17470
153770
279361
-995739
1083882
-759129
278574
-85530
762204
-299275
1596607
323659
532870
856913
-108359
-252466
-85068
-112160
-487190
548152
-474972
722360
-121120
-1093778
-30642
-449062
-667401
454357
-18996
-664030
244707
-651524
-127968
304162
1334328
-685984
610525
51815
658720
822351
-651566
-449136
986836
395851
249869
701911
-785066
588913
58518
-445889
-276257
214410
-439926
-37487
208802
-817930
1037427
-268775
468425
-514016
-420218
-298087
1133163
-317162
509684
794193
488989
116392
31980
-141602
646477
179763
-406930
-90634
439268
577389
-37475
585797
-743678
-299923
-637106
-159623
-47000
599238
-944369
188075
-746392
-716571
1437316
198763
-165219
164285
368521
-357679
690151
-74370
-120229
482135
15358
-1812
1084151
257325
-88462
616516
-170678
3565
-384921
-234745
151641
843011
-207089
-1002354
