#SpinCore Technologies, Inc.
#SF in MHz
#SW in Hz

[HEADER]
@CLASS=	RADIOPROCESSOR
@FIRMWARE= 3087
@SPINAPI= 20191127
@POINTS= 128
@SF= 21.670000
@SW= 127986.351562

[DATA]
4720502
233474
5484425
2816122
2661850
4803224
1010541
6727036
-3190216
4332593
-6028018
1868802
-5308849
604429
-5956654
-1032614
-2989568
-3985345
-191783
-6322476
2577494
-5196045
4177041
-3931591
4819112
-940710
5396801
4041189
3225445
3080449
1966384
4945233
-1471290
4127707
-4349506
2157425
-2716086
250058
-4466005
170010
-1975324
-2230427
-1653340
-4654446
1348919
-3488873
1093514
-1516719
3468134
-269875
3878136
285560
763471
594968
1683503
247489
-446960
2284439
21184
4188534
-2029681
783681
-328222
452116
-2062236
-479778
-3169746
-1149957
-948251
-1067180
-803537
436176
641301
-1246295
2212924
-940593
-1117236
-1153138
-526974
371101
316759
1289766
1067943
1357637
1805742
9789
553434
-643711
162507
670905
-2777105
626724
-747393
845807
1090440
-16313
1050643
739288
-1198227
-2483772
685568
-912701
-44264
401431
-58134
-128604
1591522
-1466365
165700
570719
-443070
-884999
229064
-771767
230508
819136
-925329
738524
542611
-936341
-416238
1333650
-162509
147031
-616051
-928038
841592
-24651
-838020
572221
-437178
-241925
748271
262736
452121
1299750
65343
-1202985
552440
319459
-504542
207813
-131507
173745
853154
-1219495
-28095
947427
-2346777
284554
-2197493
-673318
244188
2398
529785
506065
-1142637
-477245
1089268
-1305898
-829834
1123046
-1052447
317025
245048
-498902
1053738
582709
-2304496
-731038
-299861
-1161099
846474
-121775
-1191203
371262
620442
-496836
551231
638275
-346026
-217178
294002
627599
-1312848
-124666
-1069331
1911645
-84420
-671781
990309
1122567
501687
422656
-835782
-195121
280641
-1526234
-697772
-391199
1747132
1334930
-1464267
-1075923
1103319
-1311652
-1450630
-811787
109129
-250117
-197424
-24405
-122560
901097
576862
-441007
146918
-61446
-1268831
-99026
-388792
354202
-1395537
1127088
472379
772054
287058
194998
229465
-2003161
-829213
-741669
-236846
994307
-506755
696762
2409249
476658
748242
-295768
1069125
381003
-708288
-523476
297572
1783142
299574
7774
-127240
-676626
1095666
-1770337
-1127842
281627
-896478
212302
