#SpinCore Technologies, Inc.
#SF in MHz
#SW in Hz

[HEADER]
@CLASS=	RADIOPROCESSOR
@FIRMWARE= 3087
@SPINAPI= 20191127
@POINTS= 128
@SF= 21.670000
@SW= 127986.351562

[DATA]
16060486
-1259248
14590085
8864174
7915903
13601015
-676751
17329843
-9225430
12609459
-14830923
6826739
-15483596
-2572838
-11181400
-8676939
-5013394
-13582516
2540526
-12932528
8521318
-10853935
11385052
-3599298
11511914
2560858
7058826
8746264
2957829
10911757
-3646603
10079683
-7911496
6188218
-11577765
1872523
-7885762
-3242437
-5967935
-7151447
-1047664
-8810921
2794615
-7610146
6473999
-4315257
7156030
-986451
6022886
1761174
2964016
5055833
650377
6273340
-1985775
5099833
-3826292
3254471
-4235776
-64401
-4619561
-1608502
-1747158
-2462936
7967
-3304055
1095651
-3414165
2032266
-1191974
2634785
-1101708
2893133
1211177
2590072
1708248
195343
1749128
-483362
2054538
-92706
1547339
-1087826
809566
-1443847
351517
-1171459
-1038306
-972704
-1517008
113920
-1173191
-325112
-1062773
680193
-638310
2593574
-425576
1315107
-795867
1141982
858919
595874
1706088
710593
885811
-329128
1932784
-828493
414446
-2206928
452737
-80147
491683
-917453
-89271
-466537
-1095170
-357091
-1327539
1017144
-417859
430708
-62077
1308127
398444
-28297
-801152
568087
2335261
-250407
1206700
302344
367
-441680
-186556
-1240330
146912
-1369744
590763
-71155
-666207
903878
-1892865
-588123
649959
-79150
-110960
1308912
-30874
989831
-293586
319783
-179543
-411331
-64719
-142494
1666155
305079
94082
-850956
-130954
-420030
-167525
-470269
20160
-376035
49385
-29754
-437847
596467
-829456
-573820
395276
863786
-355169
542258
-774119
230250
321108
-108527
226106
-578849
-156874
-16498
590255
-151655
-929114
-1007929
212947
-330527
250735
-516755
317615
6584
-1291142
295538
66086
-824839
25062
-31901
481975
-108968
-769452
-592765
269654
-159023
252894
-827631
244410
-107300
-558371
181413
-169022
-268255
-774792
-1022857
-383999
1053066
751927
52602
-616150
38698
-1046902
-174248
-527418
-132669
167347
127869
-62657
-159988
-807652
-699998
-117711
558573
639393
-445287
-575365
334361
87113
197421
-647672
309723
32862
354513
609127
-544269
3706
61858
-167333
51132
1162022
1252416
438053
-220646
467613
