#SpinCore Technologies, Inc.
#SF in MHz
#SW in Hz

[HEADER]
@CLASS=	RADIOPROCESSOR
@FIRMWARE= 3087
@SPINAPI= 20191127
@POINTS= 128
@SF= 21.670000
@SW= 127986.351562

[DATA]
-5827896
184844
-3649085
-1600073
-2728793
-4351820
-1006431
-3004845
571966
-2952550
4769343
-599765
5740253
-879423
2806795
2124397
1863632
2664310
-1260153
4193484
-763130
3709204
-4977960
2022945
-5128983
-1882033
-2591946
-1495190
-2244493
-2914491
-1118864
-1893867
1625886
-3197991
2296004
-1140125
3376824
1199357
1019338
-71136
721179
995005
-737941
2572488
-701184
650263
-2552347
338542
-1182318
505758
-878973
-2798099
-337879
-2584372
-177634
-2455275
888648
-2160000
1881716
-1218599
1130804
-1076592
556529
83817
2012458
-51468
553154
631375
-404382
702810
610414
215499
760183
180363
-324440
350627
-293198
-1093687
510157
-1008010
543554
-1209250
-114083
-827384
2027702
-53743
502857
-150239
2062893
312701
333105
158927
115121
887408
-149159
441959
655672
1647169
-661593
723094
-1222515
1027611
492981
1169942
351772
1015816
-1121499
-309486
-365176
4109
803243
295762
1430995
556378
-36263
-475062
-330174
-29784
-682745
1762104
887577
83452
-392525
1016542
207335
431277
-941833
243432
-203416
-222403
-464564
165989
1497635
1721456
-251386
-316227
-311383
-1048986
188789
728351
725225
370170
454964
-806839
354618
-476369
-638810
-229712
648142
297478
676002
519855
-1058496
674154
-344887
615204
-253439
-507490
-131196
124292
-638076
-249435
-1560516
-149843
-801683
1358265
666116
372974
-1753423
-147452
-756875
-1140222
49888
783658
782481
891255
665759
530094
-1020750
1331508
-1129648
1071657
-368355
453604
520402
-255952
-136112
-1065565
-2373604
50902
-291140
1677214
184930
-1205144
-1101518
-1289152
-647088
1204763
-975922
-113228
-240904
199759
-796450
-444164
432294
237768
-394075
-315464
809606
-514629
567876
-1053223
934414
238187
967407
716081
54166
43385
621723
-1001654
1082075
-437217
-287718
476642
1343494
37026
473396
202535
-831951
970463
-273122
285065
392828
321644
700691
167484
78669
-534884
-342743
-1329981
607258
-343272
1325499
1605407
-715302
-223841
-950781
-293332
651754
207657
-428590
988266
368797
396997
-788024
-342832
