#SpinCore Technologies, Inc.
#SF in MHz
#SW in Hz

[HEADER]
@CLASS=	RADIOPROCESSOR
@FIRMWARE= 3087
@SPINAPI= 20191127
@POINTS= 128
@SF= 21.670000
@SW= 127986.351562

[DATA]
5220171
-29625
7226513
2870805
2954580
5183805
488850
6842558
-4036734
5237260
-4951196
3369305
-5382931
142143
-5574666
-3623495
-3513174
-5634485
971888
-4077392
3769986
-4373689
6227675
-1502864
4348961
-285665
3070611
3351945
2213383
4791648
1046372
6250890
-1261975
4217905
-4777567
2185947
-4654534
249529
-3254356
-817541
-1453800
-2067201
73788
-2707956
691978
-2346200
2273182
-1730762
3715684
794893
1193972
1533187
196085
1864699
-726339
573227
-836616
1207663
-1580026
648717
-774406
-1452511
-2016433
-1356418
-1170860
-1406852
338996
-814440
1668740
-793521
631822
-1285852
-62425
-963819
1436809
-245594
1939200
1979646
425419
1632626
-73640
628544
444031
335398
-1774072
1481617
-384682
121642
17414
256627
1149016
681555
-2169484
968562
374784
139578
-1262270
-864644
1024468
-708870
-861971
136794
-814671
-458551
318479
985816
478715
-630514
-1075473
-708638
-601208
-783283
257994
-1021862
-429658
509644
20105
-1178114
604699
-1342341
-82578
-883953
443674
127521
322655
-874020
760189
-213979
1303259
405513
1030576
912009
329487
-9218
1204882
20342
89726
424241
-1514206
-1009644
139046
1488827
619904
833209
-1661765
649154
-547197
-1396913
-331882
1158166
841622
1199356
207446
-111776
-858086
-472287
-343425
478236
-39565
-400536
1530074
252627
-136
-358578
429286
1239618
-1332228
-1808468
499883
276115
828378
90737
989945
886355
-387654
-756504
1542488
-155604
426496
363049
494240
599604
367581
-1798748
-88006
1691891
645009
905216
243187
169453
1176706
535118
-1245792
1433514
-138849
-381223
242263
684234
706628
255069
-1552462
-114922
-134092
-560041
251569
815974
1365240
642981
-2138851
1752257
-746958
-265652
452403
-53849
-1417402
356349
-565901
-480308
155966
-47155
571159
-201674
-429780
328702
-35282
-421834
1084410
-1705217
412629
355863
-631892
-1435862
-450313
-223241
189558
-381646
-647591
519525
-276612
-360642
1288047
631442
-465814
780038
-295937
740179
1154875
16255
876548
271870
-769812
1052694
-753344
-1248344
-844637
254510
