#SpinCore Technologies, Inc.
#SF in MHz
#SW in Hz

[HEADER]
@CLASS=	RADIOPROCESSOR
@FIRMWARE= 3087
@SPINAPI= 20191127
@POINTS= 128
@SF= 21.670000
@SW= 127986.351562

[DATA]
6892609
-205001
4655138
3360877
1494044
5116917
-1886915
6297539
-3753922
3888602
-4856799
2587050
-5029187
-1044262
-4622003
-4568595
-1639600
-3654112
-312798
-3370734
4031167
-3534602
5200759
69515
3487394
1070789
2245577
2534561
1080523
2834364
-1626719
3425523
-2499365
787897
-4259558
561713
-2487849
-1512876
181920
-4549413
733086
-1585210
2019469
-1395781
2263887
-1510916
2665327
1800052
892953
1451093
918701
1933857
989688
2128674
-2295731
322805
-1724856
-97013
-1897740
814230
-1635576
1569537
-201919
-1127872
1209231
346402
579876
-1499500
-1104648
-1700399
130228
345312
-642215
-1066664
-67409
1298130
1198920
822209
-195212
169159
-194472
-305673
-670088
-51132
-1923232
1982522
1128878
699103
785715
1059594
-630482
-1784936
201366
-1945269
-895286
585001
-916868
55372
2162872
1335002
1403339
1840348
767000
-1377407
1296252
276323
-2956591
1273494
-717641
-328719
380620
464282
-551829
673455
-765659
-1918339
1355746
901655
-213057
-1128634
-899641
-172818
-20760
1277554
465314
1198394
2323246
-4041
133210
-837176
49290
1893
-908870
-1076610
-176222
-420649
-461588
218773
241042
-922143
1199089
-524291
230397
-2362823
-180437
-71892
-908532
-325620
40441
2066647
2184803
1099739
1358436
903147
848696
-874108
-24897
-916436
-1188476
852394
-161502
837691
1383969
760631
1909316
1222114
-146491
-1678124
-297288
-2046045
956144
249546
-313138
1606755
426529
646958
2499818
753858
846827
-1195573
830507
-1215345
-1327735
225896
-1499626
-328474
5477
1149100
1288197
409140
1032861
-722101
-107871
-2112572
244321
-792952
-1174867
1223263
-585557
1137345
825627
851354
773930
1070553
-1054824
-627598
-428610
-487524
-1774610
879686
-521651
-46996
1472647
966306
-892555
1057098
1036407
177373
30796
35462
-240874
-1606210
656249
-65564
-1435759
1110188
48741
-231976
672949
407880
1082202
1737382
-12244
-867333
-704362
-177681
-1814517
1132547
293654
79412
879794
512233
829675
606997
40029
-294078
1114809
-1054718
-1368133
728691
-432516
877051
-763332
-275631
548315
1924697
