#SpinCore Technologies, Inc.
#SF in MHz
#SW in Hz

[HEADER]
@CLASS=	RADIOPROCESSOR
@FIRMWARE= 3087
@SPINAPI= 20191127
@POINTS= 128
@SF= 21.670000
@SW= 127986.351562

[DATA]
-4262199
1335143
-1757961
-1898090
-1825884
-4171593
607158
-5119373
3177986
-1807540
2900693
-887806
3919895
1526700
3972240
1515543
207248
4264503
-1749767
1915485
-3021091
3312772
-2110261
-770271
-3439443
-1604868
-2325427
-3771520
-570941
-3680952
2925410
-2695331
2076368
106777
3949368
307810
1771635
1480927
3904882
3611025
-1413100
3196637
-1748793
3171025
-1288351
241177
-2708673
907526
-2425445
-2744189
-873812
-1300588
903725
-300764
-616426
-686665
1205406
-491800
702232
-1221364
556142
1342044
692032
-50610
1814385
1047635
253852
248158
-2262883
280416
-259081
-60561
-81981
805118
66441
-1722737
-23452
-2012258
1649300
771160
-730610
-397497
1325535
-966216
1573130
1471319
667152
695517
-939135
1103122
1085754
789302
520192
2328537
-848797
-382955
-392303
-2069960
-84448
970354
-1790051
97823
854742
-1747741
-702684
232550
345683
740162
45388
-268598
1857949
-260252
455127
204055
-104720
1678540
-1095080
-471129
492949
225294
1230995
731011
-424550
-96665
-228805
-517602
-1322367
-391195
-319998
792070
1100167
-271731
-637726
-485868
-601009
-487112
356
546769
332310
-18144
507778
548630
-720071
794501
638134
-70739
356246
558890
1541192
730576
842917
852453
921611
298563
-775217
111698
-997206
2213233
832214
1643823
563511
1223191
583841
608861
-2432034
-104443
-1329322
512067
-777893
1048942
240912
-366745
133644
-2499655
-1404311
-582831
-1553394
103340
-1803305
-692
2166925
-1232525
-1123161
-439652
79928
-1024948
-1033417
-1035914
808767
732025
252643
550020
1540385
-149715
1237292
-1863225
-342791
1599614
-1153488
364723
721748
2006347
2024597
392742
-847051
-713212
111654
600825
-2680723
461123
-166256
1605302
325100
-1776182
-1015494
-1663315
-1647478
-597331
-1795071
922220
1943049
93581
-100965
-1051342
730901
-893737
27130
-77102
-236936
2311501
307242
-707309
1010334
986174
338877
26608
-1393910
644982
-866876
-1096143
-640812
418649
184609
393832
-644261
-522235
148386
-625279
-1155299
-264950
-925848
-328058
1037722
-637517
587792
-342158
