#SpinCore Technologies, Inc.
#SF in MHz
#SW in Hz

[HEADER]
@CLASS=	RADIOPROCESSOR
@FIRMWARE= 3087
@SPINAPI= 20191127
@POINTS= 128
@SF= 21.670000
@SW= 127986.351562

[DATA]
470950
1705161
619633
-257391
930113
436002
-629902
807201
-940602
855400
51827
847054
-154486
78278
-1361808
-1614895
-1837879
-223642
624046
125037
-117019
-734263
241104
-1667576
102298
-422996
947768
-737595
552758
1074605
1240631
572754
-397383
464775
1982687
538528
-110282
810010
-402510
-266753
-1253387
-1224660
-493241
51263
952596
153556
906219
-1053106
287770
-1529938
49363
1219518
1174072
1231635
819449
-92031
-210548
-1326649
105208
-259585
-163520
743370
-333880
-1388768
1521691
274429
-812226
-752038
-768263
546944
1196130
-149726
134439
74869
-493162
472520
36038
-285062
433756
846699
1276062
-799521
563536
-307500
-898590
683060
-523574
-883850
-898399
1080978
-92629
-463713
-1168937
-1087468
447298
-368161
364825
725880
155748
-1228343
-665723
-30079
444208
1047299
738326
1126866
485618
-201830
-443646
-595538
-409233
498149
143580
2049841
844544
-446043
-395309
-1229601
391103
65778
261908
1298311
-279158
-130622
135724
-554978
-534933
205051
-1981242
1821962
1243942
-1163014
-183115
-924553
1030239
314145
-2062032
508587
-177077
1066663
647959
-941742
1760379
-550793
-1369433
1707682
1240207
1239787
1757550
1742343
332554
-143928
-1624778
1625002
-637512
-7619
1450018
1299631
-978463
560388
-2820552
1255425
272634
1409809
-200486
-411616
738608
259233
-1128459
1264454
-455417
1760606
932535
-92861
598750
-797505
-1496198
551517
-446823
583051
-1606115
-345928
-595324
-189755
-2470721
320749
-1877318
129274
-155704
766232
-977658
-1005
677079
355125
-1927635
-373973
-874154
258513
155188
-454438
574373
-830157
-606151
-1134842
-961093
22790
-639950
544390
-247978
-1957956
-1535645
-633471
-2027396
-640076
545120
162139
796416
-930815
-976990
-487845
-1637785
226680
184255
-743603
1718506
-496427
-1166249
278887
-656207
31059
48062
-500347
893840
-219196
-291076
-1380252
-41294
-804562
-1399305
1979
100726
-78511
-1513361
-2013918
775880
-874611
-715656
-85798
1373086
1357109
986804
-287129
569896
99407
972008
875329
