#SpinCore Technologies, Inc.
#SF in MHz
#SW in Hz

[HEADER]
@CLASS=	RADIOPROCESSOR
@FIRMWARE= 3087
@SPINAPI= 20191127
@POINTS= 128
@SF= 21.670000
@SW= 127986.351562

[DATA]
-422568
288030
-2995331
-1709164
-2451474
-1640200
-1103874
-3379119
1891502
-2521715
1936124
-679211
959302
467760
1261650
2231616
665354
1286572
-323536
2121515
-1269755
2684606
-2321133
1676417
-1099745
731129
-1148249
-243025
-210218
-2467571
-183428
-1190865
881997
-678161
1495610
-781854
802895
795225
1119745
-202647
-519440
1499246
-858367
530450
-584356
1220766
-1597462
216656
-2859111
4778
-940184
-1819984
55952
-1001617
-341044
-1214792
224974
-580204
1549164
-1101704
-305800
-770878
-276826
-222405
-686686
342628
922271
-221537
-423736
-296816
-684984
-189159
-878819
76626
-133871
-1690128
554502
1056440
-170254
-1253734
1160078
-1630515
-190816
-867471
1241278
-76849
-62182
-424288
1040797
-1054501
-210330
-296241
268701
941337
-1020549
-1134406
-756181
-1409516
360743
-463159
121669
-528019
1524646
-1323984
457008
-1439069
367267
-545550
-723652
242241
2209547
-1152189
321830
1646892
-185704
-239153
-739989
1373597
1377208
-290298
574130
-473739
-1066739
367645
-353919
-114029
889362
401423
2277569
-1195706
-1041383
436492
-753136
-1084419
458963
-131968
640948
-399254
-659077
-202828
414121
-1326235
1182698
552258
1499026
-790081
447818
414958
-23844
-566374
1634652
340525
2111954
309873
414477
-631152
-241059
-464355
-36625
211070
1198019
1050447
554868
-82021
-250661
-122103
1920765
821182
409104
249833
736218
788681
1386048
-716764
-197663
1387249
-200906
703995
334217
-686117
378536
-1942923
314473
2461510
190018
612183
-509262
-75457
1556829
276949
343923
-454677
-450559
1279787
-16478
-398156
272984
1212945
-1924068
-1516002
-187465
-572758
-327407
-614594
840299
939992
-1524097
-1450597
-537874
620291
227687
2024894
-199395
1471942
-228691
152495
-181556
-440785
-979049
924300
-1199333
-432079
36259
549247
-837158
118663
-1096228
960828
-107830
344224
914327
254016
399595
-788958
-105019
-1377179
-153043
490823
13338
-428256
92778
-270992
-1183222
339649
1347622
-588951
-286541
-257503
872444
94176
-1648865
-761844
572794
172359
-194922
677182
