#SpinCore Technologies, Inc.
#SF in MHz
#SW in Hz

[HEADER]
@CLASS=	RADIOPROCESSOR
@FIRMWARE= 3087
@SPINAPI= 20191127
@POINTS= 128
@SF= 21.670000
@SW= 127986.351562

[DATA]
5734670
-1706122
4700192
1774633
2248282
2738750
885581
3666128
-2825437
5067918
-3974020
1641526
-5983243
-1530142
-3043989
-5475391
-1042705
-3620316
1035231
-5015602
2241519
-5551643
5226156
-3433197
4293007
1524274
1904089
2270389
201775
2546203
-164692
1438146
-1523661
3434243
-3846614
-338446
-3643362
-1752482
-1645580
-4810172
-385248
-2226211
346473
-3704679
2159561
-1981770
3752416
-785800
2781298
1280115
1214453
1025938
2062159
189771
298155
1094086
-491441
1955898
-3071145
-875451
-624535
-1790641
867564
-394705
-743450
-1083031
384365
-2649484
2008026
-1495947
2847987
-309961
-334824
-281007
993204
203091
1142528
453866
2006854
1391282
-656204
402411
-146919
-4116
-306666
761214
868358
-458532
-990868
-734701
571794
-283129
150658
944715
-66984
14983
-822195
592975
1704706
-883385
-136784
535297
200259
130961
54745
1479427
749283
-1211502
834320
1518763
-887688
774923
-1023880
2006181
1412240
-883856
-1760052
78032
-706058
-672388
1101484
475869
2767595
-1105775
-1195175
1449674
442165
-1573210
-321723
1073077
2508548
166903
-775181
984192
-265027
-719865
-1030369
714178
388837
156497
-1469687
-221938
774598
-1348348
-385736
-44429
1516527
237179
-1848
450625
347128
-2116394
1053445
516125
-315766
882499
698272
-304011
1461068
-1778340
575910
1214873
-589431
941333
484793
-1026316
780525
-1206507
323391
-317357
736268
763104
817544
-1290309
1610024
-1711350
1009021
688188
524680
521891
1505237
-29086
1077068
-1117035
867794
485805
-1017878
800231
329177
-278415
635047
266929
-359
1019650
-92881
-1072491
-194382
78086
356161
-141798
162602
723658
-709454
-54547
107332
408554
-144953
433754
1045587
280499
-52518
793978
-911071
769429
-211175
-139340
-374655
617193
1589949
-310168
-791016
748995
451152
1205919
-686729
442192
-118121
-1544694
-698376
891591
-73976
-481109
-1177227
-1346212
-368120
-1241035
-622972
104267
-537272
220636
-95205
497696
-1033878
-227809
856792
587197
-1618931
456522
-471672
-1361659
1410369
-1227533
-1345195
1122744
-1680636
887422
