#SpinCore Technologies, Inc.
#SF in MHz
#SW in Hz

[HEADER]
@CLASS=	RADIOPROCESSOR
@FIRMWARE= 3087
@SPINAPI= 20191127
@POINTS= 128
@SF= 21.670000
@SW= 127986.351562

[DATA]
-513638
1004772
-2623871
310251
-1662525
-3124115
-1570626
-2773492
1226470
-2406730
1295752
-678794
1793057
-296772
2116475
1642268
2309972
1677824
-1673835
1057468
-2544656
282596
-781661
-557649
-613229
-536085
-3025525
-1641479
-356853
-1813344
425334
-772736
477607
-1229213
-219120
-1794545
1299661
635250
2298922
1968438
-1346638
1407250
-1420880
306512
-432937
6375
55688
298482
-657779
-27305
-169782
-2665542
-536888
-1013109
338319
-4756
-1007958
-969971
623627
-1280925
964855
-89434
-687655
1482912
-652385
155024
185939
-949736
1004910
-557195
960413
1399440
-794577
-326333
724243
-553200
-151434
-737151
-532921
1390196
-74020
-1023946
-122405
-604923
810574
-145201
-210066
1563407
-1199274
-1821343
618065
876285
1179737
-639651
-20518
919206
342066
-2079884
600473
-745498
562904
320895
-1469949
574994
1293069
-974509
-326735
-59416
952148
-955493
-1087523
-37720
757802
-2055212
-206812
1377407
-25943
-384434
-1985685
-876278
-216466
-1888502
1037889
593341
-465477
555973
-134526
-1388901
1211626
-376286
-20432
-260546
-1261200
1664817
-727473
-65592
-227243
377562
570640
-596631
-2055698
-626028
778197
-1066873
1411163
343949
-1135110
-1164788
-1663539
-2289795
43313
-1144073
1179531
250385
-648929
-394772
1003668
-2217910
2236403
333631
1070351
1702624
-1065143
-854875
-1145820
-1175996
-327093
-487521
1658475
869627
-1536700
-418102
-117704
-3141165
1575902
-867208
700627
-140462
-1374011
215038
351662
-2523512
2016455
-919874
276606
244737
-1007882
1226657
486553
-1789862
-42615
821343
1111042
-238900
-386251
-698859
704477
-833098
2256587
430375
478250
422255
-392986
226648
1148702
-405619
-500432
-609045
309432
1555963
707737
575596
1324086
-305832
311673
647553
390174
860115
741627
-666683
1313771
53190
535466
341013
-180947
485138
1056628
-450114
-666556
-1375383
1253625
-272232
153017
1106879
379315
229398
651934
88837
1279815
-862098
-457916
771271
-676450
1272765
437667
-861396
-832174
-1325747
609736
-327398
170437
-575735
1633803
-625260
134968
-2058228
