#SpinCore Technologies, Inc.
#SF in MHz
#SW in Hz

[HEADER]
@CLASS=	RADIOPROCESSOR
@FIRMWARE= 3087
@SPINAPI= 20191127
@POINTS= 128
@SF= 21.670000
@SW= 127986.351562

[DATA]
341119
925275
550280
322472
-1056569
-1534290
-125566
736259
-1712144
2294616
-404248
468198
-920376
709966
-1319102
530786
-1416377
2508009
-711142
863222
-1007710
-1206747
-1657747
384843
566060
1180469
160461
-1291515
-380504
-208817
-352109
428598
-236036
994198
-1346291
163174
71438
-1186833
-86558
-406123
-215505
-179128
714896
-2071878
345966
-1841905
-577342
-169654
-53102
-155567
-469824
-1553782
2228674
53710
-1387350
613525
-388936
625405
-714270
-2190129
368131
-200053
-989911
608323
212645
-55142
654501
-989965
979363
-1170030
207809
231216
-100441
-170785
739109
-1642189
1606700
-777405
-649436
354480
-549439
-475069
355302
-1487820
771090
1137027
-273499
310256
-215571
550666
1154583
-1481080
1825412
1098628
-812215
442791
711110
674430
2212985
39642
745627
1203211
-654883
236669
-109173
294387
81049
-545368
586849
468389
457541
947104
-127715
-500293
321543
116784
-97862
1383579
-1646863
824589
816218
-1168134
-16094
786488
-1865732
2397362
-1554234
1346699
1331093
-72282
-646818
9953
-1387408
1992087
-1278345
964371
1494426
-118345
-1436554
145487
687785
732950
-1858767
719903
1094836
245136
-1208632
-2002891
214867
819584
-933112
-565856
922144
694094
-698302
-132618
102021
696637
-122588
-530548
823085
-87868
118194
-923626
268277
569669
-1241646
-607283
-931952
509671
1582955
-206230
152604
233540
-656672
-650143
264896
-632593
853877
10996
74
494592
-1261514
-12744
390596
141634
771893
495210
414710
-902880
257040
123734
-462156
-118812
-247896
-444863
300206
807067
734103
-47578
-191248
-266201
-175737
-422541
374975
1035121
-1385483
1089971
802090
-241607
-1081525
-1857674
376677
442273
-226617
666405
1551855
-663597
421400
-574379
435821
1089345
365439
-399918
1458315
645330
-613728
-1433359
99315
440144
-936536
43174
-114468
1413074
492367
97158
-841474
924854
-996841
-365979
169045
1452044
899331
-791874
194650
748747
-1783307
329640
-599998
1691151
-141451
-258329
770091
-458143
924022
-570254
