#SpinCore Technologies, Inc.
#SF in MHz
#SW in Hz

[HEADER]
@CLASS=	RADIOPROCESSOR
@FIRMWARE= 3087
@SPINAPI= 20191127
@POINTS= 128
@SF= 21.670000
@SW= 127986.351562

[DATA]
7170175
131480
5558752
4003333
2920906
3636381
-136747
5821901
-2025099
3883198
-4382559
2158371
-6021584
-477019
-4083826
-1848114
-1071173
-4175175
1795016
-6488528
3019996
-3522281
5251101
-475566
4572862
503392
3384303
496070
471031
3749909
-541398
4314185
-1688341
2425877
-2873763
-1519959
-2626404
-1509736
-2908472
-1236033
-890536
-4481932
582637
-3742434
1473191
-2888140
2278733
318288
1355302
-361711
2630587
984082
-401930
2067457
-959175
854458
-1591497
-10501
-1254193
-196328
-1412351
586088
-1772853
-1788517
-931224
-2675474
603278
-1877014
1554278
-328762
-1016972
-945569
599290
-838354
1486375
354564
-415307
251168
-889378
672904
681200
709573
316898
69115
-422073
145489
-3322146
-272546
-404576
-1352380
906936
-3085923
-711536
-1455738
-1322307
-662319
-474945
-1550721
1389321
-970997
746060
-449688
427063
789747
703833
1201611
-80671
-233179
-887720
173382
-1073490
-983964
-24415
1111866
-1705489
-2159301
-1413262
-1649577
292527
-694175
-36033
382033
525597
-1059099
164353
662050
2165331
-500337
-731899
1447325
-996717
393167
743475
244647
-1032059
-404394
-743699
-1022
-1904560
-1062995
1324727
326337
-142567
-1266249
1087157
734968
-1457267
-1651829
589383
-261872
946748
-651249
237942
1663076
-602238
-1136808
62873
22829
235037
53569
-216703
956850
-1534871
-1210321
-250066
-868081
1069072
-602162
-445673
1071551
-743601
-626609
2051849
152927
542296
12222
461170
1213231
-740381
-1276807
859454
254094
-1367801
390032
-269827
82226
-1034999
-332963
139694
343206
-1479509
1262514
-31155
62771
-663518
-758863
-150680
-627084
-24925
-379460
-185698
-910940
-1072836
-380543
-428776
904582
494725
218832
-281702
546533
1102513
960609
-451830
142875
-775592
-370577
1118381
-1111972
664908
1497840
-413721
-6590
295407
-1762559
321142
-1064492
1814304
-74554
-1325685
286963
1329052
-240309
1687333
1366729
1708166
662034
-931432
-77608
-853258
373062
1411887
-6856
59230
317294
-1650778
160877
8362
-322801
1273445
-201273
692604
-1685521
-998753
850621
-150974
-465505
