#SpinCore Technologies, Inc.
#SF in MHz
#SW in Hz

[HEADER]
@CLASS=	RADIOPROCESSOR
@FIRMWARE= 3087
@SPINAPI= 20191127
@POINTS= 128
@SF= 21.670000
@SW= 127986.351562

[DATA]
-4686573
224885
-4213483
-2763405
-2616082
-3743694
-554372
-2417752
1857661
-3407748
3529594
-1452659
2228334
162506
1785792
595783
865833
3179975
-1224539
3312549
-3719223
2140202
-3325510
115168
-2097882
-1555001
-1034687
-1621005
-888891
-2505810
68916
-1650342
1360387
-2547351
2205967
-34784
855625
547168
42196
2055347
-42727
3038196
-1544189
1229214
-2396137
1132385
-2931903
-1093868
136987
-1158017
-781980
-1899618
-102097
-608421
-430556
-1250214
1137066
1413604
2956082
121133
401998
861381
160888
2193473
-1179
1342920
-1241771
1445652
-875499
225330
-1672615
438915
-902070
872854
-54863
-16521
439978
-877893
596354
-755740
1642858
1528874
1593089
-694378
1693577
-1114818
-706580
3046728
1024884
2413919
174686
1034355
224473
-311422
-1010524
2085707
328265
1254661
-392394
-553161
-670665
-1605951
1017126
1097261
2410125
1186225
1532613
160824
458997
955040
631320
337308
2564827
2308280
241373
-293334
-993121
-233540
-48174
969157
696417
506325
17528
-987482
-977240
-703995
1073344
-140234
2040745
565511
1880812
-594071
221169
-964833
908359
2332313
2144833
1046634
1358963
1979480
222919
1086371
27913
1564940
-118434
2006800
325662
740093
-381891
-1267924
239948
-1264376
640275
-496152
1871982
591905
65379
106439
1861327
1063011
2853
1352280
1677815
2433781
1414600
728427
422890
1777050
-315165
1820868
921295
1841177
-597873
20462
-1613556
-528281
-24644
96016
1860045
-677334
2115317
161863
634314
-395840
1356498
872280
1994161
925296
2114894
-143837
-501414
918732
578012
1544088
361256
1348573
-288950
-645156
-804606
36366
-310932
350215
1275617
-2074698
1987234
374233
-270406
-1802524
1058142
-734385
2817902
-720531
1225848
64793
1082691
549481
-733833
1513419
2600750
469052
1363647
-203982
51684
-378902
-410425
743230
1491776
-1424014
1927264
444239
1013012
-37979
682142
-39429
2456539
-554065
2605117
511963
962636
-728162
943308
1305229
2582700
99010
1518894
534178
-280082
-892612
-685641
315169
852113
26653
1872064
-289557
814506
-2783076
