#SpinCore Technologies, Inc.
#SF in MHz
#SW in Hz

[HEADER]
@CLASS=	RADIOPROCESSOR
@FIRMWARE= 3087
@SPINAPI= 20191127
@POINTS= 128
@SF= 21.670000
@SW= 127986.351562

[DATA]
-3489785
2111865
-4001193
-2063570
296916
-2676715
-354083
-1956063
169407
-3592561
2925165
-693185
3638625
1317713
1228525
1375103
928256
2033528
-75705
2674435
-3018593
3456347
-3645827
-159318
-2013910
-140878
-486501
-801786
-2946160
-1345287
909447
-2873528
1719003
-1185806
868412
583951
2220596
-609885
1590273
48372
-602726
1355997
-1624021
478603
-261488
2383525
-694782
2359504
232149
-2233298
-133384
-958614
-1023010
-265429
-622463
79920
1816636
91718
1568053
1226443
-679967
-667072
342359
21486
-997895
1115614
287595
385527
30517
-1185211
-90456
-126170
-2616908
1642741
293974
-1070784
1171524
386322
-232944
-474021
1007526
166117
-386294
999596
552232
272899
4673
-674039
165722
38621
646287
-379654
331961
-1412645
1325866
-763727
-1535302
477130
-919509
530315
-11333
-188441
918064
1546155
-797077
-949901
814923
381923
652508
38236
-1290881
1806321
421845
30731
-628869
-578423
-602504
1236394
393873
-1108039
1642392
-328838
935221
-347924
679192
56851
245787
349394
91245
803561
656386
1184085
447439
-75580
-174923
430334
-1791577
-704409
-523487
346864
-561381
16570
30965
1069676
397626
-1311995
446242
-947635
-1489625
-842097
677199
-256923
181075
125710
-460240
-431111
868378
-145346
-698675
1649128
-732652
1355709
8916
230139
1100457
1086620
-529743
-1351869
-1257349
-1111349
114147
-866072
-1012108
-179953
-817848
302343
853611
-991798
1202338
80841
636031
447578
459605
-865138
-491846
415640
-1343076
1773739
183805
80183
1902994
54290
-2691843
-569482
-670575
-137281
-589930
-236932
770238
903744
-40531
-233932
-143876
-2487304
1062736
390310
-1406864
50579
1070293
394849
705639
1595409
1592256
-1582024
166118
339889
-1044648
564294
-112328
1398044
405695
-118945
474709
1603833
-903182
-1496430
-520066
-987935
104353
-1251855
-983881
-97124
-122537
1078903
2011856
-110635
-438169
834421
-843207
-1683324
749682
208321
294207
536392
-350722
983515
977549
-386575
228638
-207246
-1108126
587370
-493148
-396520
-801442
1244855
