#SpinCore Technologies, Inc.
#SF in MHz
#SW in Hz

[HEADER]
@CLASS=	RADIOPROCESSOR
@FIRMWARE= 3087
@SPINAPI= 20191127
@POINTS= 128
@SF= 21.670000
@SW= 127986.351562

[DATA]
3362251
-1359553
4094028
2267399
2517233
2298432
1536959
3206176
-1741433
3725232
-2377949
3494398
-2467508
1342492
-3571537
-595210
-3027647
-2172996
-117985
-2334522
2105229
-2855265
1963914
-1616525
1838625
-445858
2913454
1695512
3082232
893664
1452245
1875541
-1490295
3370327
-854730
1295017
-1259231
-3748
-2511161
-1373252
-2060204
590223
-1597939
-379830
825119
-2372210
846616
-979038
872848
470817
756926
239957
1452721
1349696
2640168
740740
222287
2117830
-75138
2423509
-1434065
921551
-19965
146826
-1124325
108236
-114803
-207478
-1089009
-527978
843640
-1764271
-699472
-829396
1188133
427740
412713
-902666
1676632
-690486
1919091
1507579
644118
2529549
-616957
400745
787971
-493932
1355910
473403
-1223053
1710830
-169891
595534
1053607
-565074
635458
-342043
571393
1091760
308358
-33469
755580
-1517278
978365
698943
-3000
68188
-41311
358556
1496249
-811600
1542941
-709363
644355
1984988
166921
1653599
1258548
-324920
-312161
-870890
-58229
288012
468084
628492
1632833
-794226
922690
-578642
227019
-598295
-441188
610862
381417
-503153
576596
-373303
147974
293961
1329420
2291218
-337419
579453
128985
79238
37907
-1298
-17998
1138523
-203717
122874
1329333
104125
-80643
-354188
-53385
274523
922397
353784
1087590
682596
-486121
-1224758
799262
1659374
770157
-285564
960185
870901
833336
-1675632
399992
1865828
1069092
61406
-578319
342583
-240564
-1520482
-507305
1542149
956153
811808
455011
344044
-231495
-1670519
369713
1097320
965597
692744
429125
78658
-955250
73712
-106908
1349207
1357834
404496
1064284
321472
-1527781
-65264
179455
42072
320113
-663284
525999
-572598
-731038
-991473
265963
184670
685538
240240
-58836
-411583
-445602
-1262015
-917009
-1234428
-222157
-1105372
-21323
-210160
155073
-1364921
-359748
-388402
365627
-108458
-182161
-642057
-639257
-467604
-469550
-1698798
1224965
-571642
-769007
-10067
-29936
-660240
-1419467
-1023304
1531998
-997433
-559244
1502411
970176
549449
-1706233
-687048
-972796
-9265
