#SpinCore Technologies, Inc.
#SF in MHz
#SW in Hz

[HEADER]
@CLASS=	RADIOPROCESSOR
@FIRMWARE= 3087
@SPINAPI= 20191127
@POINTS= 128
@SF= 21.670000
@SW= 127986.351562

[DATA]
16902172
-1593595
15481893
7775540
9170315
14370806
124659
15840919
-8161677
13625103
-14347521
7761292
-15871406
-358990
-12534989
-7958286
-6636523
-12979090
1642649
-13931800
7216724
-11090678
12374812
-5110855
12520615
1639920
9648666
6890417
3881394
11778127
-2289773
10942116
-7034684
8281369
-9102737
3570879
-10144605
-1611951
-7313905
-6050872
-2292905
-8216782
1255991
-7783170
5441265
-6164260
6593051
-1685874
7695212
1108111
4489707
4355502
1773538
4374519
-1348577
5137841
-3186078
4101987
-3249727
1999843
-3918157
-757112
-3164783
-2645569
-2045796
-2908732
641626
-3545441
2213052
-2089633
2154427
-1417372
2910667
191737
2099224
1018935
1532381
2132047
485004
1749758
-213270
1198419
-997479
1885765
-1409559
1590966
-1060637
966941
-1062069
-678085
-745201
-1284418
-238920
-1046169
-196080
-344510
706716
-1062721
677955
-1081351
1137488
-497111
1175883
987374
991339
1044909
91506
745731
-718016
633031
-1267148
592791
-937875
959231
-867420
-406722
-213731
-288773
-593192
-884063
375838
405434
1458694
-678357
1088876
-530024
488735
-306119
243491
1219291
132874
1252078
207281
1366095
-142554
636850
-1041263
163752
-628563
254079
-615054
-790119
327093
-1154169
-960978
-612591
-1652
-486881
542532
521540
1697095
11976
-409821
-299598
-370645
-308947
90689
-264444
574523
463403
255387
-102513
-714523
-755049
137966
-144809
421636
292508
-17410
12256
82603
-946132
390121
260523
141248
321622
-104714
183272
374632
-609526
-174715
559182
-542422
1376222
-549340
110677
1195086
150377
-1414888
-343232
-28445
1259815
-871560
-704346
168308
525184
216234
108081
-399843
23431
-322534
-246800
-154216
126704
-453249
79229
-460793
-89053
-629572
-887615
100679
352137
161986
-283316
180830
-913943
164612
417234
-203642
99393
-410451
-893121
475350
-191563
-521624
-248501
-243599
-205909
-46763
110211
423343
-820626
255708
-188501
-20402
-1286757
441221
614293
587884
-509344
381418
178968
328856
-894464
334840
489811
614886
390131
879152
1039791
863377
-441910
887210
329196
-723528
856019
