#SpinCore Technologies, Inc.
#SF in MHz
#SW in Hz

[HEADER]
@CLASS=	RADIOPROCESSOR
@FIRMWARE= 3087
@SPINAPI= 20191127
@POINTS= 128
@SF= 21.670000
@SW= 127986.351562

[DATA]
-1734786
-554611
-2428283
771749
-1758645
-2883952
214458
-1052481
799911
-2321019
2520586
428385
1551146
-361723
1525106
1900517
615933
1050400
-666526
2011399
-1557923
-21467
-1698997
719313
-1811812
-1294293
-2545856
-360133
-26000
-2374090
-702314
-1186803
1024375
-1514172
539657
1098641
-119834
-82639
68107
907192
-297355
155190
421006
1315396
221600
181335
-1065135
-440523
-189683
885047
889794
256904
-389089
-369265
1369282
139001
-326198
394896
647203
-432582
1006355
752969
550617
1025135
-524343
-982873
1426307
413077
719526
1947337
-666996
1069284
-1340152
-279824
-1825935
-796142
1128064
266547
-1054113
693359
-750601
-1038219
414528
240357
224821
507525
779777
379985
845854
997704
-1551825
-117764
-152613
1077078
1236442
-1122492
-2347887
-9779
-1193965
432002
-802303
522769
-304334
-394962
-348404
-230798
-205873
-954113
1365151
539183
1023853
-954971
-986937
-529061
-746950
-1466227
1877
-259962
-1332052
-306327
-1054054
-1625959
-1007267
-941563
-583211
-49952
-452805
280394
-561802
-1815326
-278947
-268712
-105708
362168
-37583
-377085
-393259
-1060802
366838
78198
-359414
2000407
-119115
-935523
-854274
-1090731
-272810
43797
-970371
978066
-976901
-278861
563752
-1080151
-521103
321728
-982897
654573
-1339755
327954
697453
-144238
-516480
-726
270557
344875
-187234
371001
751663
-94336
-314206
1547253
-1903963
-826527
422591
111966
18065
-72379
-1067202
911696
74274
-641156
-892462
634698
1074253
-1234012
-446503
1490470
407861
-985988
-460280
693399
1974115
216146
-1674379
1290802
-591716
-1203471
-468567
974855
1101168
-1023214
-2239779
307336
-1243131
-1052974
-714161
1232127
5293
117908
353925
1094061
-1130393
-1373159
-980847
683786
334250
124147
202059
-296441
-694634
176265
-558529
200500
-649960
541814
379681
152280
-568945
-316924
241639
-192263
-388272
-20871
1501393
1060017
187038
-1082572
-1253647
197157
-149323
430395
432432
901774
-43187
-1372467
-1918782
-703012
-788210
-892796
-593019
1452425
-29519
-432121
48419
690001
