#SpinCore Technologies, Inc.
#SF in MHz
#SW in Hz

[HEADER]
@CLASS=	RADIOPROCESSOR
@FIRMWARE= 3087
@SPINAPI= 20191127
@POINTS= 128
@SF= 21.670000
@SW= 127986.351562

[DATA]
-4844663
1049532
-4735447
-834428
-4364548
-2478361
-1351108
-4533731
279051
-5381827
4186084
-4712849
3876988
-2712054
4531356
126509
3760789
1912409
2385285
4442232
-1332135
4221122
-1638047
3540973
-3301139
544521
-3780682
1400678
-2270023
-894540
-1797773
-4356224
-911071
-3258931
773376
-2149981
1332901
-2084665
2769829
-1068046
1652557
1731888
632841
2425796
-313865
1348938
73929
1776316
-1883883
3195147
13713
-1222285
808803
-1433589
-497753
-1585637
-537600
-2007938
1100566
-1928134
697942
234214
636117
-650843
2510268
-143126
2518877
1268122
-311873
1955370
-655779
129912
1067906
393025
-638191
1210742
-1593437
-785019
-1187749
-231211
-509962
1736677
-970287
-773241
-899748
-2527980
1400784
50555
-760115
-1163351
308922
-1700033
690743
-789110
1195352
1227771
-882095
-1109325
538798
1060309
336656
934447
86171
778421
-1034351
-646965
-6949
771705
-1609837
-126453
-875729
594636
-619796
-1141748
-405778
1199986
-1158084
1586921
-322847
-453338
1302005
-357496
1516616
206256
-618619
-1437208
-349171
-444585
1086697
1119589
-149656
-218410
1000166
-719289
-602277
-1550791
-532344
871107
12391
420868
353675
82673
2183630
681404
-694674
54713
-1282458
113708
204692
1108165
396506
93127
-87194
-1044002
-888881
-1023744
-792719
-745956
-226353
647155
-584191
115808
899859
-1185304
20676
166183
164782
-821403
622291
-873131
880735
514704
-254102
515180
-508582
998713
37758
348305
-878311
873720
-35478
392091
240339
1027742
1137814
806113
-1120757
2192843
-130487
1117021
-46519
1141330
-374291
1504299
-1717929
-691162
-257817
894629
-658503
55556
-1002647
-1404766
2317726
-486196
-157669
-95878
-777859
-668525
727884
-1047944
353821
174756
404305
605002
-1573914
-2029023
-292590
318229
-7578
1548862
61422
575404
858269
-787756
-758551
-71952
-1814925
-1746403
-648125
215655
1265702
1712565
-69508
-719396
-357984
-1978518
40115
624309
-165155
565308
-1010320
581683
585826
-1887192
-805431
1665897
285217
-1069626
-79599
-337135
1994287
-318007
41076
1748171
-493870
458702
