#SpinCore Technologies, Inc.
#SF in MHz
#SW in Hz

[HEADER]
@CLASS=	RADIOPROCESSOR
@FIRMWARE= 3087
@SPINAPI= 20191127
@POINTS= 128
@SF= 21.670000
@SW= 127986.351562

[DATA]
906165
-468654
670926
598211
2419253
3714447
1014737
4645806
-285036
2759245
-2416834
2038650
-4360883
1311593
-2836425
328881
-872949
-222159
-787638
-3341438
-535409
-4624183
1077708
-2487360
1135451
-711445
4073052
739219
3812781
1104041
1314022
1195098
-1819891
2584458
-778954
2918053
-2144192
2156406
218515
-183254
-913993
-1770094
-579392
-175706
-312609
-961606
817212
1228623
1131287
-1737713
1948434
-210651
2201620
866152
-1307479
906421
826325
555493
-698382
1544305
57269
1265773
-1109318
-2368171
-209883
-929459
-964247
-672153
-1396982
1002677
1835492
97785
619705
-821763
463877
-1301652
-232903
14170
475379
1473315
1563065
900197
1006933
672920
-1155254
284680
-2085249
774061
-686646
1231453
1276328
1950187
679601
-265602
541369
88019
-418382
-1688007
-1112722
148820
-186049
400177
723285
-434461
440844
-1454944
487765
-1321969
747397
-336582
-931988
977574
1601531
34380
1515217
-219440
-623191
52715
-368622
-1017692
-126332
133120
380578
803035
1129004
798678
311055
-2167159
-528519
302175
276446
615875
-1303542
1569647
1128128
298511
-416058
1148149
-1377109
-758818
-1287170
-1332489
-2541521
557693
-191581
1033713
195986
231192
146042
-893208
-606564
-536484
-147949
-452557
174361
-1020201
502023
419279
229840
-1039956
1222262
854053
-426648
-28539
-827714
862757
437646
1372867
-726972
-388893
333657
-462227
-491845
-463630
-1545719
2030043
-93409
-526507
-231624
1265280
-467321
-478392
311637
-1748675
830636
396622
947824
-501017
-317169
594335
1806105
602156
325409
935866
-186886
216776
-495782
61721
907593
471045
-1017004
887909
691942
829237
-296357
214050
-1177403
249958
-268644
-671605
488527
-1041614
716256
427442
480519
-1701476
-286456
-389028
1029929
-895086
5702
1264952
955072
110818
297278
-241399
888432
350227
-171965
1425471
582300
585896
-128618
-94019
-1024647
1686281
-464397
565030
-1918055
-327718
216015
731606
-1197810
1447347
-361577
-1677055
1077655
-1222784
-264426
876825
-631432
-46997
661653
-388191
-25848
777904
