#SpinCore Technologies, Inc.
#SF in MHz
#SW in Hz

[HEADER]
@CLASS=	RADIOPROCESSOR
@FIRMWARE= 3087
@SPINAPI= 20191127
@POINTS= 128
@SF= 21.670000
@SW= 127986.351562

[DATA]
-3663060
767791
-624660
-1424365
-2085959
-1881752
556720
-3239950
590799
-1257479
1919997
-2311180
1300107
-437769
3732613
340033
1913021
1154484
1038439
231565
-2182326
558880
545659
1189503
179534
644425
-641997
-1162207
17439
-2462323
164158
365817
752608
-1624634
1959997
-482540
2906709
-1301101
957598
1170877
-120497
959814
1121945
1069032
1788982
75739
-2128706
1301991
-437479
1296294
516851
-202641
244697
862550
-646694
-449837
-1041879
-520009
692108
-559462
-701314
860424
38034
277131
783481
-975273
-112137
1559340
-1259777
1459116
-327455
443085
-481897
-1112248
-1100841
29040
-1699134
-650276
369056
-216345
1109215
-1323809
534409
-795245
-303935
-3270099
-489925
-206945
1518887
529390
-938140
-687189
1856710
-776312
-164115
-813650
1039982
788818
50307
-137014
2069794
-905845
-743718
161413
-803508
-249059
-148980
-500538
1759186
1596434
394747
-314674
85638
515501
-141104
-522107
1323029
1942973
848712
288074
-661125
546689
1032054
-303861
-249690
135443
-304508
1032433
-115619
188237
490447
-17427
-479684
-564825
-160818
-1762693
220932
-399700
-463554
491016
161298
816401
118061
-774284
545034
447173
-399366
343909
-971321
867830
352431
-542937
978236
558398
-701842
912973
-1184405
2160486
239551
-945785
421379
1181467
-337521
-1216507
-1205980
-877982
1901573
-722964
-757717
179577
-30774
-1091683
-1676806
-1033421
883478
-241861
-572011
431032
955863
-572225
-314534
-1417581
1048271
795119
198123
101213
1014881
134720
-91794
-213934
-595972
-65451
160479
-257524
546089
992277
293868
-865418
369084
-173034
-1136900
-567145
761850
-510830
1419186
-76824
-268727
994639
-246915
-352794
115183
-373161
850446
168668
230769
1691867
-222144
-118313
46788
-884767
-271820
415289
-1371179
925504
-563439
-1064411
986793
-863935
-1644921
299113
-1596693
348858
-149615
-980788
560128
325172
-165960
-1006344
-1283313
-848923
743022
1230168
252616
220084
185948
-1230765
722054
99656
971694
69555
-101019
433037
1355397
146203
685522
-772884
