#SpinCore Technologies, Inc.
#SF in MHz
#SW in Hz

[HEADER]
@CLASS=	RADIOPROCESSOR
@FIRMWARE= 3087
@SPINAPI= 20191127
@POINTS= 128
@SF= 21.670000
@SW= 127986.351562

[DATA]
-2979494
-729094
-1945736
-241361
-889082
-2473616
-1236138
-1753259
1887209
-3088725
1741070
-918215
2554377
-1069235
824566
1841548
1256810
513735
128627
2828640
-146900
1378686
-3396845
2136932
-1411555
199206
-1432859
-285555
-1408369
-2713086
-1499837
-840335
1537537
-1565954
1045868
-242743
2815850
59339
1567736
1779642
175717
1433450
-1011976
2721791
-397546
594534
-494594
1443004
-1245635
303307
-156941
533489
-723943
46737
-596641
-857681
-1441250
221638
-1267972
1027323
487722
379940
1105357
561992
-1646975
826721
496895
466346
546886
790325
682755
-73873
-1335315
256873
-414962
277440
-566993
1174622
1274864
-23326
-2898347
1109453
153594
-337950
-439603
-151592
867382
-363756
-850654
272724
856612
-707109
-535437
628115
231285
-197336
-1033182
990819
317057
-114676
-1440000
386995
459791
-274102
-1739358
154840
1336718
-1025033
-429009
339240
723441
-965261
71334
1163486
1595508
288135
-356360
503881
-35333
-97472
-924119
971949
-48461
1285861
-1639437
342046
-492452
-351902
295541
750282
-663489
334321
-1027637
-374852
-1129423
-283631
-251536
336379
-398349
439175
-46330
462818
-639011
-296199
358947
235004
556605
-583298
892659
528510
496685
-141539
-602364
815276
-1725650
-727023
-13901
1424176
-1074834
-1092247
427127
1132228
-1005976
-230486
-168620
-266792
-244160
-711416
1001654
392191
-142444
876983
-917628
225463
-500236
-908088
-646117
-236483
-357464
-69357
-572924
-402192
838768
161581
819405
-262618
-1451076
793257
59951
619468
978766
325561
-391795
-508795
-208589
-1055722
964015
1060337
1004459
387382
2160587
-135945
-347305
-1451185
-1156071
1338216
720591
-1451879
701302
20650
-731157
374101
181476
1193181
1128629
-907117
555606
-307868
384742
8998
-1561716
1350498
-241392
-976433
1034343
-228974
-274115
-354406
-830433
1705475
736956
-1670993
330309
-686803
622386
-1088665
-1655025
628663
-695121
384146
511051
4296
-1144181
-525241
-1217406
310449
461228
843371
378385
-399313
96983
-71290
-643608
-810970
478912
678678
