#SpinCore Technologies, Inc.
#SF in MHz
#SW in Hz

[HEADER]
@CLASS=	RADIOPROCESSOR
@FIRMWARE= 3087
@SPINAPI= 20191127
@POINTS= 128
@SF= 21.670000
@SW= 127986.351562

[DATA]
16452328
-2058690
15092977
5850651
9816182
12728640
1508296
16028405
-6628798
15224311
-12629477
7798331
-15215140
219661
-14029028
-6524162
-7537047
-11052762
-1078838
-13981674
6414407
-11708202
10241312
-7193402
11844187
49275
10440473
5246428
5761317
9062040
-299531
9893980
-5558459
9495999
-8019611
5490108
-8073045
-143762
-7536103
-4600386
-4215416
-6746939
85596
-7569951
3892815
-6051348
6486726
-4036587
6708693
-168219
4974599
3060760
3097807
5566491
442247
5574654
-1897141
4205181
-3551599
2863022
-3840214
1312058
-3430388
-1731821
-2058198
-3579878
-998379
-2705190
-18058
-2377654
2008974
-1497956
3529477
-998508
2010582
584132
1292806
794060
1337782
1727679
1075912
1665637
-157803
2750787
-1884908
187626
-1841547
568482
-937808
157157
-1217701
119841
-511903
-1242162
-449599
-1647621
566775
-1131052
-67624
-867302
2055130
-998153
2088798
-484905
35725
1126213
261819
631215
1543445
449431
699704
818002
-1327061
1001616
-990657
167792
71575
377746
-1091094
-597134
-220184
-1166656
-112406
-639621
990956
-652970
716325
263691
369405
297912
482807
134217
1143694
1075
-110041
742422
-441104
679130
-790702
559020
-688632
-41711
-512725
-297164
-691475
-769921
575039
-950405
176125
12105
547126
15434
983429
133608
582484
452933
222247
843477
-67104
908145
251695
961477
-278274
779295
-314357
648358
-780606
45371
-376015
-209031
-858663
91791
-82490
52396
-67944
478739
-1061175
104121
62175
-98306
244136
429748
-65966
-116436
-996307
-423561
156505
-376581
-155166
56141
32262
-184997
-485075
-932823
138083
-17981
95628
-415247
61794
-914620
150133
-498346
-223542
741272
518591
-26657
419376
-363326
204373
226369
49060
389616
828576
82059
164882
-470100
172052
-466057
306084
485932
836670
768725
-60569
194276
-249210
378390
649044
57894
375605
350241
105605
776613
-169636
-254929
378157
321316
590351
1152846
168754
101195
328463
223786
662441
89907
-1127252
237333
-990108
539637
313139
467043
215240
8264
-1334746
-218194
-155404
-814542
