#SpinCore Technologies, Inc.
#SF in MHz
#SW in Hz

[HEADER]
@CLASS=	RADIOPROCESSOR
@FIRMWARE= 3087
@SPINAPI= 20191127
@POINTS= 128
@SF= 21.670000
@SW= 127986.351562

[DATA]
546184
-541446
58355
733276
144114
2190881
-821431
-313490
215988
793805
-448148
1362856
683354
448724
-1185766
21308
640342
425566
443229
322467
888980
-2200526
2018835
-235475
1100055
-262671
623826
-966335
-472207
-394125
-1690058
1835970
-107815
-1354804
462641
325864
-1044918
365352
-33129
12335
-1322162
-1078017
-812748
49155
-897580
673917
196936
-820253
-412466
-362974
85112
392715
-329751
1300387
-80275
-1194112
376285
1566723
-452195
1030549
651693
-427527
-506535
923416
50273
1070867
557310
-375324
1312738
-818546
-254453
-362996
311431
335112
-235822
-1861187
-456655
-534829
316048
934037
784259
310678
-1327727
-1222979
21526
-112622
-698085
774671
337567
835116
-1167558
706081
131975
-1508525
-1893894
968685
-101236
-1185214
106055
-309193
-539068
418885
1264367
165948
110593
-874125
175200
1268684
-193403
957766
-610659
297517
-695098
973687
280461
-1600947
282400
-861280
539946
-682388
-1562158
-924170
-676142
-98607
1367818
-82612
-1013011
-456993
-1167782
1264777
-457258
480805
-880785
-233063
366543
1481005
-584723
2471640
1425384
107745
807250
840251
-260233
-274370
82935
1157035
-201180
-624649
1237298
550212
-138170
-791000
1599873
464091
-402569
-77738
562390
-261656
-25724
154072
-25908
-487075
947354
1126863
-242510
136159
-317116
-1680881
-1131446
-1346638
609271
-1169268
1023056
-261204
837402
-526946
-170390
660340
-183422
-128843
-765878
-397811
-408978
-459663
628093
518722
-825988
547066
-50266
668983
-1149365
96307
-289073
2232388
-2552079
49570
1073992
-786590
-569227
-20272
1255528
464476
104925
-355972
389257
-1312076
1424205
1663382
2153530
671215
1434788
399720
779719
-1472811
308881
469619
1590594
399182
1226014
524826
-1704917
-1232431
903635
-1176641
220930
-612337
-23090
-458256
-681590
-1406616
-73753
-727507
-997394
-29893
-193835
-492582
-1809061
914634
-702887
80912
-736517
855808
-350458
-166987
-507783
801824
-36335
161722
384238
692215
8414
-128656
325321
1456498
1181
-284740
