#SpinCore Technologies, Inc.
#SF in MHz
#SW in Hz

[HEADER]
@CLASS=	RADIOPROCESSOR
@FIRMWARE= 3087
@SPINAPI= 20191127
@POINTS= 128
@SF= 21.670000
@SW= 127986.351562

[DATA]
-5254842
216109
-3512878
-1459254
-1258104
-4706102
-119109
-4241514
1378098
-3556853
4006486
-2197861
4128952
554052
3152975
1388664
2657077
1667192
1421147
4820692
-1542712
3589366
-2081442
2520690
-3394277
-512399
-4334849
774963
-2835667
-1584867
-1522259
-2618616
2391395
-2445236
1324796
-1005100
2049281
-226062
1067100
-370591
1737658
2124716
941790
2749980
480045
805696
-1319188
247841
-1993441
1368854
-1503999
-777803
-455793
-727169
-31390
-2144147
179582
-1544565
1627999
24216
-413931
539281
1091203
377780
433994
-994483
562738
115299
-502114
49440
-506255
622802
365429
750374
-353106
-506250
123192
-499223
-880906
-322843
-415044
1299590
-327967
-681731
1103360
-1225739
483645
-1343265
-804015
1085269
-277010
1479268
1103085
754749
345371
-1094284
-1823180
-666381
40754
-201051
44846
-398206
1224285
566857
-800862
-1371790
-657320
-495130
-278978
690262
-323387
101433
2170671
-472337
-1236102
-716172
384354
99648
854250
-1921191
1250248
873914
522337
-85064
-948858
-935983
230928
-420158
-252256
1796615
485091
467886
908101
1248339
646314
-194939
-858297
704153
740860
-514189
1097451
-445624
225029
1405745
-1052234
-1371970
-361140
-623807
688852
1317497
-70603
119944
-344601
-1008855
-678514
-1370679
207842
907865
-6153
721451
336714
572583
-202148
-1838489
-1086150
104884
1214591
-884982
-956354
234719
641132
-499299
-308653
-777499
1641156
719498
-642929
-231907
-106643
368145
953438
-426839
1675135
370351
-365119
118462
-960960
890689
-474868
-1281044
1162559
-654497
46122
172345
-330603
-858650
-203840
450787
1329943
-448581
-142738
1647036
193345
505167
124748
700763
542730
170588
549033
1726326
1380351
-132229
498738
642047
486021
51727
86799
698972
-93531
847249
-416453
-177623
-8064
-389111
-1394770
228009
-163500
954591
-358234
-881793
532645
-729272
-1250759
-675471
-1239569
207369
-98177
-337639
-555105
553964
27766
-452115
-62771
118641
1233757
-625590
-361499
272716
-354559
-204788
526438
1547053
1430093
-1197544
-186434
1454130
