#SpinCore Technologies, Inc.
#SF in MHz
#SW in Hz

[HEADER]
@CLASS=	RADIOPROCESSOR
@FIRMWARE= 3087
@SPINAPI= 20191127
@POINTS= 128
@SF= 21.670000
@SW= 127986.351562

[DATA]
-3328785
2181099
-6277707
-1829096
-5252362
-3470291
-3193136
-5903093
1085596
-3845536
2478675
-4209790
3652478
-2869966
5507529
81109
4295655
3229944
2600545
4222139
294089
3364558
-810889
3141489
-4035725
2952704
-4450186
-1095811
-2905145
-132386
-1788934
-1943437
-1874000
-3045135
-897571
-3432350
1715648
-808676
1268173
-459959
2904592
851221
1620805
778675
-24043
2853895
-996082
3411246
-1041757
2947072
-1523273
919363
-2907680
636260
-1944678
-481180
-557915
-1141782
-1142940
-2764193
483829
-1385336
1171109
-596940
1932634
-797951
1196225
-769296
1098638
1899187
74651
1228173
820534
515271
422581
856253
-649238
1670608
-1826179
757237
374391
725321
535044
-752005
-317649
-41580
-702151
-917942
-825308
-942315
1222172
-1098835
-748272
-726056
-913830
-179129
511693
-751506
934340
416145
157793
-179672
-715349
481530
536568
-113742
55309
1578797
-325453
387808
-647952
-1437639
-104964
-860755
624791
1317651
1627836
-1232845
-116908
450250
1301429
-1182000
80835
152943
175421
388957
814314
191257
1525228
158314
302449
603858
-707883
2094048
1470519
836662
97755
-831518
-541259
1284221
-1824823
1159702
666839
-682096
622892
-739687
-653138
-828106
-175616
560374
-306846
-1769415
-322543
510940
-390064
1463439
-953329
-965692
540242
-397915
-139633
313654
548694
40980
132590
-495933
-977528
-71729
1379386
1071819
948798
1063357
-131377
-874095
898454
-1014236
-897010
1298450
-588951
151961
-38317
-1434917
622415
-282291
-499120
2777756
-160047
1253294
507683
-1101099
-513772
-176049
-207041
1209896
-1742269
686054
601409
-934187
-753817
434460
-714133
911049
-1973858
750937
504331
462586
-118699
-1080035
-826740
-336844
-1168835
318442
-292798
675977
-251630
832974
-152883
190624
-357316
-539140
1083855
-1026113
59482
646458
-179081
-193270
-1394908
-815885
128111
-2283842
-95296
837199
329159
-107472
-286481
-708187
463530
-1563906
-569830
198364
170932
627129
459383
-1452841
1837420
-969781
-124434
-136590
-223430
-238137
924186
-339217
-93294
-283802
-346105
-795536
