#SpinCore Technologies, Inc.
#SF in MHz
#SW in Hz

[HEADER]
@CLASS=	RADIOPROCESSOR
@FIRMWARE= 3087
@SPINAPI= 20191127
@POINTS= 128
@SF= 21.670000
@SW= 127986.351562

[DATA]
-6707254
1898555
-5453240
-882970
-4344948
-4888627
-273106
-6601597
2189154
-6402397
2366255
-3682912
4973997
-1044379
4322570
2037519
4675549
4284672
1269085
4542387
-2007835
5333488
-3599376
2374253
-5913992
979896
-3191591
-1250818
-4864270
-2650067
-2685447
-4771205
171673
-4148120
2685628
-1394869
1870407
-1647475
3417354
159912
2551497
635576
1261460
2627788
-787840
3350609
-941779
2645839
-2484564
997016
-3789593
-608587
-2493992
-429311
-1760961
-1754960
219090
-2709650
353551
-3112116
2076860
-1012448
2260506
-2124954
2171013
74749
2336458
46753
354450
2076674
1003161
630277
-285536
921604
-718728
944089
-731365
-1011837
-1530070
-1073326
-170125
672853
155749
-1191269
151400
-1275710
949333
-596681
-121946
-413433
538727
-1361648
2610316
-888168
1785159
126699
1005958
329154
1499746
701770
-281877
1622614
438937
1285708
-339748
-22015
-2040892
-699455
-477408
334111
-51696
-805974
-805349
-1298460
925777
-450557
863180
-2192837
1324344
-205279
1018356
753867
-422390
231149
153665
-66791
277594
773339
877978
534542
-111969
307710
377651
-875457
-1543376
-150526
216548
-533395
-289798
-380830
840189
621854
-972531
-984395
-8311
-1483006
-461465
335172
103988
927565
1164749
118540
548037
-1036005
-1092059
493873
-767073
218846
-99257
1230632
1642251
1498458
-634231
-594553
391266
128224
-509861
-1014005
-536686
1812415
-271337
-701039
6509
524784
315351
-522480
-260944
209967
109770
166458
1069851
1326401
1608935
796096
-928324
-1875438
1712789
-159884
-1378871
-376687
-230002
1158133
377371
-19301
-567802
818023
838657
-233553
-407941
-32722
-146536
111565
-205189
27447
-748323
336156
656880
-380031
-1037532
-595548
-213255
454377
135348
-1174084
-399256
268283
-338935
1155772
323453
-1002393
534796
-7721
-390576
-611537
80322
-400848
574760
-255222
196545
491107
305078
-1000627
-531171
-1211483
850466
746639
1047642
-1271212
993967
-762776
1420686
653744
-1025169
1225722
-182287
-359650
434745
655554
356829
1546693
-1098264
-203144
846289
620819
-1269354
1252700
