#SpinCore Technologies, Inc.
#SF in MHz
#SW in Hz

[HEADER]
@CLASS=	RADIOPROCESSOR
@FIRMWARE= 3087
@SPINAPI= 20191127
@POINTS= 128
@SF= 21.670000
@SW= 127986.351562

[DATA]
18782480
-1583515
16112749
7994130
9795414
15530260
826826
18345744
-8653204
15841358
-15057420
7744894
-16652268
-173926
-13733193
-8919561
-6744213
-13606071
1398241
-15759590
8865406
-12309107
13388550
-5475682
13481415
1317044
11014158
7752771
5330645
12799881
-2127851
11911154
-8099598
9583722
-10483088
4006356
-10034298
-1051125
-8072361
-6316623
-3595279
-9200994
1657208
-8453869
4305354
-6358811
7993014
-3228977
7457990
1175792
5152071
4513341
1376272
6292436
-214124
5573539
-2430056
4067372
-4173599
2151888
-4851313
-1028694
-2050852
-3061446
-753819
-3444145
-617455
-3111320
1561776
-3625853
2982340
-1673431
2759290
178402
2635104
-404279
1163487
1417571
1680315
2383208
-419915
1930260
-411240
1708661
-1949835
1011432
-849579
125818
-1549285
-352288
-832180
-107991
-634613
-1323171
-447442
-1189397
600256
-1209393
419962
-633302
1617009
6436
969367
407220
538837
557708
-614796
1006676
-315650
859033
-106723
787604
-993390
-281636
-1424680
-508164
-992458
-543002
-420681
-967888
1038662
-1694829
167496
-1196154
714140
46524
261668
193614
1742990
1402509
662061
1113406
694638
1111372
-309327
854104
-277949
903047
-142612
655538
-924751
-315478
-483696
-971153
167291
-144314
1068254
117289
449741
-398823
143245
-676421
354958
619311
857290
617640
505322
1036414
272330
-455073
-543649
497534
-1203281
224440
-533115
390630
247304
-144108
-449229
205686
-363971
-1035183
287196
177572
539671
-57649
243777
574529
-446848
-682468
290704
-537679
-9693
560735
-638869
18062
-39558
892577
178708
-529128
-309527
344955
-359232
513548
344302
194489
574096
-7504
439047
89510
-395064
-152099
-198978
75267
-47773
-59541
344789
-627361
-207820
-305298
319242
248277
-284770
-63539
-793261
-395695
846177
-139010
-177148
-39045
-23437
179869
27918
-99283
82527
793991
341208
29851
-160556
598414
-130455
526705
-627739
944207
405743
195146
282648
-182943
-242645
-293151
-389135
209323
801670
147304
-451876
95874
10931
-319606
531754
99276
72941
202324
-230906
-288011
-6343
-118752
