#SpinCore Technologies, Inc.
#SF in MHz
#SW in Hz

[HEADER]
@CLASS=	RADIOPROCESSOR
@FIRMWARE= 3087
@SPINAPI= 20191127
@POINTS= 128
@SF= 21.670000
@SW= 127986.351562

[DATA]
2722880
641040
3932714
284977
2857045
3888189
1172481
3097817
-578613
3399477
-2317296
970400
-3182787
-309677
-3606130
-1501179
-1598065
-777349
-2396441
-3266511
1118099
-2874517
2085491
-1528454
1532890
259002
2371390
-402862
1189176
1425076
797941
1264132
-1569601
1479146
-1960076
1341972
-2014696
284938
-1921632
-206612
-1161109
-2525108
-856661
-2354105
120739
-2473723
1537197
-93625
317662
-1117659
-29129
-431187
1042857
747135
1238564
2111780
-527864
-1034098
643637
686201
-439360
637226
228293
1417545
-902455
-1425325
-1315384
288526
117997
-465191
1696782
-333599
256171
-1640148
-258940
-253098
46336
190577
1638291
1701101
-1201275
-114484
-686358
-702523
-347521
73256
928210
437604
-1966151
500633
-423243
-637322
1522441
463244
472683
317161
-963487
491423
109694
-1767868
1210296
-750465
2281100
2073669
-1244721
-523872
523007
-608529
1562597
436444
379423
2893969
-949411
-202143
-199346
982347
-734809
-209552
-774891
1048741
-1584086
-307825
118261
63333
-573771
-237245
-70968
725403
-1017908
-26578
640087
1139430
-253997
-772077
682990
-1138463
-809092
898136
-120393
317681
917370
-76860
-429535
-203452
-126573
875583
566145
-417080
855753
-1702206
-997060
-1583341
178728
932777
-716031
-2034029
604406
29630
-395413
-1696066
206167
1769890
-243725
-912377
2415157
1023680
99427
-641748
306371
1405361
498077
276315
1002296
1265719
-701156
677651
845409
94417
584794
280332
861312
630279
853496
493639
-588541
1226824
-288547
-28781
566448
1225762
-105262
1477657
-1411327
826112
899409
-607120
788165
747605
1128992
327980
-1707834
-403533
-675902
-434592
-191794
2156008
1082199
507237
-880310
-266478
-664835
542534
155565
105866
557625
-1423281
-239182
-2103276
-1375394
295681
120671
14882
106000
-295087
-86664
-626681
339726
460982
-237573
-290414
-92306
354634
479898
313413
-21233
323905
-1801546
-904990
-977964
40162
-179450
1020263
707233
-31404
-1302616
-241004
-2381296
384475
-4774
145186
-184389
-687524
569684
-2742407
-1308306
-997242
