#SpinCore Technologies, Inc.
#SF in MHz
#SW in Hz

[HEADER]
@CLASS=	RADIOPROCESSOR
@FIRMWARE= 3087
@SPINAPI= 20191127
@POINTS= 128
@SF= 21.670000
@SW= 127986.351562

[DATA]
-4485070
-34209
-4771632
-1665145
-3635315
-1898183
-3025753
-5978935
-403792
-4882121
1310107
-4190253
2413865
-2416159
3312388
-1129163
3962105
-300397
1947400
2975077
-1982232
4222457
-597382
2146866
10537
2296720
-1748336
652482
-3065438
-940162
-2023412
-3480772
-665656
-1631631
1438502
-1871914
-160641
-2813022
3045975
-2057047
2645642
979366
2488585
2297082
-95017
2192896
1909266
1314014
-1052496
1965642
-2082953
1372545
-2066714
1100237
-384591
-22399
-2169991
567265
-1726431
-1337177
-1266561
-2580283
424606
-796426
-852442
-650576
1521480
-592730
1080044
260075
-15286
105376
-564788
-517805
1553262
1179697
-450413
1233284
-875155
822284
-799701
755076
-312379
1266619
-664226
89094
-403533
-582282
-669188
-685922
-214625
-956352
909953
188595
763190
152639
549905
-348511
482698
1571056
-123770
1970905
175959
-369803
1272350
-1716098
-1738821
728553
-714794
2137701
-958891
-1315613
1329642
-501271
-1091621
-397789
-466561
-743918
-131347
-694396
970598
1388754
494065
1002225
-8710
-447290
13987
1060547
925137
2246691
689904
631979
-1686116
363060
-540454
616958
-918214
1758207
1625514
376829
-356624
-1224165
-759754
-1217859
-1786689
1355555
254123
816115
130908
-124691
1167420
-143157
-2268591
483690
-293740
322841
-73519
853385
414853
-1493075
-1174843
-1213749
-1163559
-300150
833184
-458905
1712657
553760
206623
-553096
-516290
-225986
417951
-240451
245707
-551944
-25754
-1024846
-98616
-1302624
379685
-282663
423802
-1096091
912374
-1047271
1104629
-1346182
168975
-13756
765261
313220
-77906
391397
1342517
-1042468
641949
172796
-419847
-248546
-1555521
430510
707647
782568
261270
616498
882331
175801
-1635912
148226
-1030224
-315116
24253
1398032
1549284
-641493
-997639
-765517
-220560
404987
1321596
2366477
-157782
929958
-826739
-370469
-578602
275537
-379529
1106294
-881080
1019600
69460
-989087
51251
-150026
-1397658
-531753
-1743339
-244395
1063821
1215100
958657
598605
-1186425
-884600
-1500591
-1866290
1107308
2045939
-241464
1559460
412538
-721219
131754
-1697479
