#SpinCore Technologies, Inc.
#SF in MHz
#SW in Hz

[HEADER]
@CLASS=	RADIOPROCESSOR
@FIRMWARE= 3087
@SPINAPI= 20191127
@POINTS= 128
@SF= 21.670000
@SW= 127986.351562

[DATA]
-3015128
-659771
-2122275
1182465
-1461890
-855919
274327
-3277388
73660
-2773343
-1351063
-422884
1614799
-1373808
3604706
-1105046
876544
1265436
-581671
958156
899302
1255186
1885443
393381
-544452
1587591
-1491488
1144624
-1303292
-1272043
723769
39432
295560
-1436482
190262
-1531487
502296
-1881823
2529233
321384
1525132
-931859
278524
-89926
-747849
-1420613
78631
1422977
-373247
-57537
326488
-1348499
-1487216
-1122497
-699326
582454
-837509
406427
249798
-2201005
-617623
-1718167
1195794
-307357
217183
956403
-15318
-170004
876623
-1686299
597151
971203
594384
2453198
1183588
244092
-922330
-1611788
383067
-808016
-329017
1479806
-191893
1223066
-410964
-1848574
-779956
1109123
-1593778
-379287
39897
233145
647964
-1384273
621079
2325336
-2535522
689305
-758221
883484
2632375
-1019819
1192666
1138035
-1226769
90073
-346540
-1350762
1585187
-428329
85602
323029
-1769611
375753
-855243
-527961
340340
-677208
292006
1157284
-823770
-911093
123032
-954534
740134
828622
143944
203732
-667790
-1653884
1108276
-749206
652990
1451451
-783313
1461113
-378958
-1307827
347956
-2579188
-775358
555271
142466
402300
172366
-767531
1318012
-1177731
442205
-170017
-202369
698232
230191
-547750
52461
-1086402
4216
-48715
-549642
-386485
452120
-937269
1638800
-1098111
-1092870
327138
-1173033
-180048
522014
-1072931
2277645
-1076413
158186
289371
-1481765
106938
2212040
251311
1264486
-911152
937333
1238603
-1372579
66334
328163
-88477
1967827
-1078515
-1026533
1357944
-841598
-1787069
415520
-97182
801585
72417
-499630
410554
531140
-1666766
1191385
48001
2172027
1027706
25104
-293719
-510122
-780085
324629
887319
696505
1196408
973539
580240
-651159
-811217
399910
450833
1058825
845142
1296924
110526
-899250
110024
1553846
-143006
726777
410940
2369873
503961
-310761
-312046
-781611
81589
-619558
947225
983773
1539073
-1366986
-105490
164159
-1516673
-259729
996055
760905
1319543
568323
789359
631502
-45452
-1205942
103447
-1269038
2524328
68246
1247959
