#SpinCore Technologies, Inc.
#SF in MHz
#SW in Hz

[HEADER]
@CLASS=	RADIOPROCESSOR
@FIRMWARE= 3087
@SPINAPI= 20191127
@POINTS= 128
@SF= 21.670000
@SW= 127986.351562

[DATA]
6475333
-505529
4891768
2819469
2535089
3728995
433181
5210679
-3713359
4802345
-4931590
2779225
-4686360
-1283044
-5539537
-2832767
-1661115
-5093276
330537
-4715211
4482222
-2675056
2687676
-1915476
4780109
340037
3051682
2629022
494026
2798041
305106
3091262
-2925940
1617557
-2832448
1023608
-2618631
-2286915
-2310792
-1482308
-80687
-2226760
403216
-2087057
2959818
-1756631
323656
-1261639
1537787
2508238
909224
458170
320756
1042793
277230
1435570
-1709983
1746776
-54699
-602407
-627506
-140633
-550387
-222675
1784739
-1870172
1037479
-176384
-394956
526263
241782
-416433
355819
1640053
-519898
1164881
407914
146787
622732
-883953
-1537432
-477217
447513
-18620
407575
2125801
1222987
-301616
612753
262551
-511855
1145482
-193026
-1298806
-243604
940898
-1895654
2033981
-902527
1697519
1100839
-1053609
-511222
511313
-866450
-1039431
-662861
1370073
212788
663899
-347111
-408420
1255966
269895
1108906
-142512
-89909
-396278
605214
460034
-136067
572863
725752
-624541
-435367
51046
1076536
721758
-247371
-106329
-922372
-721860
934472
764214
3474
626216
1182947
-286873
383357
-944599
782675
524355
-930748
-268235
298264
908807
80858
1561639
-926664
-391178
667084
29899
-1759260
-1567684
736491
99834
-515970
-541396
65601
368106
666404
500975
1947449
-736833
526528
-1019813
372034
-62794
-274987
1102958
-814314
1072014
238521
258474
-145001
423647
-1265624
517525
-130566
1137984
875612
-1280969
186122
-299834
49848
56006
-290077
-1443931
1599497
-736919
1198710
-1125548
-710850
148967
1368068
1078843
190963
945385
243694
545956
525134
-691272
102469
749250
-1472230
-1299987
109597
-122247
-491907
1717975
-38706
-744491
2073720
252419
4269
-1466649
-574838
-221653
-890610
-634269
691231
1454478
816892
67209
881795
-631089
-335726
-279913
-548205
575699
-48197
829457
-488845
1812760
422697
1646219
-1056756
-1038569
-1118930
262161
-2112870
-1298617
1007331
362592
186123
-547071
-337389
-658527
1092406
-516051
-264070
-719904
-102350
585054
-335154
-1214901
