#SpinCore Technologies, Inc.
#SF in MHz
#SW in Hz

[HEADER]
@CLASS=	RADIOPROCESSOR
@FIRMWARE= 3087
@SPINAPI= 20191127
@POINTS= 128
@SF= 21.670000
@SW= 127986.351562

[DATA]
-4213520
1056045
-5468155
-646548
-1250343
-4369592
-758844
-4440105
1346841
-6294400
5174367
-2668571
4309776
-2652493
5737189
337610
2122051
3955457
1663979
4034779
-1293495
3847721
-3991387
2615039
-2677725
1438256
-3642996
-2462478
-1910688
-2070382
-1561249
-3956915
972273
-3632818
722570
-2791517
2947772
-714819
2066286
1582401
1031656
913215
-86306
3146647
57350
2374167
-432873
1133219
-1446615
-318197
-2172356
-550348
-1300322
-2529763
315350
-2678735
145576
-1657804
366385
-804315
1255555
-2408754
651872
-801644
-466037
-176952
2008986
1255695
88110
-196979
-368374
506897
-880296
1559379
-1553278
-702212
-423377
899487
-1175957
1410230
-1529091
590751
-677667
-269255
-1231208
-622509
314417
714697
-820013
85911
-895540
-98224
-55182
283730
735399
74524
627052
235686
23599
812064
1038760
-194403
660554
-608362
760622
191422
-1350565
-883627
-735107
302689
-857184
-240579
-182822
-695412
802240
219179
1835636
379190
-511899
725173
-724692
231461
1135702
848305
1293725
-322370
-601565
1964141
-552241
670583
-58709
1428123
2217342
-1511091
926354
1089724
368396
-18125
732863
53967
27073
-1414970
817896
1168040
972410
-854523
-186396
677587
-1788322
1410582
394143
415993
-907880
-1186042
259425
-452125
574524
1818603
-1663543
607859
-752295
-135561
-54907
-219190
2177721
1329742
144546
-1323196
192894
905435
343042
559717
1315384
2192
158568
1131574
-1335100
432126
-261086
1411733
-2096270
312640
-117113
1530499
365810
1307123
1341043
1364817
-714182
419770
220810
-667120
729652
385590
1110937
-424790
-321603
-817957
-1703148
1021423
913688
-1011969
-1003999
404580
563140
1632148
287526
237298
-928914
-136011
458128
16751
586957
-1403394
-464897
620478
-213446
463922
-1332746
1017303
-663508
-432440
1006411
-137591
-320912
-82646
600037
1109206
42358
-226901
1338930
-170067
-108289
837491
738782
-41368
-850090
540767
412868
-420028
309484
-189553
-32680
-16994
-590194
-1037503
672913
-63523
794432
570065
955154
-63550
-622394
-543617
-123935
1128257
