#SpinCore Technologies, Inc.
#SF in MHz
#SW in Hz

[HEADER]
@CLASS=	RADIOPROCESSOR
@FIRMWARE= 3087
@SPINAPI= 20191127
@POINTS= 128
@SF= 21.670000
@SW= 127986.351562

[DATA]
2712401
-419761
4482327
676627
1491268
2951593
525334
3029953
-1710489
2054176
-1256931
1719949
-2435492
56393
-3813822
-2208349
-10870
-3284171
280963
-2660925
2982796
-1151340
1603674
-1979714
3252086
-201180
3126169
1370033
-341082
3733406
-216621
460882
-619607
1807154
-1345492
2363288
-3025982
1834779
-568169
-1791072
-1041704
-2264533
156273
-1284787
-565828
-750557
1007975
-662067
1997849
-301453
660846
1212801
8573
232187
228861
2256731
-1059250
664851
-1215158
-641690
121182
-1071964
-1657247
-1112834
-1421851
-347641
-1273350
-887535
904823
-997451
79729
-829351
168925
623671
1028806
-1924453
1895942
459019
914533
15858
-190210
888915
442927
204924
488141
1803932
-291179
938388
-780366
-1317510
2108785
111701
533598
1651965
-231173
936764
-284558
-1181641
-535942
710967
464082
671116
1656095
624069
1571915
-44672
-519854
139423
470269
209909
347031
887292
738328
1513125
-1045586
777961
751218
-565288
-1394633
-232329
681330
343272
-882926
155752
405479
-504309
-1057146
-1317906
166768
860477
1045120
352902
423792
444429
-1561188
-1357440
-1518138
-360491
64061
-474114
-242048
29679
-1327120
295391
-222683
-387194
1102470
-877653
677697
570766
-475575
-297356
173314
-404174
-43290
540219
-247767
545569
-1133932
-1459046
563888
-620809
58570
757857
-839851
777668
338343
-698726
506296
1778393
-334624
1836634
-1097834
-427958
1766807
-1566266
-951925
1593102
-43255
1785234
-353771
-807934
1343272
-826429
-865562
522937
-1552259
-250803
1113612
-642928
-14794
1020075
-1452685
614434
-533951
289786
1079569
-38494
341758
117161
-1325648
131483
68024
-1429588
712827
-969158
-551166
-147690
-117902
-1006933
590712
-707111
-579121
-130988
470824
196188
256826
-1095028
522908
-1036949
-383535
-142078
-119535
819732
1831482
-963070
855602
-106400
-154375
1450292
-496416
7201
1146992
-19146
813667
1112972
-500401
375271
-579778
-136822
-559769
1558774
-1013085
511180
-31959
-411511
120861
-1740750
-72414
2239306
-1317692
112512
1129999
-282805
417348
-819865
