#SpinCore Technologies, Inc.
#SF in MHz
#SW in Hz

[HEADER]
@CLASS=	RADIOPROCESSOR
@FIRMWARE= 3087
@SPINAPI= 20191127
@POINTS= 128
@SF= 21.670000
@SW= 127986.351562

[DATA]
-3736935
-19498
-3395363
-385858
-3842115
-1993540
-567278
-3770968
1063590
-3477324
3660305
-1939165
4246400
361100
2230507
702366
1146442
2876387
1269886
3050853
542366
3694624
-2197201
3075211
-3452884
2275172
-1741694
-49452
-446155
-2139411
-568985
-1784276
-113615
-2063049
591048
-2297274
1227877
-2010713
2638663
-11933
2157825
1869308
-364706
2387189
-1880946
1045541
-176447
1132288
-392712
227418
-1444434
881962
-2628387
-858133
201881
-1785183
-261286
-1582282
355422
-459136
66543
403125
798883
-1153954
330865
435088
450465
912087
295217
1426995
310933
-333839
-1077123
466343
-335913
934178
669591
828589
-2040267
-140887
-1646486
-78671
1211849
-2035635
590027
552568
255237
207634
-510767
633979
-251636
-1051782
423613
-435894
633835
507228
-481004
142378
-206989
4964
858374
-1301118
1051755
464791
-776202
453690
3398
-39704
-1795538
-1717539
-3851
-253199
-997370
-238065
222509
-1028745
-427519
-1161548
11265
-685816
473643
1161646
-197073
495992
-1438080
816055
89042
-876202
-174197
-139976
-324943
-685831
561201
1119984
-1182028
1202794
-183250
-456351
-751369
-578700
494700
1676131
167208
-239604
996044
-1131033
659718
2216551
1416598
-161957
1491571
611412
-150176
-231023
1050674
142366
1171618
-196937
165858
-328938
618431
-964462
694458
-633267
190464
-805900
437762
-1138527
-173364
-577111
-1480872
141722
-170614
286279
-1205061
-1225153
-752258
299389
-189650
-300439
-1241275
-1702053
-1606558
-259865
-1000473
21673
57239
662837
-501594
619514
-1706760
-118784
45938
1216285
593030
-45489
-1838372
559696
-1127718
2475451
-1154804
-513704
1731060
-109655
-340536
947011
505671
2491188
-795551
-752339
673841
184805
-96394
620219
1262739
-379454
177291
-1579216
-300162
-568841
806710
779021
2584182
-240847
359214
-1054710
593732
-383277
-104243
2860
1528958
-1226198
-785701
-1537023
-54465
166698
928465
-268146
361659
-1182770
-953794
-1644221
-366291
442984
135301
-652492
-875082
-1530721
-847393
-938770
-184420
573980
-374655
-1081063
-1262728
-280263
