#SpinCore Technologies, Inc.
#SF in MHz
#SW in Hz

[HEADER]
@CLASS=	RADIOPROCESSOR
@FIRMWARE= 3087
@SPINAPI= 20191127
@POINTS= 128
@SF= 21.670000
@SW= 127986.351562

[DATA]
6890333
608794
5424239
5491751
2482290
6419885
-444591
8133168
-3931825
3432558
-7843225
1417033
-6322968
-614103
-4477975
-5546765
-55083
-5896150
3180128
-4675385
3322758
-3251753
6652982
-473982
4557835
2837164
4549170
7131412
-128273
3727550
-1546684
2626758
-4832938
1648174
-5333871
-896208
-2281250
-2449531
-293629
-3306132
-122005
-4425266
1928611
-1766254
2584152
-2102293
2787698
889376
3180229
2361351
1296435
3478369
103397
1300798
-2987266
681934
-3711857
1766878
-2002920
-1195358
-1425094
167753
-6598
-1433500
-825670
-2155591
1592077
257922
5508
201758
2669028
-329712
1520241
1260719
814570
1676107
-722336
260520
-630520
129666
-594501
1872879
-431327
402809
-753331
1092855
-557125
-1598316
-340712
-851628
867221
-1413389
431143
-1096520
1880547
654958
-108949
1031205
456202
-394148
1042228
1222764
-333024
2647232
-841431
-228888
-260301
1121747
54029
690063
-1125981
-1058439
966450
-1480983
-434397
312412
-2747305
-515172
1051407
649366
-1159116
371667
-1405705
1048312
1694684
-1086519
-758702
929923
1144932
-219537
1231024
-217579
255365
567069
-248377
-1752698
444545
602358
-330607
1329874
20058
-175027
1290411
-655311
-10106
-902111
-401660
65065
-581300
-213280
389395
1262565
-11026
1246283
1137994
-1072326
-1020313
-407533
-296789
-1086228
-78171
-387902
1719957
548090
385404
173566
272680
-766032
876701
-1599434
210280
614030
36490
490745
88039
820678
281444
1712076
68159
567448
656389
-417958
-310686
172502
-418374
-1188169
-622044
-418019
-182633
-682866
-908604
536635
896457
380613
-55617
-253573
1178640
503726
-438319
-181617
1074018
-175258
-917094
-245991
-951951
477653
419914
713316
-1419440
69546
1540054
-351090
-811920
472983
-868480
-62150
183001
-1704371
337226
611875
319511
402739
2438374
-1445536
1530280
-490082
-1283020
263829
-90721
-276773
218092
706057
1057630
853458
-1090888
-748858
-214510
-792820
103890
761918
-852247
186381
311317
-446387
584527
645845
-632922
-658794
326188
-910060
1494920
274251
-650836
712425
1148311
-1553081
