#SpinCore Technologies, Inc.
#SF in MHz
#SW in Hz

[HEADER]
@CLASS=	RADIOPROCESSOR
@FIRMWARE= 3087
@SPINAPI= 20191127
@POINTS= 128
@SF= 21.670000
@SW= 127986.351562

[DATA]
3049451
34438
988633
581076
247171
332556
589560
32461
675973
906193
-1184530
1812485
-928843
-952192
-1422357
313748
913199
463361
-1570207
198403
390286
-43810
738743
-957115
-224509
921408
-1235388
965546
67027
61091
-1268283
-406031
-1113079
79068
-1680952
-1858833
-221483
334248
1524045
123416
-1252143
-699721
725251
-822393
144788
-663743
1333172
146213
-304041
-5147
1726012
179016
587625
456273
936012
624305
-379795
-223861
-166636
33701
1013750
721482
-1665335
98294
766810
-371943
1629265
1137897
206441
347662
-625418
-693383
1256832
1708362
-1292852
1106005
-1565086
1274872
-289748
-1360199
-712560
741877
-1412160
-946966
836068
-675437
309472
1604290
-458618
496449
-1178436
-1661858
-236982
-497974
603256
704717
-439584
-750396
1412085
-1366849
1361175
-608572
-423951
-1236139
76239
839249
400394
-2028314
-75585
921818
744975
988485
-503256
-511185
-127406
-1310331
232069
-35349
-28963
335386
-1473378
644911
470233
-537176
-730875
1472473
105717
1092283
-100677
-812534
635589
1381898
322780
174283
-1180253
35260
-204194
-951668
885894
-189310
-1567889
-1409840
-559756
-606604
-255669
-445653
361817
-323093
424961
-858189
-397160
-26875
-205090
1718543
480465
253549
602659
-61482
613188
-1188507
-749550
1747815
-473049
-577195
1465253
339222
972371
-792077
-1259530
-659738
-34467
-205531
1804971
989679
317144
608727
-721569
200434
147306
-235320
-544139
-408100
334008
1528538
503139
50093
1289740
-210448
223487
1270439
-1277798
267647
141780
-50513
348643
-49152
-2081724
-487440
-1467867
547970
-781288
-1177517
-573835
-91980
-1419690
868004
-323794
-580358
274236
-2192730
235313
975446
-1029090
-691224
-25955
-1279204
-370441
-1576338
-1616589
300741
-827653
-462356
571747
-725099
-826380
-239858
-958152
1218880
1194288
-866525
-471279
1416012
1476657
-72193
-19993
-918759
-346013
202711
-45239
1229469
113656
1625490
389761
605687
819653
-449213
-767835
-299280
280327
1307812
1144963
644933
-201404
-615656
635330
67301
