#SpinCore Technologies, Inc.
#SF in MHz
#SW in Hz

[HEADER]
@CLASS=	RADIOPROCESSOR
@FIRMWARE= 3087
@SPINAPI= 20191127
@POINTS= 128
@SF= 21.670000
@SW= 127986.351562

[DATA]
18187428
-360004
16299866
8544502
8636771
16157329
-595098
18188020
-9039085
14404780
-14590100
7903495
-16938308
-1421525
-13482621
-9643072
-5994096
-13925132
2335899
-15044323
9164915
-11598188
13345207
-4923470
13794907
3287362
9527637
8814357
4286919
11600745
-3425954
11864507
-7303831
8104569
-10368728
2251298
-9462124
-2653519
-7476272
-7527733
-992447
-8259151
3545634
-8046818
5816812
-5271414
6743699
-1557693
6664412
2683728
4130781
5060134
953181
6157235
-1794570
5238522
-4170612
3112059
-5221647
1428929
-5071745
-1520210
-2661245
-3406034
-795620
-3442375
167143
-3531380
2908953
-2810577
2857610
-595207
3158754
-187358
2394624
875195
1175078
2690849
-283089
2356358
-367670
2125747
-1391697
1960857
-1598376
758804
-1823378
-328750
-1348292
-1030813
-994870
-826337
-260688
-1530078
1137261
-1781119
815399
-1561049
1231173
-847069
282460
-60358
1952933
944040
1206680
845087
-258947
1358603
-817641
252933
-1653217
1216895
-1267442
845542
-638398
-1315485
560100
-238124
284290
-697874
408760
-990755
1483614
-667814
528207
902156
548065
-151547
70095
501240
564319
1294854
-1502206
1575872
-1152691
444013
-398478
562597
-1507147
128858
-904600
-1836464
528168
-706221
1141515
-165474
17980
-425640
2058979
-729188
652566
248232
225446
533825
-48484
-54601
1288969
989255
-986638
717841
-532678
729263
313371
443735
70592
806215
-495016
-195322
228914
-497682
-150515
-257433
-672875
372320
24478
-437724
213435
-43998
70266
-33004
-899908
-337083
536060
237549
-571489
665661
-129443
-344172
147409
-464850
-442792
-63679
-19548
-260377
193180
351891
940541
362029
-622262
-236665
354886
-213570
-703369
354589
-444098
1163529
326862
-320187
484911
-322018
-79158
132542
-1024703
270284
830607
-173677
117170
308780
314146
424813
-474458
-250222
257878
757344
-354549
77744
-1116611
-116347
-428936
-692190
-69287
313394
115068
-675983
-46691
-1052685
84390
317485
35910
632319
-474988
728644
145487
-396029
152285
-867253
-331208
630708
35955
-176902
164553
682798
159273
347760
-169618
-629829
