#SpinCore Technologies, Inc.
#SF in MHz
#SW in Hz

[HEADER]
@CLASS=	RADIOPROCESSOR
@FIRMWARE= 3087
@SPINAPI= 20191127
@POINTS= 128
@SF= 21.670000
@SW= 127986.351562

[DATA]
-2154020
11341
-3998794
-922340
-1972938
-2621930
-1097931
-3894698
-187903
-2161589
1280847
-2227229
2347735
-1796556
2336071
541476
1493006
616013
1260866
1140876
574917
1563450
-1275288
2613358
163940
1085229
-2426798
467879
-1064593
-206497
-975352
-333599
161550
-261201
542764
-654813
-515811
659191
2571338
-118010
-299937
702739
-758546
297414
-1480752
-162087
-748819
1730873
-1688975
1032407
-2381121
-2475756
-333505
-843994
-878676
-376261
-1330160
-370791
-87908
-2700815
1137594
-1092727
945568
-1885580
-106579
946441
2309654
-631002
3589524
1457727
473936
-1133486
-426886
628557
-145108
176358
115511
799438
810851
247863
-1470871
159573
348745
21108
-486561
672251
143882
774777
-184407
170115
791195
239907
-1494269
385993
712829
35076
-894331
-577111
689426
1747190
-915577
-278367
-622660
-748812
-875300
-485222
-197796
-1020066
334295
-1558805
403568
1979
-659903
-1006303
456224
-998115
1048495
-563125
260999
709668
18151
-697440
276732
-464406
1261859
766239
510774
1977791
124558
334845
-961232
148511
-564619
2327363
-259764
1863693
597679
1672593
866554
-909571
-458113
-912069
-1677042
-121361
-266228
1114331
423408
69121
310241
-1136643
-691877
-2065740
-243485
-218867
-214324
66719
768643
-1483555
1595857
-372806
944183
425486
-1098489
-97379
796654
846158
2680768
919039
57668
295331
431695
-109548
1474413
694460
861415
1181551
276506
1048965
1430815
588941
-107641
238349
-1677952
1784392
-317610
-1168391
13020
875932
-10605
147330
-2848053
65357
203089
-121504
925433
699571
223515
-1060699
-230838
-2518799
-138650
368290
-484150
1111733
1650617
-185922
1299088
-1468981
1195075
877121
-1079613
1442010
-398829
1697614
1658690
270185
660403
1448248
263517
-627351
-1744238
872588
1477912
-763407
1476729
-193039
173476
-884456
-862442
-284955
-23888
-1158618
740740
981060
-135904
346005
118135
-674518
40949
129908
-1832614
322597
703434
-1072403
1593468
961169
-695447
-180048
-1038538
-601350
-1046206
828481
856480
1982807
-458326
-463127
