#SpinCore Technologies, Inc.
#SF in MHz
#SW in Hz

[HEADER]
@CLASS=	RADIOPROCESSOR
@FIRMWARE= 3087
@SPINAPI= 20191127
@POINTS= 128
@SF= 21.670000
@SW= 127986.351562

[DATA]
-4888827
-13529
-3492179
-4715681
-3003017
-4030371
723482
-5459883
2021492
-3411966
2656411
-3379355
3754786
1258959
1911064
1453873
1858083
3546159
-3078157
2622725
-3393103
2142723
-4340996
2702465
-4458742
-493002
-3737048
-717665
-1487895
-3470903
-332277
-1119556
-137779
-716150
2542847
-88809
1025608
907755
1450101
2807546
1124289
4713924
-775178
2601756
-2412808
2426968
-2279177
1610881
-2289330
2843439
-123165
-1999662
-409230
537449
1151843
-1148997
3663669
-478893
2202421
-1138077
2398919
913192
1093133
1723058
1676144
657545
1676479
2682315
564280
1087643
282415
660517
-250825
96559
-81158
311845
256350
-64092
456403
-477951
1266771
-233434
833380
-771070
1559467
-490475
605069
-857948
2181217
313652
1301730
-234399
1068449
1185265
-1587768
97601
582677
-496360
-435797
-179298
1662758
-692517
-1228186
241031
1745921
-1379381
-14696
-1073690
35217
-810639
1653030
897299
914234
-1330646
229911
-786815
-590921
502341
690985
962983
-441159
-250147
-185960
-1267817
-43813
-631230
2154664
-366772
-1651987
1438870
-3043371
-1108275
-189075
1111036
-395493
-2127885
1249860
473120
-2017314
-1832895
-902598
665266
-160242
-189185
1157893
289866
-1733831
2412526
-1196550
367419
-461656
-702256
1029976
-377855
-1727730
2211660
-1268571
855296
-555721
-1354045
714235
1243847
503829
-385087
-1427857
996888
-363109
924804
599722
-134162
-1783527
-578443
-635523
1345663
-584564
-658559
-337865
67207
-2275119
-611158
-212858
1549827
-155044
-367586
603198
-1540184
570941
317628
2389880
2481717
813740
843815
-89656
717317
227998
-898552
160963
696358
1077971
1430506
-2893160
1335920
-585899
212347
486717
953376
910076
-198445
-1304032
106500
-740393
-397637
749381
421899
-135328
-1399456
-63096
1148741
-1540677
-60123
814551
-372062
455171
-896486
-262718
104756
-1246730
798018
608872
-611342
-937368
-585163
-266160
-282395
81667
1378201
617119
59733
43020
-1188270
-490871
171101
360622
424399
-382946
-126862
-224658
-1390300
-817095
-33919
-989260
-1401547
295137
1106045
231692
-1779447
