#SpinCore Technologies, Inc.
#SF in MHz
#SW in Hz

[HEADER]
@CLASS=	RADIOPROCESSOR
@FIRMWARE= 3087
@SPINAPI= 20191127
@POINTS= 128
@SF= 21.670000
@SW= 127986.351562

[DATA]
5454537
-842644
6286089
624023
5791396
4713791
1508727
6777003
-1608187
6238363
-3697559
5948425
-4026134
2781852
-6633426
-742644
-5652924
-4757690
-1630620
-4091206
934123
-2953855
499302
-4225081
4068485
-3310318
4691859
-412722
2431386
3328807
1921503
2940140
2460084
2517840
286721
3383928
-3799189
2181002
-3161405
-1489144
-1727978
-1567208
-2515741
-1232022
-1089908
-3774770
-504222
-3182305
2428056
-2411899
1555985
-628467
2441913
-1794185
2862379
1606361
863677
3056435
81175
-12009
422630
2174208
424395
2517094
-2070287
1882886
57200
-630361
-259947
1238806
-995753
-55453
-1858921
-1614365
1063777
-98295
640691
-511874
433212
-175813
-946183
325864
183404
1307624
-652014
-616125
-530561
-374716
534359
1060920
-1717123
1335410
-2236815
-72027
62997
-1769451
-486468
30288
-1093922
-224278
-30146
-1791679
1746068
-1879501
902183
631872
-494390
-574644
383253
-2278101
1900053
-524113
-59931
2532833
845498
-357035
1316038
-331851
-946120
1483403
-3371234
798912
-533747
-906752
-501059
844921
-1521995
1226520
-2202207
-1879355
1158816
7461
-922766
-1022338
-1153281
-473673
911907
-1341627
1286209
821201
457340
-430295
69783
-2455304
573321
-1854728
1417820
567663
-55104
-931658
1289624
-1990534
974847
154095
687696
-150969
3486
-17254
1645161
597675
42207
-413544
1655499
213495
1389137
692570
469831
712111
-754819
-133440
1079621
507057
1189373
1046677
-1028326
2299259
-802196
-439770
-517851
-1004206
837989
1070251
-1393459
1887067
977920
-930102
-459895
-1152630
-917281
-698373
-444033
294187
-130637
-659513
873754
-1308135
958223
-1584546
-395817
-1550206
365477
-570665
1236128
1010364
-300459
175040
-610836
314528
764970
862629
-8938
-489117
162065
29681
367852
-31363
316366
428431
94666
1503833
1022666
-89640
619202
1465428
-215623
9137
269724
-951747
-48572
2172655
1035097
1701149
-792965
-716485
-1269177
-1480295
-1224933
414100
-583325
364696
467112
44262
1153971
127265
-530947
-1834079
-1725508
-1608102
963259
-64181
360061
-742563
1435435
416700
-1440285
-1150146
