#SpinCore Technologies, Inc.
#SF in MHz
#SW in Hz

[HEADER]
@CLASS=	RADIOPROCESSOR
@FIRMWARE= 3087
@SPINAPI= 20191127
@POINTS= 128
@SF= 21.670000
@SW= 127986.351562

[DATA]
15717353
-5092198
15587712
2162300
12377220
8960251
5954988
15564115
-1136227
15851488
-8271878
11963918
-12540591
6542602
-14353837
-234855
-12959377
-6292448
-5997604
-11291906
-1363245
-12559768
4914154
-12141016
8488664
-7408370
12548666
-1309079
10396225
4265044
7288715
7406107
2523465
9160355
-1655248
10226989
-6329983
6628387
-8324974
3029263
-7715000
-1095668
-6280010
-4004648
-3076227
-6994459
-668931
-6763092
3006647
-5171768
4639608
-3622281
5096794
-1668608
4198272
2246044
3301919
4221667
785760
4932616
59273
4094321
-2230958
2629237
-3492027
1046296
-3851035
948692
-2131743
-310107
-1310739
-1422570
-1072675
-2669618
-140195
-1684529
625147
-1612438
1910688
-1058892
1357853
-1165362
1424598
-537713
1395555
756950
997965
1837604
1002164
1385481
-211053
697298
-637131
575937
-377237
286071
-953983
977285
-442408
-797030
-1037066
-984952
255688
-1250989
-704657
-990643
535130
-902593
659286
-1331750
255976
-52782
363169
193618
967036
522491
708486
1170115
-27779
1052986
-1152874
933701
-1260589
553488
-340530
369188
-851081
-372589
-308270
-980361
-138169
-1349803
-450253
-300127
718427
-100054
1614018
-18016
702317
-288106
392632
-93630
-219593
1341767
672765
1088502
475665
1228840
-40932
-11626
-1326228
-164866
-177666
153087
334603
449026
-264324
-707299
-512677
-651276
-325552
-664312
-717548
385439
110256
529675
1310257
-1024000
74790
-523505
-839281
-305966
-574489
529581
740735
157067
836589
77215
144277
-903853
-679638
-283982
219459
623616
-5292
-415349
206002
-351536
-266569
-464797
-206177
566515
74329
923957
222209
542066
-242207
-390815
-48503
369807
-1456904
175095
138705
154692
144335
-62108
-151949
-258177
-918517
-333724
259881
722995
688941
29817
-493302
505165
444704
-778532
116118
83153
-76938
-231461
-307954
-291379
1188368
60513
-95220
434540
-643491
-162631
-64290
53911
487733
-372033
-423537
-533289
-96562
-283847
140577
63847
129921
318583
1143927
408346
457130
-286401
144171
-662160
-201177
109645
221744
680307
76508
-392286
649136
-728314
