#SpinCore Technologies, Inc.
#SF in MHz
#SW in Hz

[HEADER]
@CLASS=	RADIOPROCESSOR
@FIRMWARE= 3087
@SPINAPI= 20191127
@POINTS= 128
@SF= 21.670000
@SW= 127986.351562

[DATA]
-2142643
419684
-3156546
-1869995
-805536
-2567054
-1206841
-4191751
857542
-742872
-17829
-2041446
2827522
-63968
982439
1002310
849493
1116522
-135623
2768030
-639036
-182184
-2333140
232651
-1586282
-986281
-1891901
-58928
-78098
-2463325
63954
-3262552
874330
-1998174
1043457
-181298
1218029
-475221
1885003
-750618
92973
-330271
-1024800
695934
640589
-675944
-1079311
-1599897
-662920
-2334740
-2037660
-1013711
739236
-965999
1141939
-1060734
478840
-1591567
238276
-65705
1973931
-2060419
2082642
-328920
1534542
-103874
-1446617
975628
-764112
-1102778
1218297
-222142
547899
-1398744
-1687660
41292
-320943
-1767692
-139491
-191115
1247193
-1785816
-132852
-171855
484624
-60262
117603
929058
1250450
-1596385
-48765
-623232
469871
-305268
267603
-491107
740373
-922012
-1433930
43265
-1575587
-1091914
-155087
118876
-1293969
-888050
72351
86489
181254
-1186707
1790763
-1541664
-1300013
-688452
448311
-78727
-25836
1715923
5167
-992355
-1431531
985200
-639000
898249
-164633
1115004
-716098
-503561
-1395673
-468147
-778851
-141744
-803882
409312
-603148
-698098
-632271
-1270402
-65934
-131255
-926005
193474
-1764696
913095
-663590
-790893
130442
151787
-1294770
-1030764
-1179152
55874
-1201882
-831600
-527835
841264
-1702519
-804493
-1505617
-179481
-515594
184600
-190369
610774
-1162350
-1944797
-640166
-166932
158604
-1169786
630055
187957
-1141040
-332182
-1709385
148712
-560843
-350655
2191398
604540
-415497
555500
-1302790
-646255
-848456
-1067482
359318
731633
-733132
-330663
-2157058
-390902
-613036
-1912310
188578
427925
-1052766
-551832
-2524473
107356
-417042
-1243997
362513
-723651
-927319
-856325
-805565
-1306022
271300
-1471667
542651
-541021
-1465179
-593599
-1245822
276737
-539177
-1986707
1019487
-401381
-376679
-1493928
-1545492
-656617
-728548
-690678
1234245
-310575
-1129426
-1623871
-1613058
-1538628
-993593
-1057428
330566
-204806
-1034977
-569006
-1277302
-1366503
-380747
546136
682817
-1089467
-290493
-576517
-531808
-403907
-188463
556228
-1421410
-668444
-124036
966522
-252239
-397656
