#SpinCore Technologies, Inc.
#SF in MHz
#SW in Hz

[HEADER]
@CLASS=	RADIOPROCESSOR
@FIRMWARE= 3087
@SPINAPI= 20191127
@POINTS= 128
@SF= 21.670000
@SW= 127986.351562

[DATA]
-3940307
1621481
-4427766
-261631
-1921019
-2788418
-1040402
-4505883
565895
-2344860
2766100
-2582554
2651444
-537098
4070460
444444
986842
1228383
373618
3761208
-1455187
4505793
-3419546
1809643
-3476463
-721400
-3472264
-908807
-3347472
-2388685
-390559
-4536297
1448230
-3494941
2373197
-2404806
2404867
-2092490
3028980
663106
1951589
2507190
-97505
3231678
1988216
1556983
-1660702
4240867
-1536604
1335720
-3195355
183464
-1340371
1230855
-2598313
-869493
410433
-1726583
552055
40966
429772
735036
-1095027
-640438
1755314
1233566
1380998
-652584
-1122356
771749
604434
-1682686
807980
660206
-265539
28568
-917627
-3097060
679083
-1410180
-770524
1005899
1291316
-75958
1347074
-141918
1031752
138739
615116
-43460
-529704
991950
2002974
820223
529598
1506893
-1244719
304235
-684885
1069378
-1032863
-481896
-466870
2531087
161016
-773351
-1239025
-1281918
-1006464
1084066
-801132
-1957574
275616
-1423424
833825
-1116905
-1166900
-107509
452094
-536175
1427972
594477
1300941
-179754
-381462
710043
2027751
-727777
-154888
-128160
524756
1086737
-174001
-1179691
646564
254512
-2192627
394429
-1505561
-144165
-845594
-55966
712996
2247394
-1009124
-623856
-1013525
-1045585
377888
778053
-1254533
-347517
-682408
-284728
1739113
-1685689
-1478165
669537
189341
-505275
-415737
329340
1858227
93051
381969
538512
-641677
-612946
-244921
178346
2269194
2254786
-594507
-139080
837965
168812
548293
-775371
-452984
336613
240880
-147786
-159349
842947
210627
432815
1121506
-1525233
-41314
-177611
-278789
664640
-514418
1600578
394096
-1303325
940249
705184
-1712909
91802
-1698558
-920624
1124554
-210381
2601418
370636
-1871591
-42278
-896416
-874816
-148989
-198874
640406
2278559
-1976880
-389900
512460
-1072929
-684794
-82865
1006588
2887542
-356995
-1972490
963724
551526
-912294
172170
-1539862
822821
1020207
-16188
740345
-129933
-159440
1178031
-403312
-595985
550515
-144719
-714786
1860873
1405537
498314
270289
-781877
-319839
-188585
-702732
-383144
-370180
188704
1209756
1433011
-12170
142126
