#SpinCore Technologies, Inc.
#SF in MHz
#SW in Hz

[HEADER]
@CLASS=	RADIOPROCESSOR
@FIRMWARE= 3087
@SPINAPI= 20191127
@POINTS= 128
@SF= 21.670000
@SW= 127986.351562

[DATA]
-3850812
2021787
-3622693
-1354580
-3461606
-3560563
-3108151
-4977954
2317167
-3986012
3628310
-771461
3472849
-647290
2936947
1948659
2124932
3390325
377438
6321344
-1939884
2577046
-2858470
2390245
-4407448
-372763
-3585024
-535096
-2764565
-2646425
282690
-3884265
1470929
-3468080
1552080
115089
3262733
-1543307
2817472
1426495
1075856
1342120
-1405795
2875432
-2089529
960833
-1387318
451419
-1285662
1220373
-2733001
-644785
-563393
-1778961
-101012
-1738862
1853931
18177
-1659429
-494220
1134428
-1908632
1167294
-680632
606322
335406
-1737921
-180816
891184
-674705
671782
75752
-324261
916377
-1966431
-467861
-967290
-1012307
-11223
-1026427
-655657
337694
-1274276
-1036149
1749444
-1404074
1137925
900460
301548
-76993
-293541
-1765396
428404
289611
250250
469424
-971924
727667
-910558
-1103713
1429378
-680205
664499
663714
221958
1762261
-547556
-2392587
1064114
-505083
-28363
879575
1329096
-1606261
1393090
-1956271
2214074
138867
396280
307565
622183
698855
1071992
-1688122
-178207
756901
-1587302
878617
-441778
20484
1792590
-1083868
1358350
1052542
44433
492225
1495293
665445
1278751
-765838
926944
1563274
193528
-284622
727298
365343
183497
998093
-600137
683515
-2094996
-1428156
-33570
307043
41467
350926
-66626
1813193
-963331
-1800868
-18252
-506273
-440958
-439003
-88806
1515646
-980146
316042
-510169
416427
-805944
-322042
243959
663180
883157
-629609
-466989
-994168
-1114897
-1300370
-1383811
-701722
-59417
138905
130040
514908
-827925
-1588443
-1050668
-46406
-110907
-370755
43085
984513
1190803
-761307
-589980
-276620
-980832
312147
126370
661156
888269
-1493678
1104106
-322393
-194156
141643
880429
1877952
2255956
-1266079
1535861
235646
-2296035
-1546409
151475
1352002
849098
-1286808
1412972
427275
-1239555
-569237
193608
1839693
813545
28018
1058713
899047
-768914
-358447
-1001413
771816
-752
-193596
-130580
749160
-1429611
-235313
-467898
-136710
-979925
-482758
-607455
1128292
-230045
-938661
-1515154
-641843
-1169195
-966701
-965543
25616
-834215
-2000703
