#SpinCore Technologies, Inc.
#SF in MHz
#SW in Hz

[HEADER]
@CLASS=	RADIOPROCESSOR
@FIRMWARE= 3087
@SPINAPI= 20191127
@POINTS= 128
@SF= 21.670000
@SW= 127986.351562

[DATA]
5467672
-441349
3158438
2726297
3499366
5944097
-79395
6147552
-3517280
5586158
-4364573
3210025
-6151373
-480560
-4556156
-2162481
-3351110
-4225842
-1580146
-4905368
2113528
-3735461
4456764
-3361948
3446700
-550587
3219046
2587716
754849
3294632
-730751
4128833
-2319684
4124701
-4753474
705569
-4293865
-1262375
-3273921
-2585946
-1730821
-2331302
-450763
-2585259
1803201
-3664410
2633391
-1952965
2603079
422219
2441089
799585
719807
1869218
1584743
1436814
191908
1443683
-1825704
882666
189964
474886
-1407547
-603963
-1064473
179055
-405216
-828805
1243355
-1353736
2046476
401873
514698
227431
937728
-1262683
561238
360727
547033
1509246
453433
1966595
1059682
532792
-987016
2139
-216681
-592751
-580361
39020
85771
-638426
-566825
322339
939005
510732
-1410476
423693
1451488
-709583
168070
1236377
-373266
678767
-311410
-167145
-356679
-857622
799869
1841211
-443153
213573
-1797992
1726713
-444954
-465916
-590872
140956
-707357
-1760246
-1192818
-358034
166410
-1636904
-707866
45768
376976
-2005822
-700463
1038489
-656349
-42391
-234118
1198580
-490081
-2410627
-908346
-1299401
-910428
-1568274
-540262
-114209
-293718
-645473
8607
-772997
-1140548
56104
139902
869328
786568
-1435318
1082415
-596877
-238194
-319665
-262444
-298858
530807
-861827
1568401
61408
1320535
-805183
-539513
-331305
711315
46379
-19443
759434
190011
-2402505
785265
-851699
6291
-776888
184125
643542
1508045
-1740464
1280356
444754
989324
-83731
-393488
360279
540902
-1645472
1180937
865511
565543
-407915
102822
810077
1189989
-568757
980388
-1137174
438415
-136083
-524752
860849
1706309
148544
1108681
191095
162816
-105402
-35277
721086
2664819
1093930
475123
1601424
777727
-259364
-752629
321369
2099384
512384
-711104
516746
676772
-731423
-867012
-584332
1725213
1426617
-360296
1105165
-147203
328727
-910322
-282586
-243954
800698
-320816
1603743
-1074766
1699227
-105652
-260900
-772596
1873594
-922169
-48870
-1546877
1180957
400995
-409374
-122732
1652706
-2286702
1700222
-1054484
345564
