#SpinCore Technologies, Inc.
#SF in MHz
#SW in Hz

[HEADER]
@CLASS=	RADIOPROCESSOR
@FIRMWARE= 3087
@SPINAPI= 20191127
@POINTS= 128
@SF= 21.670000
@SW= 127986.351562

[DATA]
5554162
935099
3891126
3176969
1635925
6141073
-2394940
4452887
-5388683
5528563
-6003622
855170
-4706090
-1976292
-1796218
-4897223
-847688
-3925392
2295972
-4594261
5405265
-3017483
3536714
1328505
3446173
1705139
1189027
3846362
114080
4390190
-3818740
1374117
-3283998
1361939
-4159804
-1266529
-1961400
-2011916
-288343
-4327201
2795482
-2859945
2377378
-2967434
3608947
1391489
660943
2517340
-162879
2270074
29706
1594024
-1156330
2010952
-902341
604582
-1986580
-2110659
-3061656
-769647
361928
-965658
778357
-698230
1221908
-274789
482167
-1391637
1171168
-23774
1364
1116618
-53064
1318599
1335654
844824
140
1922614
161274
-795412
-121589
-1049496
-202151
-116062
-1576629
196809
180435
-686920
372600
737300
1800326
-1738549
422750
287930
-116258
-299521
-844010
-616312
1064219
221451
644085
-231623
673957
-105693
-176473
305766
-680096
-75152
-626814
-815241
179087
1795833
101215
1460420
-238569
-647256
259983
330060
9515
92730
-88984
660262
982257
-250645
528729
214155
465698
-1129874
136582
-1516916
146181
203707
-220349
491907
-560657
-439030
1730524
603545
305140
678297
-298722
284635
772419
716341
515562
1210781
924452
564826
266284
-1201917
-538931
-1062052
-2035457
-573332
-922045
188649
1139012
1100742
325562
-522989
-322041
-812880
-82913
347676
-1006512
1639811
-159976
509399
262144
1007995
-121285
1298960
-438354
618946
344580
515649
-492647
-866850
-2525730
100710
869306
291156
194429
1049452
357901
-327072
-503844
-925565
380521
193374
-812404
-311301
-810051
-820373
699654
1283933
-646569
352598
1262997
-570068
1285885
-545054
-389727
790895
218893
634492
-131429
-1259557
-67640
276804
268877
-1670659
-657896
51629
-62397
-307317
-1023917
-508369
779922
1469940
-224667
-1191979
150234
-550955
956736
-1043813
-661399
-61230
591401
237290
105590
293557
805482
2334778
524071
-1145306
-24517
1100085
-1232588
436575
-679499
-662459
-1325561
1046186
769174
497909
-812184
-394592
135648
-1746367
12270
-82170
-598335
-354610
224334
80224
