#SpinCore Technologies, Inc.
#SF in MHz
#SW in Hz

[HEADER]
@CLASS=	RADIOPROCESSOR
@FIRMWARE= 3087
@SPINAPI= 20191127
@POINTS= 128
@SF= 21.670000
@SW= 127986.351562

[DATA]
4337958
1753872
1574180
2781200
939644
2515641
-502526
5265214
-4300293
3165719
-3673895
-37625
-2950678
-1490129
-1951820
-3264512
-274015
-6091444
1553833
-4449893
2367068
-1517647
3162031
-155082
3127490
1195043
1569062
3599336
1009830
3509355
-567553
2553498
-2081566
963719
-2765566
729478
-842534
-920113
-1280858
-1476154
1805101
-2609317
907384
-2430730
2299184
-521798
1141526
1392818
215575
2851409
2732202
1250023
-713226
794053
-395502
1213088
-2045685
404571
-2527977
1754787
-347286
-735096
291574
14312
394312
-1837932
-729727
-1299474
-138216
-103304
-929789
-1443137
-778687
561697
476867
688174
-118663
1915712
1577745
-147884
-389870
177699
-1307364
-95851
-909939
-936389
-555629
106279
-1069488
-270426
767945
-1539261
734197
-321207
-729557
-726973
478607
-657498
-247299
1099235
162221
18571
1020961
668541
-381058
822436
-297033
471469
532306
1178040
-57388
-226310
-1514060
-1390796
1080939
-585698
-703079
228091
269913
1080235
550448
-1655852
-804385
1238770
-19681
-786984
185248
-242456
796061
-953352
-522450
-788035
616125
-331552
203861
822974
-217576
485231
402068
-10644
513943
507516
93371
1411306
216579
-1065315
-1558453
859981
-453494
-74986
782479
2846
-184063
-614069
-863448
-25939
533855
430793
75591
-899526
5138
485805
-588718
-235121
921758
-218865
420179
-778353
-84903
835631
975887
-508702
2525271
735926
-176714
-401068
1109365
-1546451
727374
-219554
-525517
2345453
-811275
154021
1142733
158454
-437331
112509
-756287
751972
551317
-774318
-213552
-85582
-519869
-1452307
419562
-1964883
1488857
467507
-574639
-362367
332726
1219132
-115751
1117363
425363
338315
110903
-606612
-525846
959880
-504134
659923
205162
-260919
698619
-481181
-787514
-514608
-387183
466607
-506751
794109
843584
46609
1170612
-215862
1130307
-953963
677444
-94337
-1369066
272314
-793839
986160
1602652
1258701
-1516895
191667
195947
-1601581
-248484
-469907
-1279992
1123259
-563712
-2566536
1888820
-276122
-729685
503773
-552293
-256163
1712339
523456
