#SpinCore Technologies, Inc.
#SF in MHz
#SW in Hz

[HEADER]
@CLASS=	RADIOPROCESSOR
@FIRMWARE= 3087
@SPINAPI= 20191127
@POINTS= 128
@SF= 21.670000
@SW= 127986.351562

[DATA]
4159959
1806431
4506867
229441
1258579
4588117
985977
4921648
-2342362
3076354
-2115919
2421506
-4608569
-129677
-3351214
-2636428
-530255
-1849699
1624324
-2231321
270220
-1916752
3324402
-1383803
2379267
503436
2223824
2887047
2347453
1778871
-873350
2027541
-2678917
1945272
-1575748
1346065
-1709186
-1109043
-1757760
-1245238
-2356042
-1567781
-323440
-1959151
2790804
264827
1202624
-1219715
1356362
352854
692161
2212970
-134512
1571492
-1472114
1225901
606711
-401878
-1703508
-606578
-1269180
-717933
-684374
-916249
-371269
-569967
1637268
-517527
297793
-1553446
1515923
34354
395091
1070170
692142
992914
1470347
120374
2198057
-226653
-516664
389347
-473335
971204
-436330
638367
-270863
55521
-1000737
-383497
-179075
271026
-1170410
1008086
1226442
918757
-242276
-2174005
-279587
-191626
331879
333699
-645399
1646137
729622
286282
687457
-484197
-1324521
-789351
-1908570
1416007
-600474
-991595
-300728
-745992
-217638
-1610399
-643947
-1529639
-499535
-1377067
877645
1512100
1151274
-1713890
-473596
-31021
40543
-899948
1741190
109827
690031
638091
1052651
-1439022
-549541
282081
539718
12432
293003
147478
78665
-341523
985821
-517897
-1253508
-576685
-117302
1319622
272841
41946
-280573
-797295
-344293
-429277
830064
-374760
418149
429523
-976168
178300
-9825
-1262617
1579150
1223157
884453
763569
-403578
-573122
-220596
34799
229770
1171716
-164143
-179387
386933
-906264
885949
137731
388983
26121
72251
-562676
298566
-1681948
-1568631
643765
687905
372236
1063934
-816312
671839
-751180
768210
105879
-108638
-431784
847289
883957
445855
304968
-674112
-643533
-197699
982486
95241
550560
-175032
-215916
-550782
-6384
254531
121524
-1134365
802342
408490
536663
1737
-1327169
-413385
1061053
-915105
540429
-366222
2029560
151355
-37733
-123839
-1149742
-919569
-1399507
250552
1107787
-256842
1210399
1344803
-1209987
2400132
-881413
-920478
-1133000
-1211250
-41884
1453839
1080780
503132
-374183
-11256
-464946
506234
-1095000
-900392
903377
332045
888934
