#SpinCore Technologies, Inc.
#SF in MHz
#SW in Hz

[HEADER]
@CLASS=	RADIOPROCESSOR
@FIRMWARE= 3087
@SPINAPI= 20191127
@POINTS= 128
@SF= 21.670000
@SW= 127986.351562

[DATA]
5411012
572050
5535097
1143743
3542170
4234445
845754
4653297
-2989541
5331929
-3540461
4959292
-5199420
1416302
-4839796
-675403
-3454952
-4827775
-1537709
-4592995
333432
-4324913
2996021
-3545394
4402762
-949193
3893838
-383691
4051068
2033421
1788660
4219933
894388
3443310
-515851
1717767
-2957797
721870
-3662956
-335222
-2988063
-16974
-743719
-1968157
152632
-2212539
267039
-2196475
653873
-1958564
-238742
-695835
2079560
1046026
1096783
1676006
1026699
2645552
-2164107
1140058
-454534
933237
-613705
171054
9690
-527701
-494532
-1360120
-777715
-1083912
429547
-1315402
718775
1781885
1628007
-812794
597056
-262214
-205104
442017
319015
1065310
178872
1041405
-529982
129817
-695568
937430
-2219506
-1033910
-1427857
-308088
113511
-660244
-1351524
-1031937
1807772
-933411
-1881285
-480832
-790820
-144174
-239205
-1335960
1803412
-247743
-259094
-54574
448892
-1676212
716318
-283723
534790
1359950
1340917
862094
329524
876115
623072
702394
-575555
-231713
-764556
586895
-1309777
671801
-207471
688983
-693853
-2117264
566198
-609890
415533
-318495
-531308
-385367
556429
47916
-473539
491461
221921
-1883796
115852
-804427
399529
271593
69217
-333361
476755
-141327
2401714
652556
1020401
-545827
1037727
-815993
-659525
746478
-262260
2010615
869451
1055692
52120
9656
133445
-734847
-445605
346011
255972
1282964
485931
-372521
-497055
-333789
-1581643
445656
-792792
-580914
249340
-323141
219411
749113
-497973
-858255
1335092
-689575
-75724
-826527
-852431
717728
807410
-1477463
21361
1013127
914054
349945
-49901
160964
958598
2309109
-1026182
381695
-750102
298451
-556145
-819994
-1176525
2178168
607824
-1271101
-428021
560558
1495063
-2083759
22457
511047
543526
-1347648
-580683
-1307581
809284
530194
-263016
1866621
1537735
-127478
229264
-81960
-1229979
-263891
-1827524
-189718
1574708
1770230
263775
-306674
1262708
-385996
-1285520
-637829
-1646146
374145
-592271
-82124
1040091
122301
1131754
-1190279
-629438
-2217016
648189
-1456006
-1271570
925429
1143680
-391511
