#SpinCore Technologies, Inc.
#SF in MHz
#SW in Hz

[HEADER]
@CLASS=	RADIOPROCESSOR
@FIRMWARE= 3087
@SPINAPI= 20191127
@POINTS= 128
@SF= 21.670000
@SW= 127986.351562

[DATA]
-2139167
162437
-2732434
-1263493
-677632
-2747066
-738857
-3921358
807135
-1259182
1453973
-1240792
1706336
-1556626
1528102
-736118
1370867
2685356
1177008
1234655
-355873
2724301
-1521946
686454
-981032
523274
-1348765
-2219287
-1369893
-1369144
-363232
-1114827
333555
-1541127
563900
-1981549
597546
226506
1283813
1753125
2030694
-847981
946776
-38084
-526011
382363
-990385
2144044
-890459
-451609
-1611977
1206108
-402094
436656
-815458
-1079297
42959
-842291
2580
613347
-424150
-72231
791760
-10779
419004
-901077
282301
321715
-1119087
433438
-611902
1259145
109995
-937430
90737
1183204
-221727
646546
217367
1053397
-880029
772500
35615
802339
-2004080
844812
-99469
1319555
-8081
-158371
990469
-115293
-863653
598124
-885712
1642569
-854215
1390560
-532433
556571
-812534
1006326
-439677
2327416
1007164
552523
-845013
-190418
-63102
-757763
-550145
402420
195609
-220572
-64601
569037
-1121696
-281043
-2080206
181027
141644
-405192
-327409
1631455
-495988
-711247
-1380195
866692
-470683
1516604
-534136
447121
-1010371
53018
-630297
-1336302
411157
1491097
1041829
564130
-849306
-872164
-1612329
229415
-935821
-619831
478522
576400
-1052449
-894080
-61847
-74074
-1684596
-130544
-834244
1756275
-855033
-1305326
-63949
701031
-224199
721149
-67841
1380277
119709
166642
-111142
-267060
735218
173621
-40244
877574
-220381
-1159151
-1224324
231720
58603
-323612
-1009307
969945
-408413
-1943884
-479346
-427214
-686308
757269
565797
491249
-1154912
-1805080
248493
303787
-827944
1253774
-1330274
455423
-474436
-459381
-838904
-476288
-98228
28087
59745
-599943
-1381919
447843
-1262324
-485798
-278928
907204
443051
346017
-1519827
770541
-833048
-107933
-481739
1002207
-329858
694071
-2395949
111355
-347896
164535
1106573
-1309978
-635119
-357733
-1299799
1032541
-957252
-511371
459351
-446382
-1180160
-1337182
-697682
1161980
-821238
-493301
-181984
1779821
-1144557
-484935
-1420128
1245900
245857
-973523
-99094
-305606
-925656
-560926
-1275018
550435
-352573
98789
