#SpinCore Technologies, Inc.
#SF in MHz
#SW in Hz

[HEADER]
@CLASS=	RADIOPROCESSOR
@FIRMWARE= 3087
@SPINAPI= 20191127
@POINTS= 128
@SF= 21.670000
@SW= 127986.351562

[DATA]
4855846
-1804667
7446511
2887252
4803015
5569118
1111482
5240610
289053
4364341
-4729460
5234936
-6115241
1331903
-5591216
-1594158
-2942817
-2942858
-2248579
-4849646
1068416
-5895371
3839471
-4312019
3616241
-544576
3440117
1654280
4533524
3534549
3667205
3826148
-969373
3252119
-1522396
2659372
-3598959
2949851
-3615128
2101986
-2996400
-1457971
-845442
-4449022
-411284
-2374557
-228927
-2381131
1427268
-694755
3406893
-801453
1929029
498381
331092
670609
1150023
1396153
42995
2317039
-1589363
1369426
753409
1417265
1133094
251326
-1591791
-71930
-368245
-982813
282826
-1230461
808334
-38415
360583
-577090
14432
-175543
-742801
-670176
262613
1216003
1633695
474319
-586085
-555404
-455163
-519955
-1490912
-31367
-1197499
1082772
516808
-524449
-427224
404209
60014
-1026572
-1712116
-540869
-476064
-163901
1428319
430108
-53767
6904
58812
-1067591
480930
1320387
-972730
-134209
405036
-649626
1795812
720881
146483
510304
-935848
-764644
-715060
1530004
-705291
109444
221490
508591
348647
-450615
-983134
-1812607
473284
-1390652
-588558
444672
878362
443096
1485413
-213304
1500849
-593266
-671338
1364622
-855779
801233
331543
1400894
1553037
2740667
-230812
235708
-1196780
-1158001
-273713
-1045998
-674293
1068788
1656711
-34442
-24552
-1341899
285830
27999
-1162491
-1480930
409631
778338
1649586
798443
1435009
1634213
119279
-2098927
-1344228
-257946
1484302
1562928
-233110
989445
1258934
-1601867
-44877
-502084
-2209124
370541
-1550705
-772625
59321
878490
1230747
763522
-1313296
-171734
307937
-1995922
-1280520
-476021
-1543053
1350053
375459
-566659
1185461
-225500
1686057
-1054961
-595394
-1235893
274206
-34400
-241828
546080
574925
788113
1702808
-560575
1206000
269045
-1529590
-89475
-616197
259946
-551791
819008
-158500
-167030
547355
-517544
-48719
-1411571
264051
800532
1622318
1652265
1029007
193892
1489352
140782
-483451
-205903
-200648
929430
-577841
971805
385885
797862
-352865
-1180851
-850430
-668404
397146
55185
-722054
-459643
1575375
-900642
926344
-1655507
