#SpinCore Technologies, Inc.
#SF in MHz
#SW in Hz

[HEADER]
@CLASS=	RADIOPROCESSOR
@FIRMWARE= 3087
@SPINAPI= 20191127
@POINTS= 128
@SF= 21.670000
@SW= 127986.351562

[DATA]
-3178350
-814293
-3170901
-530183
-2047356
-1874951
341642
-2443855
2522113
-3413451
2541390
-2120198
2137661
-829757
2969129
1639210
1184812
3131645
1740757
2209674
-411863
320613
-2515664
637054
-4319584
-432928
-1277594
-912647
593139
-371986
80421
-754863
837139
-2237505
184389
-487588
1186674
330443
951417
551409
3288268
660571
829948
119433
-1025168
483979
-439623
-350024
19305
2765825
714449
895973
357317
-884801
-38705
-2360688
-1000909
-1044521
209918
1212525
1185587
94260
1667484
826854
-847434
-695755
-1853413
-1396946
-1851727
1289441
-882749
137624
-259767
689903
370518
-2763305
-638380
-330479
-534558
-176478
-1075317
-149513
692957
433223
1511312
598656
-194141
-1498475
442715
39225
-568789
1229563
371689
1336234
885832
-779669
2429086
-578859
-1280490
297870
-3389424
935802
614477
2377236
-584305
-32151
1389751
676036
-32611
-744635
-2299962
279699
-1677770
-1350927
2275876
-706148
911169
65065
-101166
-1920569
-448056
-2236885
-345547
1165584
138023
3070575
342951
703892
1785335
-248393
-314675
31588
-423575
774240
-1148449
-365005
927771
1122657
87476
-53202
-457894
-1361869
-1180426
-2454742
-703290
300519
605664
752638
586234
524157
426110
566083
-2034119
81421
921987
-1811260
-642601
734741
740820
706105
191184
-1857273
-946058
-96943
137329
1732082
-681021
386588
352026
374268
67657
-152373
-192669
-85618
-1051716
-230909
-805224
682611
307934
412501
-1009144
343736
288951
-1174230
236457
-1369365
-362072
1237768
728344
-193505
1564464
802795
465538
-661346
114403
203055
-1404091
-629995
-831039
551586
-303017
-224592
1039180
-951399
-413336
282725
-604882
49415
1171066
399237
-409351
109880
-173959
2161443
-1573971
-907320
358265
-119964
-178813
-38652
-2244826
-1705957
344312
-1457635
1998738
-146058
-1118421
718713
634099
-2440774
1884544
864982
-1065744
1041257
-344094
368364
1677006
1403007
1399419
1059332
1990441
-20596
-696274
-1254717
-620158
395972
-1084900
821636
333614
985840
-730430
-138156
183753
-280912
-451964
-727291
