#SpinCore Technologies, Inc.
#SF in MHz
#SW in Hz

[HEADER]
@CLASS=	RADIOPROCESSOR
@FIRMWARE= 3087
@SPINAPI= 20191127
@POINTS= 128
@SF= 21.670000
@SW= 127986.351562

[DATA]
3376282
-288092
4098822
2523878
2092571
4017292
-741439
4609501
-1356259
3163518
-3518016
651336
-3428430
-56669
-3670664
-1544632
-696224
-2802923
178779
-3278174
1699597
-2749830
2392792
-1324903
1212116
-956882
2023594
2039675
879557
1248394
-866251
2885879
-234970
845368
-2620235
738219
-2944995
-227030
-174295
-1251305
-159639
-1450007
720826
-495552
1705788
-600567
68935
-442360
1496798
1473326
-709754
209411
503800
334340
-1562711
1336037
1111712
-165265
-2245944
-258924
976412
-1078972
-580804
-719382
964474
-672477
160808
-819465
363359
-982813
-614792
-257007
51678
338986
194839
964597
-560257
-40666
541059
-239988
-841385
-119785
256589
-352299
-177238
1538029
800954
-2473781
-5180
-164401
-816228
84272
-1342717
-1073746
1415458
642678
1623982
59710
910028
-515732
-925108
33750
-1699363
-852501
-612025
-700076
-871761
1554515
211076
-1553239
1157776
175931
-360597
-1210291
507035
1151980
419845
-465096
1027752
-4273
41330
60334
1364676
-1797069
-789152
960735
397964
-1171576
306234
840936
993507
970767
-2183316
845049
295563
-34342
786210
-100695
-1523542
-1735619
-1375404
42147
-107661
-321482
-214829
-180705
-196007
177793
493650
-1858942
-1020055
46976
303085
-304039
1890225
941109
243225
-1908732
-324087
-696383
120613
-164126
290587
2007272
-549194
-359722
1351722
269998
-1815425
1026112
387155
-1482887
-1124877
929827
902003
967433
-1292758
-376696
828867
-919010
-396896
-181904
-2832148
930457
724953
-830801
-1402022
984283
813936
409251
-572680
-941546
967837
1368117
419969
-214224
-373127
1772965
737622
-911715
200999
1474509
1198927
625367
-1196792
-2198673
1054118
600034
-593515
1138743
579208
-879681
388649
1365661
-1624698
-305751
136481
-98973
318191
661740
-549670
1510706
-59419
788553
623550
-1636695
379641
-19695
-991689
-1049177
-513185
1104376
353101
344487
-1087727
937936
242519
-1093690
-1108848
1013037
-1170785
-1210980
1954527
-144552
238265
1771133
440851
-1994828
-1118897
-1741407
914757
1600606
-2271967
246651
176014
471648
