#SpinCore Technologies, Inc.
#SF in MHz
#SW in Hz

[HEADER]
@CLASS=	RADIOPROCESSOR
@FIRMWARE= 3087
@SPINAPI= 20191127
@POINTS= 128
@SF= 21.670000
@SW= 127986.351562

[DATA]
1024266
-1014931
-133426
951495
643574
372100
-338556
-815133
937951
-455173
-1234468
-244464
-1239084
-1239301
413066
-1180255
556883
1146494
-1014291
-839515
-704350
-737164
1561138
484981
2527
1549046
102769
-585233
832362
-95951
166931
343916
-174461
-264785
-351357
898742
120230
194965
237769
913653
-242543
-667075
-659940
-181943
1168815
846553
555926
170078
-244488
359963
-601593
1359182
-167362
2413202
-578362
1458483
589740
341169
-177472
154163
-366050
759693
-1077493
-559635
-1085198
-509855
222504
-4877
-678422
373382
-1580574
-524277
14595
-497818
-472155
-432886
-203423
-1021745
-1210550
-1620177
1550813
-373652
-397657
138829
2199175
104942
582172
-2098474
899214
-677774
1922
-196281
1945285
1005200
1424596
-193870
165073
1803579
785747
988161
162161
1754235
931229
1244696
74072
953778
148231
609208
-564297
252214
-14189
1809239
-1248977
-310139
-358954
795018
-704424
-69924
-499281
1905424
631599
-1314599
-1973353
112145
417878
-527667
-1709039
-628308
436854
-292970
-480774
1669412
1041353
-392046
387495
-1138202
1337631
-583270
-685306
-579834
779702
-503437
436574
-495839
-106015
-288626
53190
-304311
-485837
181063
340304
268569
1044696
-249309
-1106275
-561044
802034
-468952
305908
1619022
1360737
1469437
-241122
-602824
-951410
-874373
-125989
1333052
101675
2775531
-346237
-1005396
139914
-1122284
-1557499
-869635
-1082652
1684211
1220407
-1270375
-346423
728590
904742
-1065167
-557305
-747849
1651575
945143
1065388
1022183
238458
-398062
408472
-1206475
1125161
756974
-403033
132757
64200
472778
1191615
-216837
305058
344835
302335
359781
1095737
1088667
1032795
250616
-67901
153330
-998844
277895
-512734
280758
-310114
429355
-663489
-495389
-537475
263653
-246395
979580
-1271693
827409
584701
277958
-515323
-408374
-485065
242826
-891385
-725300
-201979
247378
283899
60131
9177
-949145
-1357061
-635996
115482
619771
762385
878233
801135
-1084759
252265
-1397767
-368131
84293
-634873
-790537
1703106
1185393
