#SpinCore Technologies, Inc.
#SF in MHz
#SW in Hz

[HEADER]
@CLASS=	RADIOPROCESSOR
@FIRMWARE= 3087
@SPINAPI= 20191127
@POINTS= 128
@SF= 21.670000
@SW= 127986.351562

[DATA]
17895336
-1504553
16399736
8607950
9205000
15203823
-191064
16748945
-8387251
14076616
-13924913
8865474
-15755839
-1172479
-13976381
-8777321
-7490492
-13830392
983180
-14992233
8330414
-12609648
13047685
-6178111
13502783
1781835
9992045
7484694
5055502
10831197
-1985617
12215435
-7830801
9563406
-10772186
3759715
-9273886
-1624625
-7728400
-5998776
-3162774
-9501047
1279590
-8085571
5492843
-6228059
7086342
-3109109
7567262
1096712
4479827
4561786
1386121
5449985
-868011
5009685
-2906849
4610692
-4817556
1546008
-4667960
-967598
-2722331
-2173163
-1879296
-2862436
-54711
-3556482
1557282
-3568442
2046746
-1037128
2794290
33284
2512110
1102124
1478919
2150450
-472637
2007717
-492536
1311179
-881736
1253876
-1284760
1142825
-2077365
-1077361
-1287230
-539552
-927268
-1306503
-495880
-1213651
334321
-1418716
1936043
-1151723
1417819
178158
1011409
-541984
1408941
330986
924393
1258412
-144689
1662023
-149083
857276
-272865
621904
-1347739
697179
-1043224
73431
-594665
-462649
-67107
-271930
98236
-842488
1066074
-1460415
776222
-479522
484781
62950
907178
751309
960783
1517106
609735
549770
-437123
1335372
-1793120
-219752
-542357
1243583
-403170
-114246
-1169958
-571304
-124035
-427149
590472
-388040
719141
95727
162232
-99416
798245
-25475
539043
252943
-735171
290538
166684
-112224
-1057898
220726
29846
-63814
-418354
-410587
338991
-777327
243448
-378505
82098
-7773
307066
54050
79964
-1130955
526464
-53787
-201009
-155283
21181
373940
-13103
601123
-134091
407721
-4529
-202725
-1098960
-6439
51019
95368
-234525
-389572
788698
303696
-774587
231192
540362
-487376
2179
98200
-239571
493167
188807
-321093
667603
-443403
-458351
-232764
-487801
-88046
474709
-543340
380879
474648
60212
581570
19038
-289499
1350576
-43281
330137
826355
-78714
-456703
-86514
-76349
225915
151198
-633940
199613
-403439
-300095
406835
-186717
617366
724500
-292090
545101
-481738
-228868
-390120
215504
-212980
83253
-141957
-179160
754415
208768
179462
366503
90421
87481
413415
-452232
