#SpinCore Technologies, Inc.
#SF in MHz
#SW in Hz

[HEADER]
@CLASS=	RADIOPROCESSOR
@FIRMWARE= 3087
@SPINAPI= 20191127
@POINTS= 128
@SF= 21.670000
@SW= 127986.351562

[DATA]
1929495
334
3530043
466362
2656198
3998926
1277506
2574068
-1439378
2800256
-2299303
3090213
-3492740
898444
-1780955
112730
-3086411
-2321681
-598757
-2596444
-916496
-3363397
1908264
-1133821
3520426
850805
2893570
-460558
2218457
502558
-70395
2109081
-847349
2951084
-2747176
3249341
-1190522
2044292
-2362444
-1318366
-1360634
-143450
-1155760
-204175
287535
-2079976
2707350
-2243678
511575
-1796333
1440094
230305
106743
-587799
896367
1657608
-468205
266542
827587
-139509
-486604
-809651
-1277350
441309
-944498
13640
-175458
238699
-959997
176618
-471946
-15860
-75406
273869
96653
358492
-829219
207576
-466125
-669939
-584822
842811
-741081
139033
-681085
313737
-164578
-150363
333317
-698072
-142553
-1124426
11764
-715067
-886321
271848
-1573097
663922
203709
846454
611078
-550443
510035
554934
-381621
-1080123
896509
-233263
586612
1422300
-412998
373134
-388883
-583934
-569640
113715
-1060618
-90390
-945503
284661
-1104280
-1227347
-197603
-1559262
163744
-1242386
-15794
-681081
676393
-423529
546689
258712
703886
-165366
-880749
967815
-84436
258801
103029
-13861
-171088
1334460
-56001
-1263220
-674202
652764
-726221
-413433
-776334
689207
710157
-294173
-427547
-1084456
-45898
451858
614309
247701
982776
257607
-482904
129331
-491017
597910
-442120
-649084
71796
1011349
611660
-367135
-416749
146542
462849
-475005
579893
-312033
124250
-106203
-74546
455071
598449
-189769
-466069
544169
-125443
-579587
660780
523955
308642
351764
-297797
292932
304749
-90621
-921963
-401203
-917201
815372
579263
486440
-1012006
1493617
285425
-636817
-182553
-493778
-32022
891720
352736
-1117172
908610
-230408
69970
-170505
292570
1539
-408062
-534578
-883652
629255
169344
260868
563829
-306187
624000
-307193
-443901
-733741
863543
-258466
593505
386521
951980
1331120
-1744574
292526
-1328646
893566
1307505
-21298
-45678
1779038
616251
-1085519
671371
-1331641
-369325
395548
-1781322
746115
633107
213002
960335
535443
-261830
-190630
