#SpinCore Technologies, Inc.
#SF in MHz
#SW in Hz

[HEADER]
@CLASS=	RADIOPROCESSOR
@FIRMWARE= 3087
@SPINAPI= 20191127
@POINTS= 128
@SF= 21.670000
@SW= 127986.351562

[DATA]
18005164
2136545
13660083
10330246
6742231
15685295
-3134292
16757942
-12023940
11854471
-15149765
4513795
-14313269
-4858131
-10002329
-12080164
-1548239
-15115583
6257650
-12861318
11301975
-7160937
13308696
271567
11105953
7348990
5982075
11410782
-1592037
11761887
-6997544
8642148
-10396641
2990498
-9493794
-2404504
-6761657
-6604843
-2059720
-8871414
3481677
-7894342
5718664
-5858133
7225667
-1207765
6794848
2772485
4142924
5633590
-52758
5993976
-2901891
4911657
-3837213
2670131
-5277203
419505
-3702350
-2089636
-1144241
-3811405
134447
-2589839
1962513
-2708059
3113329
-1432927
2194160
563163
1382034
1383417
1913480
1241957
-213576
2293087
-894843
1647319
-729799
651487
-1182332
387129
-1860773
-641868
-1165578
-1736857
-553382
-1673013
-784139
-609287
1463706
-1645893
1615164
-69299
1293895
676033
1506448
165151
1313737
2018133
-344188
1245225
-569082
937336
-1090302
1113076
-2209704
674673
-516913
27056
-1052790
-714995
-267354
-1354364
1008671
-1428442
365559
139366
1638891
172844
1313711
-277543
811355
1310225
-349981
210990
-686248
1206521
-94982
1185600
-1793085
71694
-490255
67699
-209154
-722765
-763040
-795632
1149559
-1549889
398555
-133155
419195
-415901
593868
-319517
1656340
1789365
309178
205355
-782171
262931
-415209
-147336
-1487769
575060
-704707
-72725
197884
-834737
477766
-443164
464763
-964320
258307
-135452
60296
633708
-627714
265467
1373610
820403
242126
532096
628323
-245204
-329707
-1360746
-397526
118078
-998974
-706595
698143
87218
684115
121330
90391
-718360
819512
-1200174
-209020
623412
104654
982846
749468
-341361
620272
980424
-239784
-361583
-458248
-99823
68772
154830
-341438
516333
579554
-329821
828793
-624658
72282
-435054
-132955
-549633
334430
610356
-268386
1109077
326810
-347644
738338
557154
501919
-80269
-10767
-974241
-231541
375712
-840209
234824
-451783
392694
357910
-202347
106723
251217
485755
-889178
86927
-18716
-213774
184036
190472
608453
424304
762604
208895
53842
-513408
71611
-335111
-892359
-346833
-396276
-432673
19061
