#SpinCore Technologies, Inc.
#SF in MHz
#SW in Hz

[HEADER]
@CLASS=	RADIOPROCESSOR
@FIRMWARE= 3087
@SPINAPI= 20191127
@POINTS= 128
@SF= 21.670000
@SW= 127986.351562

[DATA]
-4066052
-564882
-3914894
-2432777
-3157115
-5169185
621795
-3119955
1463801
-2576828
2606769
-2059265
2973385
1792034
1105731
2471953
2010589
2911445
330740
3300596
-1876619
1532579
-3821105
-249980
-2676795
199255
-2529905
-3085140
1938608
-2382325
1468495
-2329145
2322273
-2638405
2329803
-1539119
1985404
1521171
2353221
1743062
1697797
2351446
856091
2986172
-1218466
690436
-1631805
980850
-2587277
-1488248
-1016305
-175750
249643
621401
-322138
-1245352
2557919
-1260495
453302
-1163671
1010290
310552
1634653
-284419
627015
2426783
-589549
931222
1414274
-947559
-1136254
-28953
234727
-1131745
-1563277
-435173
-1573537
196192
-333121
-524186
351120
36648
1901014
357306
-1086118
-1160752
-9918
-292124
249008
338733
-2083186
1736851
119984
2158949
101044
104710
-1227022
1019625
746046
-1479352
-2208744
85185
-720857
-1555005
-1137699
-490332
227264
1591954
471015
-2142860
1616928
905291
-156002
-119642
132685
-77217
-109228
237911
-1865041
504270
-492582
617438
-712765
1002723
-256174
-197009
755662
-1042663
362001
-622800
239105
-321452
634699
-1060274
-871068
539620
263394
-41265
-1388354
23461
925904
904483
-818217
-1612950
23269
694287
1401668
-477168
-663925
-595142
1106702
-162535
1068801
-122887
205457
-1328268
345855
-421450
-1342950
-53927
-806040
596061
-475244
1337764
794083
1089651
1948827
71098
996245
108002
-986249
178742
-1324123
-930167
-82367
-907603
442162
1339778
-470567
-117936
565294
-42603
436954
21065
-872157
92859
107775
903114
-291891
496899
924805
-585288
391792
543836
-133678
195717
1141998
309293
-526571
1771698
387570
997955
-226234
-358237
618255
-452805
-580100
-949701
581892
-1174618
845854
188292
51456
271099
950564
25610
-660786
1216625
1194020
996586
-151193
-547087
552305
620849
472520
-13934
-2703543
-519490
891386
441191
-767446
-322993
-200678
938493
846096
229326
-815097
1276120
1203354
-5840
1232248
245781
-349571
1358112
901108
-747771
-50698
721040
2025402
120278
218938
-118552
1011846
-664621
-330007
506635
