#SpinCore Technologies, Inc.
#SF in MHz
#SW in Hz

[HEADER]
@CLASS=	RADIOPROCESSOR
@FIRMWARE= 3087
@SPINAPI= 20191127
@POINTS= 128
@SF= 21.670000
@SW= 127986.351562

[DATA]
-5786214
1122466
-6131128
-630806
-2823297
-4086366
-2959910
-6202479
1630869
-4239984
3586356
-4488283
5640762
-845507
5441621
1131759
3027028
3887400
675904
4367966
-705482
4050977
-2961519
2452705
-4565195
2812252
-3506719
-1113165
-2300559
-1508639
-1218626
-2309974
328589
-4007759
1483977
-3181969
3543074
882932
2427957
-410695
2940660
-348555
768729
1640328
-200020
4587289
-2494826
1457397
-1374769
1131468
-1944520
10460
-3251562
-1555741
-1081541
-1764340
-748895
-1699277
92657
-750199
1071334
-1904133
1895496
35014
1711857
-346024
858519
682441
563569
1494003
304022
1718453
774653
1092387
-898337
774388
-2596096
-349400
-1520792
420968
-1647976
1148778
135046
-802866
-270652
-1146736
735691
-790964
-1262008
-268172
909156
-1036712
1770162
-275028
474173
1504061
149978
-1472414
59651
802130
321149
-334088
-133702
1723701
747730
10252
-308964
-78889
-2143181
-170465
-173379
-143375
169997
-1538162
-249740
-265579
796347
-741748
1003624
-637511
580743
728372
-741268
-682974
1966212
746843
1033542
1516767
-1247827
306442
818786
94408
-646933
2206717
-923212
436977
-2291778
883246
849456
-327866
-1891326
-1133143
-1941070
-1475221
566238
-327779
395905
503223
-573799
-1599243
652224
314240
526997
-231780
486763
-246510
1370531
-1163033
1485585
487932
1161753
-513052
-277407
92339
728160
1992232
-2316741
460133
807342
154999
-978389
289449
56739
1313297
-246610
-987601
666012
1256645
-536491
-1062680
20955
-695164
-313389
-1226869
-239705
137010
28471
-295483
335834
-328979
506803
582994
-251945
196096
94839
-85867
1019492
644456
-684832
1434074
-177118
-1104250
-186608
62515
-199455
-392002
-337734
-29300
1299616
3549
-768099
362947
345488
1702705
-151200
343364
-896008
732713
574382
-607676
-1865014
982863
-288615
-555875
1006800
619243
587116
-246143
-1159149
-1540274
570483
-1411290
412260
1084950
-439701
-30850
-715803
-1637549
1657099
473379
-1285417
-149741
101507
-294672
-254585
-641249
-206362
689048
-133926
-1878527
667748
-1080870
27571
3165
-1113947
-780618
