#SpinCore Technologies, Inc.
#SF in MHz
#SW in Hz

[HEADER]
@CLASS=	RADIOPROCESSOR
@FIRMWARE= 3087
@SPINAPI= 20191127
@POINTS= 128
@SF= 21.670000
@SW= 127986.351562

[DATA]
-5353873
865245
-6069914
-2481947
-3265483
-5479387
-1219536
-4434182
1264204
-4820850
3095369
-3351090
5070668
-379360
3587241
1948675
3172558
1251700
1032278
3356373
-1550179
5116820
-2772625
2166182
-2888963
1348660
-2959097
-2580672
-2915589
-2767051
-351196
-2360048
277074
-1069586
2410793
-390526
3809694
-652863
2136682
1440357
-364512
478410
-632017
1963918
-1086253
1335441
-2343322
2092474
-1983371
-1256132
21157
-467507
-1573770
-1372201
-1171924
-2145390
2334724
-1459045
742898
-615751
616908
-396658
1973095
926173
495484
1214232
-189751
1415803
-155860
874989
-1904087
1352041
-1755187
-808301
-1758633
-792721
371506
540463
-1018685
-1513917
645688
-2212311
551114
-50447
867363
-139429
-299725
-142870
1712830
-1366493
1123828
616457
-2364392
1099810
-810866
642107
-229158
1706774
-795498
1597683
-271617
-1022364
-1868119
-1156753
-1438842
729367
-1399505
-458735
742924
-593449
1805028
6309
-186579
30408
775592
532917
1173306
354997
144287
2741918
344921
-850865
132226
709304
-476473
2332149
-1273215
78353
980057
1017688
125564
-219168
-233904
-344108
127792
-1329505
-456844
1613083
-557964
112178
403624
-106650
2393818
713709
-525729
-888969
-169832
-1601330
1924612
1194595
-367328
945
2087231
-1088091
762937
-673568
4389
30073
-744666
-1050173
1100120
208747
87345
543708
827888
-33564
13595
27341
-374901
858469
-1720280
-101133
-232998
838810
-372677
-195103
-894229
629876
917451
-2603420
-42374
-325441
-32907
-260438
633173
-19796
1128673
176311
560427
591169
44686
-591207
1323618
494553
-331850
575804
-710615
-514261
-350566
432071
1203649
-685845
-289656
790247
-30950
213938
-68267
386119
-71433
-268097
-241793
-280519
694904
133666
-684874
-1829688
300844
-344256
1269533
-1510438
1787250
-29639
103471
-606871
-585335
861669
1740266
608357
1279228
1168938
1928053
113798
-445899
1677951
-1024274
247791
-2247547
-291614
-464967
681777
-722811
855106
-869337
-304313
-1209699
-1169320
647867
922930
-301792
-154782
625981
322171
737448
-975898
261289
-334796
