#SpinCore Technologies, Inc.
#SF in MHz
#SW in Hz

[HEADER]
@CLASS=	RADIOPROCESSOR
@FIRMWARE= 3087
@SPINAPI= 20191127
@POINTS= 128
@SF= 21.670000
@SW= 127986.351562

[DATA]
16709816
2698644
13030197
11360506
5657535
16156918
-3501127
16655391
-11655996
10573223
-15665945
2033160
-14411857
-5784868
-9343405
-12068396
-589798
-14106937
7287286
-11688165
12328704
-6419424
13761960
1123886
8692858
8315448
3528841
11747953
-3021563
12003978
-8867332
9135623
-9622307
1902069
-9093212
-3826733
-5720296
-8017064
-1630972
-9460980
3246072
-7912431
6368654
-3300823
7580711
229484
6959712
4136808
3347776
5478168
-645231
5630391
-3575312
4541520
-5051967
2475199
-5119076
60252
-2936619
-2573178
-1354178
-3933752
911064
-3960722
1813296
-3324669
3117633
-1913181
2620569
440594
2579369
2101780
893131
1807643
-357909
2076248
-947129
1828911
-2176893
1259365
-2372272
231525
-936382
-69475
-868164
-1347468
-817555
-1456962
302440
-1795342
641757
-709485
425429
-746207
1203055
-291305
1371100
1449066
636803
913030
362035
1613014
-435424
1844826
-1457114
349625
-818416
-333075
-461002
37894
-1355353
-1028010
-100536
-1280881
604836
-779285
591294
-971578
1774297
-206720
45539
1143782
91992
-53141
294765
1286017
-1075227
1223401
-244709
19397
-641286
-256709
-1013173
-789026
-1226669
-2057396
-965181
280918
309162
-227357
-139689
-125537
1534687
461010
215961
-629778
79051
426922
364203
567763
-1778891
507071
102182
190921
-198444
-86866
-301155
189606
-287901
-1332084
-166301
-421060
397640
-592796
1239288
-562723
1005698
1503357
77194
-34433
153934
-6235
42382
402884
-725063
61853
-493529
-253954
14454
408847
-542216
-221333
221648
-1156790
812192
-484391
-553408
-422402
338460
-975840
474486
1032275
-332211
743247
1215950
-165721
678269
535683
-1315347
302717
427058
-1326937
545689
497697
-455146
-325338
1257388
-911522
805010
1856
-1048442
-159934
770273
-250462
-386608
1621343
-258040
88935
535449
246732
118373
499150
-868679
59228
211648
-418118
140906
56108
-474894
-302947
568069
-272198
-566622
60907
71496
-1127663
-125750
114450
-35930
509391
-445268
-785158
110368
727509
422818
-98886
69739
-672946
314207
50242
-55556
-838496
14621
122163
422479
543426
