#SpinCore Technologies, Inc.
#SF in MHz
#SW in Hz

[HEADER]
@CLASS=	RADIOPROCESSOR
@FIRMWARE= 3087
@SPINAPI= 20191127
@POINTS= 128
@SF= 21.670000
@SW= 127986.351562

[DATA]
5603098
-1286978
6012052
2292998
5229535
1988611
2551694
4503913
-1062574
6361679
-4934793
3650942
-3976634
819793
-3849571
-407410
-4024417
-3704941
-2331354
-6132896
1326230
-5698903
3687891
-4523583
3886268
-3613597
4114775
-1193797
3946234
1862811
2700422
3467965
1023202
2844273
-530765
2771271
-2060878
2294897
-2488185
1817355
-2877524
-431356
-1827390
-569476
-1088375
-3927857
1507492
-1557167
506963
-1604636
1872224
-938620
2039979
-795273
1453805
2142485
272507
503730
-933201
3232789
87966
1059827
-2539988
432314
-1468362
534217
-1547979
237515
93423
171179
-77061
-1292133
-580163
-2046682
-566672
-1591366
972608
1079120
796282
-1024799
2020796
-574671
1829659
236585
539108
1573271
902398
-343878
1141094
-961163
202741
-586510
-583354
955664
-910789
-967692
292715
8739
1199203
-508237
-1309296
397612
-441526
-840018
694637
671783
1892202
1158552
236244
1131660
-589615
-105590
290471
871596
-414080
1200103
-721534
-312790
167360
1156027
-90054
1247890
-778543
858756
-631559
500339
620708
247601
-1118900
127526
-1500786
-976129
-55970
1007980
325340
1577013
-918938
713978
404619
-1278799
-925719
-1129951
-1143185
557616
-1434135
697938
252930
-882915
-1221358
-292845
-1760292
84781
-1521386
-1424825
25709
765038
-215960
-755395
-105623
-379000
-577983
-2214630
31167
-335279
656469
-219262
901595
-1551298
750479
-1162660
-506070
-122846
1324276
-805761
1158855
-53294
752317
519213
-53253
-1083659
236943
-1188135
2722102
-837022
19890
183627
571767
-857808
682535
-239610
258588
1267202
169903
38819
1090837
321784
-353830
59768
67872
2285779
169692
462470
263888
810118
-1662007
-412886
-645146
80792
-997264
-720707
-304123
479357
-758030
-238076
-500293
-13051
435260
-376961
-919716
-50342
83209
434657
-1180281
-1850791
-263468
1083591
-2008889
-140862
-545650
1327863
-399326
-580198
832908
-145175
-685440
-1182866
517082
889160
-827122
-231586
680454
-113383
1204975
-587935
597921
784365
-225491
-285084
859162
-175216
1321500
-314728
31003
26738
-700278
-642947
