#SpinCore Technologies, Inc.
#SF in MHz
#SW in Hz

[HEADER]
@CLASS=	RADIOPROCESSOR
@FIRMWARE= 3087
@SPINAPI= 20191127
@POINTS= 128
@SF= 21.670000
@SW= 127986.351562

[DATA]
692132
605223
23949
-884699
825643
-1055557
-1727702
1445860
290974
-568357
-573496
136982
-290455
-1748660
-1728064
-15115
571718
-866354
945519
220516
399050
-2295111
-1149053
800760
1304452
-1077935
1774838
1359066
477167
-839444
-308096
-417923
438352
767655
-237360
1561521
-258776
-654265
1174119
-114189
-647316
781061
162577
287978
941616
631826
722506
916383
828302
177908
-535583
747575
884076
-223748
244341
1978574
283409
-346975
-1772380
921782
338323
-380105
384503
1375847
-441985
18352
103005
630455
1301727
-149019
-581407
-17515
1906516
-350552
-994300
25161
38365
-258193
-711921
46058
1127266
-496179
-509106
-942526
682637
286675
-397091
-2068
422974
679595
-1366591
891589
394053
-149383
-1040393
706287
808404
-602948
-679841
454222
35541
-576945
-135546
-605499
1267338
808827
-1348781
1604565
-825571
-1948992
-419191
-1047633
717203
950617
-364377
556812
344943
-1221575
683915
-238448
901485
781270
-968386
1318551
-505827
-2042565
637270
725015
-1209179
-306193
-1040163
775675
790538
-1374129
-1330334
153877
412735
-881916
-125236
248916
-102540
-1378767
-677813
470970
377983
-1369154
-1015639
-597970
531897
-652551
-104592
962009
1474275
-779684
-648925
121355
592398
-633868
1180520
385141
984831
-815098
-380706
-465104
58312
-343930
-1003770
-506151
-249209
373514
205072
-7640
223649
442199
-403782
485171
1536466
1187863
449139
-1254186
-395638
-1234534
259098
276350
1272806
217146
-630786
-74376
480745
-176198
611513
1571745
2964914
322202
-1218882
-1235017
974624
-839703
1062566
741017
2156403
100297
62096
-395465
163899
310881
122587
899896
908942
-300219
353616
-740520
-123121
-157070
-845240
840941
904425
-1085946
-575282
791892
22919
960302
-595670
1837773
1118489
-343990
492097
828754
-566932
885215
-863480
2015228
406859
-525201
-28514
865119
-528596
-129753
-1529024
532903
237753
-605612
12996
845045
-1024986
-296658
-254191
1115918
263780
-815333
-933065
1111248
-168958
-158957
95694
-843135
