#SpinCore Technologies, Inc.
#SF in MHz
#SW in Hz

[HEADER]
@CLASS=	RADIOPROCESSOR
@FIRMWARE= 3087
@SPINAPI= 20191127
@POINTS= 128
@SF= 21.670000
@SW= 127986.351562

[DATA]
-5406114
3450598
-4952254
-1040954
-3387476
-2742699
-3394206
-4752008
208293
-4234636
3465888
-3665033
3383233
-2231324
3339191
-253563
2985360
1513219
3547770
3935253
-183299
4307250
-1876659
2863330
-2961128
2582548
-3755196
628717
-2614018
-1358344
-1196834
-1344083
-47369
-2851265
4792
-2060636
1553793
-1665077
2256579
-277328
3651994
318591
2147802
1966399
767696
2842180
-362139
1683380
-471032
2040963
-2878090
128522
-1702323
-235768
-1412989
-639862
-1277762
-1952284
-1549893
-1851360
-749149
-1871739
1995254
-74378
404953
-417517
1157364
-726321
201543
529710
2113700
1055132
26356
657394
302841
1180508
982611
-48399
-587323
604547
-719138
677979
1061772
1045341
-1033279
-530990
606923
-656912
-984477
-235233
-1178330
-4821
-24388
-1493251
-698544
-178818
-108930
-342364
-1084899
-347912
332508
-248800
-187642
-434301
-894399
-968615
1636120
971106
145433
-604356
-324882
-92920
1052113
-1001935
573065
705846
1038576
985313
358471
-1608834
770239
-798285
105191
802699
-1133787
2067199
79243
-798495
1008759
186944
-1388365
282355
-987988
-162803
1518741
-645031
248198
63346
260034
-407150
-1800474
-931580
597758
-1310914
-429915
207467
-631579
-103061
-662700
-1081176
158301
-1006135
-361738
1259887
-755483
-379823
1703921
-290638
524049
781611
1099670
-1136297
143786
17478
-41965
-142604
-1278639
1045208
655776
-1219447
530354
-172399
-700476
391325
-1240379
-1157443
651951
448316
1089020
-4124
535290
-17256
-2248736
-35996
475754
1681195
228305
1069001
229572
-599116
-1287218
154889
183226
-368447
-389578
639734
156479
116401
395769
3849
-1107595
-384045
-1084103
-1570283
458330
-534562
741092
486129
-663546
-1105626
-1184921
-1340583
211646
-802617
524998
1842612
-420804
-13419
633671
-226747
503696
502075
-1696718
829797
62352
507308
62689
537597
953277
-199599
-1516341
1500408
1143370
-48514
859817
691479
-461238
1024324
302581
-863069
1198049
-337116
-1625454
-33565
149764
965190
712173
706974
416580
858750
-1616222
-298540
-121630
-42325
-382460
-1099569
