#SpinCore Technologies, Inc.
#SF in MHz
#SW in Hz

[HEADER]
@CLASS=	RADIOPROCESSOR
@FIRMWARE= 3087
@SPINAPI= 20191127
@POINTS= 128
@SF= 21.670000
@SW= 127986.351562

[DATA]
62828
1129180
80249
-1514766
727533
711930
-443619
552829
370631
573874
71530
-307710
-1814865
1197250
-425231
905794
47033
-825421
-1548743
-1284347
-1565601
-379977
-599470
-78645
258452
-410114
582110
105854
537619
-33315
388372
420270
-797817
-205968
-762312
304684
-236582
1224953
829626
-408398
266538
-211181
-715594
341083
-685293
897126
354505
556136
-684305
-242933
1225497
146479
-440807
-1129413
-456250
1243031
-1055799
-503596
1185926
517591
-566464
648878
114482
-16046
1359502
-1158193
-695025
1648435
-10585
-88517
1163538
-708527
1043294
428712
-870424
-778654
-920761
900880
1556918
-696573
310433
798749
584450
-1149385
-942672
-1095941
-852443
242379
-1134048
1079249
-650040
746408
185672
-492555
349806
-1897446
-1379782
-544926
-1239063
1020204
743888
-158699
1902186
93474
1850528
-343084
-1535199
53999
-401350
1696068
-336993
559841
1583611
1006189
777346
55306
-1385322
-247342
-1323792
-617987
-1296987
1444885
-31694
1071218
727947
-450654
386951
-1314981
-501717
168700
-359326
-865071
1423110
509936
523889
-549258
-749723
-1222868
-290787
-525118
-338020
547401
164677
1439972
791802
-221285
1176922
1358597
133414
-321486
-161120
782376
685226
583873
-52260
236181
855994
595557
242854
-767694
-536154
384154
-467785
-562506
388631
-189364
2185731
1114130
-19462
1405332
263073
-834723
40593
494515
-302942
1365520
-631245
-570065
474295
33635
1207415
15365
-1723384
-50936
-81462
-296946
-933363
1214143
-1018903
350826
-495556
-723398
939875
560652
-1157391
4058
-420301
117198
174829
-498673
1273947
698471
951295
-353641
481324
172489
845717
-75461
-439700
751700
-303259
710534
-1099122
1902803
-223877
-115293
-320609
-645143
-672128
968812
-1221757
-56863
-1539728
-127122
655990
-259346
-406981
351780
646373
-2335232
1062233
-821242
-326729
-590419
-177003
-590984
2263478
747410
241774
716521
-115304
102089
439737
-123196
-977390
1742759
-157316
642171
-370107
712816
711254
-211067
-992341
-684420
-217067
-185574
