#SpinCore Technologies, Inc.
#SF in MHz
#SW in Hz

[HEADER]
@CLASS=	RADIOPROCESSOR
@FIRMWARE= 3087
@SPINAPI= 20191127
@POINTS= 128
@SF= 21.670000
@SW= 127986.351562

[DATA]
5382724
-666648
3942734
2848022
4243283
4317315
300261
4471057
-2083154
5276803
-4860899
3040858
-4942427
345407
-5170373
-4268967
-3234935
-4694474
1239464
-5080244
1563792
-4194188
4196517
-2181555
4953804
-1197220
4923998
2069304
1610355
5370897
162266
2568728
-2026367
4181040
-1750391
3165723
-3695152
1046110
-2206377
-2197593
-1411754
-1364070
-613865
-2125938
-298635
-2463390
2204522
-1370260
2717158
-128653
447424
2411542
614060
531272
168526
2045276
-1443248
787307
-2528732
363986
-893715
395562
-2362336
-12097
-1144370
-1604690
634220
-1571812
1256195
-737876
386156
-164349
3059743
-223746
842766
-242241
1158169
1141790
335893
999367
1458241
1975107
597496
-488311
-1440446
481868
-1564846
-151909
-1533928
804276
-564832
-1040989
-1365619
-757485
959709
-1431482
-1569069
-614569
-97023
-1245800
-754502
-1141765
1102708
-31941
909958
-738817
699795
1561651
-669444
-628911
-771412
1466876
-869062
-910096
1450403
-456538
627099
784410
-1116781
315637
-66580
-408999
190990
216790
-6796
-560084
554632
1250007
-973039
540062
-312253
-645932
779640
541295
93322
-1301257
622212
404302
-816535
-724073
-609252
1677844
-387685
777564
428900
802980
-983626
-618505
-1566356
907933
657995
-583494
106891
936806
1444207
-346315
435307
113659
-184693
-588631
-296564
-1063419
850151
-387703
-686635
-399783
1275428
-541923
103695
-1584210
657190
362130
1087625
-197497
426344
767503
1856151
-1002279
135635
-176212
267786
383294
-933451
1437841
-168621
1946334
-1304115
1897163
-10062
-869019
-1951170
793505
-1141438
1147445
-2109775
-102172
438515
-950624
-318968
-45293
-768823
-598928
51531
-1142075
-259808
-790204
-280222
-1349760
1459071
-24338
525395
-277763
-276147
-179136
1154471
-902817
-387416
401911
-816163
-130991
-407670
-540125
645032
835022
-1342839
1161824
739820
712156
-1200015
728759
-329506
1744697
-1178514
-1104465
429867
-81747
-1676328
-685196
-1184464
140927
-111120
-13069
-1302810
649486
-409970
-416655
-582884
-1187496
-312896
-1509203
104811
1474798
957482
-205924
713893
-2177237
