#SpinCore Technologies, Inc.
#SF in MHz
#SW in Hz

[HEADER]
@CLASS=	RADIOPROCESSOR
@FIRMWARE= 3087
@SPINAPI= 20191127
@POINTS= 128
@SF= 21.670000
@SW= 127986.351562

[DATA]
5824484
-389722
6429899
2526200
3111871
6002351
-1454073
4155081
-4523316
4068224
-5416669
2856425
-6225264
-1131661
-5796731
-4905629
-3797934
-4902564
874455
-4880390
2443194
-3677291
4537926
-3442055
3257918
-110830
3253172
3706138
1332653
4425051
-1202829
2161711
-4498859
3260786
-1793551
774236
-3601879
-1988506
-2024014
-1489849
-816009
-4061945
966266
-2768974
2200067
-3101101
2037770
379427
1616422
692029
1378321
1977460
820713
2489202
-839215
1636526
-693532
1655283
-2700514
-766388
139479
-1393696
-808626
-207463
431292
-1155004
1152524
-862520
1674449
-1507615
1193573
949923
1308582
651031
739488
291208
-471735
633596
744237
2081572
-461547
-399455
-157716
1082139
446576
564665
-983104
575647
242040
712812
-513451
-1295046
-258989
-835173
-351199
963431
1611956
-26991
679614
-59826
2132268
-480401
-727689
2108217
39554
1753995
1822747
428339
58645
266678
-1274035
1993471
239081
526018
-1751036
-1077738
9382
770993
-1245612
515922
-921439
331252
803359
502877
-166459
265535
-664358
1714848
-1019491
170923
310200
-63765
1292801
1528494
-256785
-158736
-2411024
-101592
-568155
1170753
1149940
-215732
-1314319
180052
185629
746894
-44397
-373722
211878
1418121
-212887
922086
-2033546
969471
647
688262
1224551
540217
-165402
-597282
-720566
477379
-1209905
-1209634
-415633
35870
360375
-991792
-1373427
-868000
-1017132
-1642534
250137
422044
-1257270
877860
-363151
1058781
247193
-1485808
-1199155
1236312
-1361014
1367053
259966
244536
-389458
-1190424
333970
-1148567
-251276
-187942
778165
-32109
283834
-221248
248212
-465980
321006
349457
2108949
1475222
-319628
-1059112
-58833
654386
920032
-838361
-179236
734014
842234
-462886
487636
-74401
-802383
-399271
499244
925286
424798
-362658
356297
-374618
525526
-1456038
32517
1240412
-1038032
259788
-604155
-783492
-846097
364246
233837
1426347
1094159
594859
-754755
-864421
321955
150611
-442536
-753828
-1353370
172457
-145215
-700318
-341437
-420793
-218765
-191844
-107810
149176
-8438
-393717
1374728
331828
