#SpinCore Technologies, Inc.
#SF in MHz
#SW in Hz

[HEADER]
@CLASS=	RADIOPROCESSOR
@FIRMWARE= 3087
@SPINAPI= 20191127
@POINTS= 128
@SF= 21.670000
@SW= 127986.351562

[DATA]
5134825
-234865
7035263
1806367
4954384
5554114
1031340
8254448
-4242635
5924963
-3752165
4887119
-6556940
1628550
-8016064
-1677012
-4620477
-6237106
-1523337
-4876852
1175323
-5761742
5118752
-6115491
5893644
-930740
5745467
72600
4566190
2037643
3444293
4630414
-145650
3881541
-2575434
3419701
-3196708
2684156
-3982479
741975
-3992744
-1272125
-2813826
-2925294
408301
-2513619
-98845
-3191762
1544964
-1836621
1705084
-624877
2926316
919207
921214
-590773
975014
736514
850066
757416
-449241
1502213
-249946
777549
-957752
-301308
-1422726
-958123
-593602
-1265321
233437
-729070
298672
-75512
-613955
-1043221
1959161
-146736
1397226
-1027580
-1667503
1121963
-496496
-724405
-75518
3153763
385482
1013082
-550767
-489339
-204151
1006094
-890679
487172
-1075495
2022510
778499
-968363
-1063036
48587
120016
-2362123
-1187770
-640087
1683347
244448
-484861
-1646949
1535317
-1062361
-371150
-741041
-1541864
-340126
663140
1601394
110309
1537030
748375
503305
1250674
68579
-1149806
-862786
-1612193
408785
672919
303951
1604109
527958
1973944
-1625025
241415
-741035
-597755
-781828
-1595289
278872
702431
1916251
1649323
-320386
197521
-2464162
-765347
-508855
-1029998
856164
17211
2158816
392244
85936
812859
-153187
-13361
-651774
-1220766
54409
614883
540103
149821
-495679
-611990
421109
-72669
-14868
-1853237
462502
-215034
180787
-204468
451488
813224
319449
-832327
-80270
983888
-422669
-733219
-1651831
116144
1432763
196211
67999
782205
-70534
560211
299971
-1739047
-209491
-755958
-1330559
1017049
864327
-179793
985183
-307770
-1997124
962636
-198695
-60327
731395
-1063410
-205600
795739
304528
699536
-626392
-857013
-327046
-1299570
-1083196
115593
-602221
1212536
1247991
-1322614
-1268575
455502
-428553
899897
97595
-261255
643359
-460286
-391932
649581
-157332
-458631
237555
-571804
1331965
-78628
91908
-109354
-468874
-36320
-116041
209872
-87656
21685
1059374
113364
360749
1029702
-1198435
-454374
173198
-901513
-84999
733579
-301078
-106499
-584068
-275697
-765958
