#SpinCore Technologies, Inc.
#SF in MHz
#SW in Hz

[HEADER]
@CLASS=	RADIOPROCESSOR
@FIRMWARE= 3087
@SPINAPI= 20191127
@POINTS= 128
@SF= 21.670000
@SW= 127986.351562

[DATA]
8124769
-2870817
7963259
791767
2575363
3762112
2678494
3786369
330620
6531991
-2728869
4642563
-5985225
1051845
-4499265
-1864650
-4711758
-2505737
-1425555
-4480847
1749767
-7092838
4586347
-4816322
3534113
-548627
4713245
1142859
3656983
3292809
2178506
4855548
-582639
5030104
-1930835
3174334
-3594280
2796189
-4771296
445484
-3782698
-2127560
-1072051
-3146444
242283
-3371991
-70140
-3484011
2294028
-2134687
3806535
-540107
745786
748597
368594
1059610
1151590
2534480
-1176177
2346305
-764744
316764
-560673
-881291
-677469
770905
-1332326
645226
-155424
-1352297
1737599
-1149140
-307827
-414807
-2213455
-1593950
2046998
-282838
875049
-120509
-173244
1037521
292783
-197574
6482
653169
250429
1624700
-593272
995040
-626445
-375534
-751555
-284369
-1276829
914466
694021
-1015988
277423
-195432
-744380
-294809
215105
-39058
582055
-35457
845144
-242604
1046016
583529
956577
362459
-773592
290772
16700
1427021
502550
-351438
-1295788
-296734
-197008
-245318
-1631288
523062
1104171
-1107664
430433
-674290
37459
-352744
-666349
1779
302254
368886
1075433
669344
1439719
332247
-175180
-1086493
24620
249482
-335007
809104
954224
-1135974
1057012
-632047
208167
451100
-244275
181676
-1341858
1689153
54062
652646
1684141
-355609
-156194
-506259
-1246355
1507370
-556417
761863
2131482
866730
272992
103296
-1810493
-192976
-286670
53906
-398311
1202622
256611
400955
-1541574
-451746
1130561
-1148667
-1602310
1480964
-627836
-1972871
-801347
-908895
271337
539118
-1290844
-693536
1061799
662501
1163446
197185
1495020
-118033
-278252
659111
468852
998782
1145769
1898616
223668
1830331
-100851
-1423207
-469453
-711404
130699
699549
-38363
-310794
921077
440821
111767
-455008
-762767
-242971
-988665
-1061787
-126554
-764161
-230295
471676
639695
-810319
-817604
-1119439
114992
279056
-2067993
520775
748329
-509837
86851
-446677
-604880
627476
71243
-1269387
1793167
-632124
506295
413472
551589
-336955
-521507
-1605468
1061080
952652
-154089
-562293
285103
387863
606231
-79429
