#SpinCore Technologies, Inc.
#SF in MHz
#SW in Hz

[HEADER]
@CLASS=	RADIOPROCESSOR
@FIRMWARE= 3087
@SPINAPI= 20191127
@POINTS= 128
@SF= 21.670000
@SW= 127986.351562

[DATA]
3760329
-1205897
2884739
-816327
912319
3216335
-350859
2366327
-50016
3342436
-2647511
971346
-3588572
2314525
-4207778
-489382
-2796029
-2025470
-1324281
-2094474
-1150667
-2503024
697468
-3740941
2197047
-2152982
2842589
-1290232
2458963
2389941
335417
1394026
512941
-86484
162191
1325023
-2427829
1830542
-2579411
-382202
-1593254
-740524
-1109687
-1011305
-1207288
-2133911
-1420636
-2759412
296356
-2889081
2944661
-1730306
502955
-975185
772132
-224281
1918303
937868
1213395
872984
-543655
1327086
-839740
-310841
2075223
-112118
754509
-448527
-1009040
-1212236
-878912
-1125185
517516
857832
574560
-1337624
-609784
-1487294
794094
292649
1547598
297885
-63645
-1198473
48794
-930111
73656
-112639
612006
1770432
408474
-88145
-1663894
-1198019
796891
-19872
-421247
146297
-277826
-1726925
68281
363678
557737
-1347287
-417120
-352086
781551
-193893
356918
77598
-561912
-377834
-510673
641608
-57221
-1576479
141138
1655593
243644
-579045
865504
588830
236755
-8690
116712
525663
393303
-1097314
905062
-600494
-907346
-1187405
483308
-933402
971137
-1746730
2055577
-692124
-497941
529655
769576
1696423
945372
-1025003
2266184
1006667
338661
795032
-570323
1042528
-750619
-24489
358728
846567
-424260
110741
-533968
-471592
-658381
459702
402605
472007
-1156775
1365876
477868
-874140
1346992
-301177
581648
1704376
-230181
1344628
19990
-330852
-558100
-820990
604301
-361648
990400
1788175
-1681668
-637289
1105702
-635014
-379108
1617954
-444712
2053406
-1338673
-1746511
-781166
279145
213062
316439
677254
1578617
-1430207
-2159605
1330967
120340
848546
906428
1695678
1327584
-918422
-1866907
1518602
102451
935570
-1097392
2065239
1241292
-666280
-2244522
253823
-349664
267207
133842
-7009
1711940
-1365234
-1980298
705366
-1074453
-742584
1712174
1414709
445419
281836
-607528
407442
-1724295
409182
160494
495360
911116
622235
570666
1524116
-1186194
644110
656528
423153
627767
313194
491805
-283889
-1592038
1792577
645536
758396
209533
-1032343
41398
-927466
-1378807
