#SpinCore Technologies, Inc.
#SF in MHz
#SW in Hz

[HEADER]
@CLASS=	RADIOPROCESSOR
@FIRMWARE= 3087
@SPINAPI= 20191127
@POINTS= 128
@SF= 21.670000
@SW= 127986.351562

[DATA]
4892174
-1714630
6482008
2877982
5121080
4411100
2784163
6717611
-3131525
5848813
-4689179
4989269
-5071195
1987185
-6505181
-670386
-4528132
-4235701
-1947453
-3952280
741483
-3854987
3135387
-4443909
3931812
-1391032
4379315
858498
3585365
3184156
2672959
4654978
-742442
5629393
-2687121
3637754
-3328421
837577
-3513548
1250544
-2361129
-1499215
-1612539
-1825949
-847618
-3768768
486931
-2026889
3368599
-634903
2546504
130536
1513203
289577
1547049
1951969
1894898
1415610
204787
3761500
-582024
1153045
-355462
1356272
-2013259
423156
-506711
-34462
-2838870
-1518975
1218570
-1007354
240222
-451291
1340090
60297
-109670
-1446602
1388947
-1709311
1690174
-858721
195453
119447
-239420
158378
-396190
-241919
749378
854138
4404
730898
333267
174923
-2279360
-814411
-48581
-450413
849145
-549615
-396072
-1167038
-2124335
-204278
39242
-1311708
729001
-594604
2126104
164474
-805341
684529
-377568
300099
2035620
388701
1567295
478364
-764964
748086
-2127550
1058926
-105019
-183091
14422
214713
-964467
1291495
525938
-375555
857925
-2530217
-418236
-1391201
-585013
829076
-886075
735372
154096
-1634200
1180355
-57296
583429
1751907
-283843
-284370
-1238940
-1791304
798254
-387016
311020
-60081
-65436
-65064
-919499
-1614036
1221730
-1056232
159232
-657061
334992
811689
-706356
-1758514
-119860
-1674299
-391680
63763
-931629
825465
-329058
-1074913
-698167
-1819696
-386469
-10538
356371
208882
-430249
-810094
-576271
-1605483
-1702758
-88975
-467467
-522674
-376108
-616053
-769889
365640
-146088
-33613
339191
720939
-1277475
916080
-2263404
998046
-424111
610243
-77205
-151291
-17835
72664
-1056040
545051
266363
655893
413488
280272
-455698
311240
-961916
1958285
940207
207036
792010
-94524
-99584
451627
-730518
1165333
680233
83793
599903
-931608
18262
803761
-950134
1117478
116408
-737122
-65999
-1033261
-1061607
256607
44153
1468337
654335
1535746
-6383
-211745
413961
-133716
-408089
1420103
2118888
128581
249331
-512626
-453015
41774
722693
599160
1395196
1918248
