#SpinCore Technologies, Inc.
#SF in MHz
#SW in Hz

[HEADER]
@CLASS=	RADIOPROCESSOR
@FIRMWARE= 3087
@SPINAPI= 20191127
@POINTS= 128
@SF= 21.670000
@SW= 127986.351562

[DATA]
4362242
2153877
2973794
1222417
2216066
1982783
702727
4837511
-1290466
6082896
-3882455
2337683
-2060793
-1391300
-2174164
-129478
-421734
-132788
1202672
-2933539
2531076
-2571079
3859475
49825
3370073
2515708
2042416
1645828
1391517
3117658
-677555
3250299
-518777
3668793
-1423754
1403708
-1468533
-88051
-1684665
67754
-326892
-1355352
969658
-402972
1852140
431085
759485
1036585
1994949
942746
1920677
2320966
472798
1777598
-1274814
1636947
-1396798
1849548
-1401578
776401
-614488
-988656
39898
-169061
-548971
-330577
158300
1186791
920874
-1166555
62997
-108044
406602
490813
802540
1297436
-561884
-685747
-1417866
-42474
-233797
1113845
204588
1002925
51367
83903
-1439240
-346100
412529
1979985
-296337
-422184
-786306
47296
-1751136
219352
1717486
1117941
443586
315528
279046
76635
-158716
911220
882085
2341747
-909584
-1503
-1472610
-1051840
-125923
252835
264184
715559
-273442
973435
-522449
-348905
-1211986
861558
882955
1450094
-1658568
865798
-1292315
-1482924
-123158
844571
1287081
742342
20549
1222769
-2056232
-293354
-1132677
657912
-277925
289592
-549906
484067
-1438391
92164
-496565
1499634
-384660
931395
-1961953
983181
-672330
-3911
318020
680241
-674821
-32586
-717627
1437732
58234
67266
-926765
2109013
-1205189
-359936
-1175528
350123
107487
-390976
-427330
380758
-1878848
-1360314
-694447
114540
196855
-62612
-1423958
940777
-1045114
501150
-1335810
-454627
-902015
1575448
-2324061
2265669
-1437467
365759
-374108
-446891
-180241
878443
-1901587
1093637
-1393194
-1217595
222922
532891
-156434
1928441
-1049308
38910
-1657038
-39527
-1240186
-541284
-226270
501937
-1686511
-95171
136504
497104
903514
-609445
935481
1490039
1263291
-1015126
-1314804
127751
270456
-1121651
-97942
2598417
-164178
-1724608
-253182
1422388
282722
-49573
-1769035
2819383
-1367278
-1159165
-102200
1069397
132732
-432603
-1380497
2209905
-689415
-1616545
95233
1733606
-96212
-1952764
-1213152
640310
124044
-1757490
16574
70035
325149
-863797
-302972
521737
-271418
-5742
