#SpinCore Technologies, Inc.
#SF in MHz
#SW in Hz

[HEADER]
@CLASS=	RADIOPROCESSOR
@FIRMWARE= 3087
@SPINAPI= 20191127
@POINTS= 128
@SF= 21.670000
@SW= 127986.351562

[DATA]
-4385296
527288
-2007803
-1125359
-396196
-1941673
451227
-992524
552605
-3114035
1983082
-1215789
2161000
-133390
2113303
2328684
447045
870913
1316437
1133475
-1324763
515398
-744753
2124281
-2984670
527409
352836
-491385
193785
-800620
-1127189
-2029385
-391675
-1276339
1240336
363618
1448090
-67165
1263787
-304240
582068
-11127
37117
1094151
-1429974
1657490
-727641
935523
-1065286
-285300
-1536449
580467
-1669612
237360
879793
-255003
1376394
-489352
328446
1663871
-539474
818190
1579462
1799904
189136
14634
631398
831817
-402989
792231
-855738
1122602
-466756
-215807
-1123320
-19401
-548819
-920156
-2725020
-609739
-718968
-473198
-19309
-200424
-434466
267584
413735
-1015111
1149477
505070
-202233
601059
321914
-731770
332921
3505
1212843
-20232
-392435
-457376
579480
-1550145
-1603943
-1242110
781598
1197600
-458146
222146
929263
137768
290726
-1077927
459961
1010591
-1448834
-331622
1543024
255275
1353164
-991844
249582
277737
813223
-272141
1300323
2316577
-197088
-583517
1488031
-482120
-643277
842876
-167879
1601347
-482676
-535657
675833
-198747
-238281
1878810
-165355
1685746
1711700
838494
1935335
124604
-916540
-215887
-429348
-91143
-946332
-78608
1203108
159353
258992
116314
-237955
-495594
-2193787
-1063684
422948
425929
-539124
968950
486923
1048860
-152828
-1194276
880322
1444587
331596
477690
734829
-148310
-1530689
-2545281
-513802
653443
-358235
904643
-504064
-400886
-542139
-2022364
-1298540
-249266
-189495
1847612
-1758121
153544
1377634
-2874160
-562095
-1043494
447033
-335535
415990
1178211
1397594
-124811
-97837
-343531
571492
-1536533
1091693
573910
2195592
1519634
712130
-828618
-370569
-1020508
-2013987
753310
1894620
1177429
-394339
68187
-185384
-1176057
-390922
645356
1660366
2069274
381301
385585
99617
-566618
-218550
1392854
57859
-496445
-1292804
1480324
295987
873176
-652592
35054
-350703
882142
-794104
222925
110236
-277572
-326058
1099472
935861
736551
-933986
-349979
-248823
467950
435753
962802
1064430
605274
