#SpinCore Technologies, Inc.
#SF in MHz
#SW in Hz

[HEADER]
@CLASS=	RADIOPROCESSOR
@FIRMWARE= 3087
@SPINAPI= 20191127
@POINTS= 128
@SF= 21.670000
@SW= 127986.351562

[DATA]
-4457954
-871069
-3805951
-1336750
-2864862
-5269970
1094408
-4140576
1704897
-4388032
4760026
-2564844
3888622
-771526
4151074
3306948
1704100
3356959
-751865
3257473
-2433903
2437705
-2804040
1596762
-3426194
567013
-1622312
-3579177
-641694
-2304290
926217
-4239860
1807739
-1134191
3023138
-341686
4420882
1650443
1041885
2086383
1191552
2350025
-753144
2657427
-2716108
2051377
-2846458
1233790
-451545
-790536
-955238
-1594017
-1156254
-2081243
619446
-1434733
-1218350
-713052
1409390
196575
608027
-1087506
838182
-839167
-806861
1077120
-212584
600988
523499
1490906
672181
943235
-514222
-1458774
-1902186
-752984
-861923
525961
-546993
1238649
-236890
-550394
-595445
678690
1710021
-527408
-1311094
550644
558937
98498
1545860
1682672
-294589
279180
-589524
-1144746
-1069768
-982481
-32101
1560173
-1402479
558689
2010584
-1162668
157220
-1425879
-1100356
-414661
-1043236
-338787
1415714
-66228
-44610
1145257
-44189
-2053210
364501
-651138
-673164
94609
-657277
915006
76736
-785583
1569424
-647325
-1764459
162817
-645414
-1752887
1030371
-348788
276656
1526830
1665953
-929584
68824
-821934
786621
1312645
-1471321
1685782
-843283
136854
589031
203742
831490
670696
-2818083
-1956700
1838712
-460013
-747661
1815941
502235
199051
1059744
-1466350
417783
605648
-1357362
91737
-1324292
1141847
1809093
-948096
-375041
660922
-1401014
-891191
211679
-85622
443858
1358111
-1071025
1330657
599206
-1142190
51381
-642910
-1681932
383608
1093545
-1151104
-441310
980215
-4042
170226
-739385
-821395
-729176
-1597231
-184150
132216
-526258
-1183655
1089224
-2088213
732952
103094
-21710
-464657
26070
-727500
728980
509620
110209
1169294
754352
-532198
-16679
173218
-1171332
-415919
-2078094
1108140
356923
1548
480892
1252317
-258768
-1549470
-832425
65695
-391791
-132708
-1104049
1488724
-381513
-1539461
733600
-1757405
-404280
-67697
-1724406
-603302
650772
-193355
2720398
206066
1162957
980879
-277651
-1878028
512188
-307386
109131
1982158
-70625
1716460
-657061
642425
1414996
-998275
-1124668
805246
