#SpinCore Technologies, Inc.
#SF in MHz
#SW in Hz

[HEADER]
@CLASS=	RADIOPROCESSOR
@FIRMWARE= 3087
@SPINAPI= 20191127
@POINTS= 128
@SF= 21.670000
@SW= 127986.351562

[DATA]
-5096996
1343666
-5101149
-1822367
-4526256
-3501379
-1688546
-6476754
584045
-6159075
3031023
-4167121
4605156
-2286831
5231964
420321
4233076
4040726
2235436
3651210
-1762677
3058506
-3219913
2684323
-2966654
2947889
-4030838
-1726403
-2313879
-2470636
-2906906
-4864640
562349
-3680931
1479712
-4221753
3264075
-2114058
3148144
-1544958
2376433
1063819
2107247
2173265
368844
2261142
-2228256
325039
-2380179
1279081
-3429473
491396
-1342168
13752
-2058305
-2386353
-687217
-2290105
-389844
-1338896
416315
-121938
-354298
-1641815
772739
-301682
794361
39321
897572
498888
-811463
-913693
-1016374
-828066
-78729
191575
493291
-166669
-1781467
-335383
139213
-1013632
-890739
-873171
-399725
-336353
-1035357
-883473
-822593
-1971024
486757
-194739
596189
310076
-728897
29345
-1007695
-286370
1132310
-538145
670797
-866725
-1220304
1005061
-3261956
-1111112
313486
232968
-239732
-895001
-778544
850209
-2460328
511491
-115045
-2031484
-102545
-1118661
-401408
234457
-1496957
607470
551109
-944644
-92858
119002
558641
448278
-1379953
452445
-203945
-436671
-69199
1239164
-130041
635392
-1724797
291212
733370
754032
24213
-1894316
1313495
-189525
-2197952
-178720
-35777
-1856713
-926505
-366936
1768671
940211
-1284924
970124
-891794
-113201
-797592
-157497
429932
575097
-1826941
890381
-946178
-1245519
360129
-292564
1065046
301874
-519918
996713
-1476949
883881
-97870
-25318
742925
30319
-317042
1451133
-777587
1323658
53627
-345719
-1199886
-766960
626145
655290
-1422687
677324
1375268
896946
-322228
-71626
383679
117829
-544104
1622844
471800
269813
292490
19222
-405189
1237077
-336245
-222
-51833
1329149
-90969
509332
-482411
-20689
-345760
694379
531094
806972
1310689
1696713
959252
161144
-665732
889386
90008
458660
1072570
332664
-167814
-688435
487267
1233160
-718681
1004473
25906
-693026
765299
198348
-625143
325155
-993807
-229245
550187
-1734410
1268495
-21342
-1061486
-264790
-33692
158830
448995
-709041
1473839
-991521
285814
-196619
-520868
253785
30920
912590
