#SpinCore Technologies, Inc.
#SF in MHz
#SW in Hz

[HEADER]
@CLASS=	RADIOPROCESSOR
@FIRMWARE= 3087
@SPINAPI= 20191127
@POINTS= 128
@SF= 21.670000
@SW= 127986.351562

[DATA]
3199585
714882
4461442
1267651
2273909
2604662
-345755
4744290
-1882868
5214739
-1994096
2123472
-3066928
944919
-3637466
1458110
-2180408
-2044605
384754
-3784688
1872688
-1448676
2687405
-1405277
2441411
85606
3582619
1357889
2403293
3416485
-10024
3169068
-2246972
2582614
-1508508
419837
-1547642
1834821
-1932156
665021
-1884385
-1716594
-1005124
-2228907
163480
-301262
2374611
-1252587
998177
606670
1116364
1327483
2505271
1396415
1510552
801477
694535
222051
-1836355
1422846
1112829
-41026
-750561
-1196701
-1100801
-1537999
-972601
1376945
872957
-1206561
455762
-940961
2180155
-771467
1234591
1042013
1312830
600792
405889
172159
-287270
184256
1128169
2063640
-661536
338636
6834
801442
-1821749
-66687
895076
541691
1432813
555578
-347398
690913
-189183
-1142464
1172722
222098
625679
-884195
627339
818091
-317852
386758
816437
1259198
1027830
-561749
266199
1184944
711518
510901
447495
1276694
-780856
-420132
429169
1369878
493949
-1829798
267207
302238
534299
-1276495
254431
1788168
-38373
-677056
165173
-401157
-730191
-771267
605272
2416300
152476
325434
582137
64591
377965
-817475
-773841
378151
-161035
540728
-1252289
-1353794
-1162347
-663528
1702942
684629
330925
624297
-1154091
-80776
607661
-163388
850368
-474720
1390829
240638
-1455459
-474534
-2966
-1986661
838029
161719
209019
893072
-553056
1206752
943752
-1194204
1280567
1408075
1015390
610373
478330
2034564
-557042
-335324
756891
-96872
507096
-18757
916556
571113
-362444
-1363551
913629
-1828975
334582
-233724
576855
634109
533386
-1309167
1083260
-2206436
440756
-99338
57455
-190587
-275293
33060
1129915
-658896
1200657
-131042
1496648
-540762
825204
-1505895
-564161
-689788
318232
166569
533284
-1095877
-691379
-75601
3158
-2005372
1636365
-2053330
565954
362975
-929367
58859
189139
-695467
-682387
-573899
-248
-889796
-230592
-9175
-846606
-327581
1058373
-112833
560493
-710242
-196760
-179895
-790906
-826721
1581533
-1024692
524856
-866637
-697154
-449777
-1060957
-1819103
