#SpinCore Technologies, Inc.
#SF in MHz
#SW in Hz

[HEADER]
@CLASS=	RADIOPROCESSOR
@FIRMWARE= 3087
@SPINAPI= 20191127
@POINTS= 128
@SF= 21.670000
@SW= 127986.351562

[DATA]
3487683
-1969711
2491147
-512617
1230468
1689143
582701
2884642
-1291289
2544544
-1406408
2734789
-3044501
2554029
-2029964
-1378701
-1894692
-910700
-493381
-1244971
905771
-1406687
1585951
-1602477
2195415
-1012892
2208147
-849724
1888085
2148216
734579
1665475
1242119
2161228
-2145894
1020987
-1443945
332231
-1680340
1090633
-617194
-2890981
404622
-1700380
-648701
-1804863
248110
-326843
-46206
-129729
751951
-1240752
-372749
1281326
1715939
1542036
-277752
988572
-1655510
1400508
-244872
592695
426281
2148153
-1089192
1092242
-513424
1160007
-264438
-605754
-213810
-1735175
195901
-255187
95358
668267
116640
-1011383
1124636
-438611
964603
831251
663862
215314
574524
767292
-689971
-926383
-900287
-415984
281652
-1323090
925117
-772899
-576155
-459457
-1364067
-271445
959700
-1905997
619164
486119
-250401
645564
-652752
1383643
-799320
-1417057
238193
551190
-118576
1358175
-766578
398220
-1252515
1512087
-155437
547310
-526470
-105520
1836078
484615
205930
-515220
-791630
465621
432255
-939255
1220598
-1109081
679229
-223418
1023412
-1186711
25942
-1415
-291415
-1627674
-946287
-1410890
-3813
915494
555521
-152166
-1151684
-1537531
-1632632
-594341
907718
-334292
855818
718930
-2463465
-120225
91005
671097
-106795
-93287
839458
-1220640
-175664
712639
-385293
1305030
1189815
151077
-388842
-91720
225367
2165381
-233537
-74745
-961080
121800
-1276452
87533
511131
1095443
1939841
-553348
1179805
1101839
-546315
-708213
1639361
-26890
519819
-248680
-647156
141783
421896
541650
105350
458884
-843611
-575545
-288965
219187
789060
-147558
-2326089
-334436
-458486
-1330433
-928270
-600388
935381
-678546
-1524878
-95618
-1227913
553500
-1457461
337232
-1667074
-725459
-466657
1072809
-340672
1250780
179546
197239
-1607577
977789
-264597
113548
896638
1260248
-188134
98311
-1345760
1559502
451356
-117404
1355484
723465
802568
29372
1508183
-95470
865223
614283
1014187
-2024553
334729
445925
266755
-2545619
1268701
87917
-1546200
-1203549
-179600
-541740
-1388857
-1241915
