#SpinCore Technologies, Inc.
#SF in MHz
#SW in Hz

[HEADER]
@CLASS=	RADIOPROCESSOR
@FIRMWARE= 3087
@SPINAPI= 20191127
@POINTS= 128
@SF= 21.670000
@SW= 127986.351562

[DATA]
-4813414
339682
-4889650
-3072096
-2345022
-4822447
-201001
-3466823
4085344
-3940914
4113470
-2354408
3449240
-1425745
3252276
2359529
1289888
5047477
-485838
3745783
-2558363
1196495
-4075849
-107417
-3014810
597624
-1950599
-2613339
308275
-3732592
244317
-4029019
2162196
-2640956
1841067
-559967
2741728
-725799
-339776
2171385
794897
1191321
-1317882
2637732
-1921683
-840665
-947490
356581
-1245405
-571954
515049
-1129097
-637930
-2403081
1266101
-1862143
226327
-1433689
3453577
151635
1000376
297519
1954617
152838
-310259
1574120
999372
1201517
461554
1873448
-711615
-912165
-466467
974499
-1070115
14638
783211
726844
511395
-794861
531818
-85405
-5746
-578674
1559088
207288
246853
-482308
1253872
1558391
594735
-292660
1334421
1819397
-74890
1043809
338711
-550778
-727542
-371727
-430560
1547591
1389115
-1735061
343094
168946
53241
-1441684
-313079
2589030
692543
-1288163
1465409
1207199
283848
-406382
1520191
1999799
-698131
-397219
1565098
1001660
-727806
467100
-936979
-14956
1097656
365761
629381
780363
5944
80107
598410
-244075
387697
421685
-1502571
1618753
-369984
598618
61525
258421
1161442
-964803
-1233165
1950578
-159801
38751
-481936
905632
37682
215525
154854
844548
-1829646
99690
542259
715105
-1129590
-1471141
190265
1098384
-3567045
577957
632354
504510
27107
-500801
9907
91080
-1816987
1079251
-810315
1363252
275906
-21693
427363
-459685
-684670
-966762
-490216
-35995
718639
-92008
-90238
-9561
-118324
-168309
-482032
612100
212743
-33744
328989
318584
-524625
-155163
255794
474126
147914
-1060759
766586
866166
580949
209044
-1169691
-320974
870035
267020
2816315
223202
-459167
-597677
-684769
-124885
246221
-73017
293156
149519
94508
-1305234
-1556986
59696
1244962
8774
788197
-644157
-1601007
-1298761
-1374286
124417
1119315
754731
1057204
1347250
-149471
-1010836
-273716
-202278
283544
-1182504
1460400
404833
-629719
556165
143437
703357
892222
1092737
1816411
1353695
576075
1452302
-933181
-1397282
-523163
1698202
