#SpinCore Technologies, Inc.
#SF in MHz
#SW in Hz

[HEADER]
@CLASS=	RADIOPROCESSOR
@FIRMWARE= 3087
@SPINAPI= 20191127
@POINTS= 128
@SF= 21.670000
@SW= 127986.351562

[DATA]
-882656
576761
-3914125
792773
-1474569
-1827195
1348067
-2545138
944335
-796283
50137
-1283748
2676097
14963
2417584
1052476
1161393
651507
229957
475807
190540
1117460
-1180341
1442711
-1608044
579981
-1109377
-385039
-1795979
182570
-1887425
-1072730
-282802
-1374937
-406272
-1323898
645588
-478232
2565175
-1332282
1739084
-1330006
-513394
622688
209521
1772800
976827
1726876
-229659
-300151
-1401730
1122951
-1079175
-139546
-2475309
-556257
1009605
390518
-1010148
261414
597406
901481
-985953
-2034316
422607
542847
-124714
-659858
87947
553383
1092161
124265
698944
-79009
-1235316
-1162497
311666
179594
-256503
764606
358913
64532
1089089
-1699607
-365838
-445846
-284614
1693160
2282608
436300
1199946
520329
358579
-1041031
318924
695968
799721
910221
1258188
482553
-679185
522024
-1448738
-1197953
-772176
-486016
-403491
-962764
365615
-379909
130388
-130488
-2035523
93103
554728
615314
1000943
151110
879194
764918
-7940
-1743220
-264142
-528716
251992
722991
564315
3139509
1792030
-46965
745344
-814996
630892
-637352
-387216
-541430
28728
-231036
1570724
560621
-328021
656054
-957630
-887544
-708427
-372776
100862
671891
-1283699
1806161
411508
816012
-1248063
-97388
-242613
53879
-1677975
728017
757437
142269
571367
-189648
874129
-1595842
-640634
-2195896
-62715
2826873
1258444
1496751
1893856
-169634
107441
-1130526
-1072896
51328
389574
866296
767203
933939
1728592
692983
288
-1603513
-737006
-31612
-1074651
2321182
-18690
793082
264135
-237773
-294267
-977118
-327281
-212990
-86758
1851321
-89195
2257689
325959
-220780
-702090
-1442098
-644934
887600
-1636888
-168784
553257
401418
926945
-292249
-684044
85947
-1187146
-199953
-332369
-828130
-52352
275606
1061960
526440
1536644
-566994
-263293
-1187142
-244309
909466
1038932
567821
76548
316623
509287
-728070
-596414
-425895
-1451250
1284300
-677993
-325958
1761759
328618
-1942704
-951311
-1150048
-1310549
-528537
990077
-367372
2325575
1008980
603344
1023795
-1647275
1158084
-1106861
