#SpinCore Technologies, Inc.
#SF in MHz
#SW in Hz

[HEADER]
@CLASS=	RADIOPROCESSOR
@FIRMWARE= 3087
@SPINAPI= 20191127
@POINTS= 128
@SF= 21.670000
@SW= 127986.351562

[DATA]
3202518
-681740
1856822
1157927
461319
2866049
949523
3131274
-1218765
3212734
-3338010
-865677
-3494817
690203
-3119622
-2277702
393453
-1888537
-1390499
-4237907
2483966
-1068002
2201615
-686002
4225418
588956
-86299
107810
43953
1230982
-448763
2210355
-65247
1006852
-2742236
43965
-4339590
-313765
-793661
-1568080
283112
-656654
1328691
-2759789
-1465746
-858444
1874340
-562007
-323193
1657815
-453103
-931929
-457535
1103521
-14023
-404029
-689445
3759047
-1996089
-284789
-1883644
-1123676
-89800
-944869
-494864
1038108
-12513
364374
288919
68070
745456
-395974
351194
1876617
-1351267
1085284
1110765
-1262546
-912642
529979
-1275684
718749
-1994160
1151479
129405
-651315
1088636
-375980
-646120
1528863
-169598
-259042
-171470
-715835
752482
-543750
864067
1275315
-646815
-484959
1878170
-757175
479825
-878763
1025233
1943072
-2353247
785278
700508
-861287
-923433
365423
440584
481333
-1060303
-423076
-134558
-923947
828445
423479
10236
-206258
-416702
-798008
-399225
-437449
-198785
-255137
-1475552
1907620
-450228
-1702898
-2127594
585951
-403953
-1068409
-1119946
592671
-187446
-1042848
-193175
-977722
-1491691
-2358252
-1429448
-892262
-2762599
-1259941
445611
-2337801
-1588696
198662
-1342932
-159794
-999483
-90494
-733793
-1939236
800552
-130012
-738023
-1096696
413895
253046
-560557
-1583003
916884
42093
-2391279
-755186
23627
-369234
-204473
-1901679
1823416
148018
-1011143
-522822
-359903
-1206021
207689
-953703
-99211
1112694
-582384
397026
-346359
253661
1045676
-959766
51710
872486
1266438
-1149208
-579054
1127935
1317922
-1192956
1409951
808072
997152
-1936084
-171438
-1387652
626654
-2042127
170965
738875
403992
587840
-394576
-1829810
46548
-1252010
912367
-1141126
1373694
1174830
5468
-655194
516602
-68710
-1225814
-1095705
1606074
793051
-765837
-830477
1012330
-235068
-806845
-139955
124542
-486966
543935
448186
1336797
-1282122
35495
1707118
-82605
134993
1129773
-442906
-273498
-112686
-732960
2324701
-1319643
-739902
542025
206398
-567262
159937
1531220
996117
