#SpinCore Technologies, Inc.
#SF in MHz
#SW in Hz

[HEADER]
@CLASS=	RADIOPROCESSOR
@FIRMWARE= 3087
@SPINAPI= 20191127
@POINTS= 128
@SF= 21.670000
@SW= 127986.351562

[DATA]
-5880752
-155111
-3211797
-1840384
-3375729
-5454186
650375
-6094390
2912303
-2967650
3589419
-1570351
5431634
813041
2316778
4544402
2004592
3999224
-218889
4173013
-2484830
2464445
-5682667
232400
-3682683
-1061572
-106835
-1039359
123130
-2615267
2159290
-4634766
2388414
-1579922
1811537
475340
651634
1812291
1551960
3783977
-392991
3057623
-1540824
1665786
-749821
524715
-3204192
-1485102
-3223569
-1426839
-1669857
-2323774
713726
1057772
1717429
-1904524
2661493
-1275200
2099521
1211677
-471201
-484310
1488373
2213906
204031
1427111
-783066
785526
923025
115993
-1268416
272139
-1849060
-1698895
413287
-1048272
112726
1944538
523709
-1963260
2356148
-141727
1224534
-840493
-1796621
199352
1178966
-1429523
694670
1979893
-1219016
922162
722514
-617697
-525264
1205735
-1817612
-1666672
-145590
-155163
830262
-276301
-782623
67556
592818
-626311
-339327
-447282
-1229234
665145
-429808
-683605
-131468
-8084
-196938
-13945
-401710
-1087347
586479
-79866
-2580008
155597
-865494
-552791
-458603
-191252
-954146
-1208314
957835
-857596
-485157
-787796
519652
-629322
549928
-1361882
-449788
659052
32695
-281402
532410
-534593
678247
-1088819
114945
-1017175
-181611
1558145
1092161
562452
-71746
-42635
-1125098
-1348778
-195078
844067
106009
956946
-367636
-1277824
356326
2007765
-532895
1176765
-120602
847458
-251074
-1114690
-727460
22467
-910814
50964
1581031
-625502
732155
479680
124792
-20474
224515
461229
1302051
-807704
-1247272
1132511
-689313
-405645
-633875
966122
-304310
1081094
-1208088
1422361
1178588
2005376
-647989
-633170
-18276
-348908
108299
53102
-40546
-3546
1383652
164042
-667602
-1415223
356360
-465786
-205841
-717980
70982
909213
803520
-86775
597154
1186561
1708994
579642
-1077780
-141402
1065451
1114660
-471976
799755
99791
-1342083
2084457
-8611
-1177760
-73999
282905
-1106437
709054
-1444241
-436035
1275201
-315448
-939359
437343
673575
63667
320992
-380369
-1327970
-355505
224214
-1159148
-1079640
173724
1089626
-1188930
-804379
986331
256703
1096498
-92249
