#SpinCore Technologies, Inc.
#SF in MHz
#SW in Hz

[HEADER]
@CLASS=	RADIOPROCESSOR
@FIRMWARE= 3087
@SPINAPI= 20191127
@POINTS= 128
@SF= 21.670000
@SW= 127986.351562

[DATA]
-3519376
-556270
-3067738
-219405
-2034104
-2722268
294807
-2331773
1132390
-2369265
1122752
-1712952
2299749
-1951922
874071
507416
1939957
1916438
251102
1890428
627173
1320657
-1773338
1972481
-2377673
821310
-2300464
786155
-1370492
327712
-899016
-1873758
997490
-2682075
1129419
-720540
1524980
-761380
558546
-199760
1892070
1659700
-401070
551394
553943
968321
-153826
449187
-88910
1125599
-1185257
-562111
397172
737110
77142
-1215507
-576961
-103450
185122
-878954
785190
570599
1222396
316174
-433588
159305
1382747
-396908
-580491
-202168
-167092
912130
-1183715
-696375
-2162665
867339
-1196855
-210556
-1394349
-1074301
-4315
-1776262
12980
-672203
-1297627
-454508
328506
-405115
954304
-61667
-1323660
-354853
1028692
-1261919
797188
-789923
651731
296823
68014
221649
748001
1136179
914763
-18883
385686
1182254
-424958
-728087
-735726
896294
299624
-41814
-1722673
411397
1825333
104176
-1040255
518988
-641950
729286
-194232
-1412282
1976805
958170
-57287
-937835
313613
-9916
-1339509
-1198131
-199202
1720054
-721585
-35866
-453438
671616
963472
-474010
-788781
-1064420
168055
-368652
302533
-299493
1290561
1772712
-736125
-613056
-1066178
-264719
-169857
-312191
93481
587413
-692234
-776939
512935
-936460
-35453
306556
-1339667
-262562
-500077
694794
-236288
715695
178071
511589
-1195210
810372
568912
-89181
-608029
-19113
-545416
227464
-343621
-646683
1136720
253967
-1712889
-644710
38586
1365298
-48257
-985515
1067689
1268249
293206
-972927
238234
-702724
847739
-877688
-1031129
1364835
1322626
-834632
361769
964132
775393
637974
-1093073
-733999
559524
-234599
-760267
254566
-876890
1065009
-1689285
-1393942
166798
-58455
118071
-876567
-1262284
-245614
-400360
586010
261916
659047
665756
69463
-392219
-1002022
-230331
-1267433
808750
-615155
366812
-863310
670131
-730889
761419
-4487
-938273
693986
633501
161566
1460074
38837
-403745
253092
-338044
-643087
-195764
369945
-585438
-481986
996728
-486236
-65711
-1347780
-377053
959868
