#SpinCore Technologies, Inc.
#SF in MHz
#SW in Hz

[HEADER]
@CLASS=	RADIOPROCESSOR
@FIRMWARE= 3087
@SPINAPI= 20191127
@POINTS= 128
@SF= 21.670000
@SW= 127986.351562

[DATA]
7265258
-1411203
5525403
3907363
2687284
5157278
537723
6921354
-3103408
5285925
-5558692
2828303
-5892943
-1964619
-5380203
-3085691
-3008067
-5604583
776799
-6591641
4280772
-3522966
5010381
-1631276
4667061
-1013109
3856070
2655826
1311392
5581981
-925198
5142912
-2013302
3036999
-3395171
890370
-3984454
-1434139
-4465865
-1796186
-771095
-2160933
2521206
-2635626
685922
-2902849
2217605
-2118268
835767
-588956
1613481
1530767
599870
1494626
-398519
1318920
-2341493
-280879
-1809945
713596
-1037561
-919941
-702433
-1340508
-279551
-2385034
-368572
-822750
1166829
-1890092
1234619
191250
1583097
-462601
61517
324118
1703127
15401
-358507
1271799
1433372
965654
-1737458
-473742
-174910
470990
-1265289
736132
-530094
436904
-88041
-887888
-36495
-991429
182791
-1452228
-98972
-460871
1184377
-1144669
486568
280247
1416724
-322159
-711925
321086
1768893
338980
-576798
610012
875573
1090344
-241234
264035
845935
258519
-686177
-1023481
160546
335884
452747
-701761
501360
981466
1183453
-1625843
-410680
-741052
1250845
-1104350
154773
687315
-322233
224083
-101312
575100
1803919
1330787
-1140111
-857795
-1179378
-771152
-40647
200148
-2182635
1782237
231086
-546619
2072391
-1049958
-63086
-186138
-2376747
241380
292737
-196465
2111330
1501867
-395764
1381636
17873
-1486710
1024332
-1065601
-987376
545831
-329393
-10648
453584
-328610
385711
-653954
-894558
223852
-47477
-86044
-447172
472310
506928
215269
-961552
295694
-626817
157112
323679
-107683
-456929
146031
-432671
-671476
686521
-348703
908186
-556608
-859124
659813
1185974
-394642
670156
785675
-651466
491214
-1696647
213401
960497
849015
1504494
236716
-308996
254399
-583927
-992459
524354
1112773
799614
1426321
405139
344038
-322718
-18516
665126
-683350
-271272
427719
-643916
161864
38346
-1397324
827689
1440309
-688250
-1068336
-167905
-1237935
-194161
1847908
-408918
558206
-11400
-2306648
1471979
-186533
-319260
2713
-943502
-1155609
449787
-238225
-488225
703770
-340631
1141906
-375501
-1049522
178662
1426142
