#SpinCore Technologies, Inc.
#SF in MHz
#SW in Hz

[HEADER]
@CLASS=	RADIOPROCESSOR
@FIRMWARE= 3087
@SPINAPI= 20191127
@POINTS= 128
@SF= 21.670000
@SW= 127986.351562

[DATA]
4578065
197013
3373333
2625905
2025201
4425000
115118
4859081
-2641675
3062033
-2903967
726059
-3268871
553691
-3804087
-1069037
-858939
-3151624
-26642
-3405340
2238084
-1001864
2508875
-1286340
2613734
412108
2493553
1211588
-444277
1573612
-1061859
2052098
-1350473
2313799
-410302
405867
-2599725
1375113
-1066785
-611642
-1228845
-2297157
687116
373825
1008674
-3031722
1815944
-19594
91225
-1395928
702126
1129374
-249527
1126012
-99548
1824378
-535382
-51881
-2103483
1808605
-799919
-350909
-606312
-1611182
1497335
-807775
-1369214
-370081
-1303
-219765
-705755
188122
1311814
-67082
-458948
483841
568201
829335
-38827
729811
792479
254715
-24606
1567365
-1043346
-858806
-1183153
-359664
-570567
-334364
-1062856
1320954
-1007941
-1024277
498536
-984049
-959499
-756502
633574
-812533
-1455971
-1452750
708352
275226
232000
494264
214088
62979
-428020
981398
-764365
275885
277598
-114381
-492271
-2278
1330682
-1831027
-160209
3663
-174099
133241
734236
-450429
1094248
-586281
293916
248069
305240
48792
-370431
892573
-5539
840480
-1050343
-1559362
1575719
664540
1282571
810925
-746355
23919
-1402120
-850804
1828335
1698482
-574231
375135
941389
66095
1436165
-1230330
523936
1883287
206931
233745
172277
-805904
1267861
-801394
106341
1351353
-287019
26183
-1309503
389070
1684728
-94734
-1065524
-36484
1123584
272147
271104
-86200
992692
719212
-1156304
2220673
-1511350
-1637950
-991892
1331950
-227585
152983
-70932
-180080
-1474425
-595757
-385456
1023919
740088
562589
512585
2106981
344602
-290993
-208253
-695918
-274808
49777
2235
-103653
-1012690
-1527606
-454564
238920
558049
1867628
-1519078
839419
930403
-1747030
-353087
-368252
409860
1733637
-147126
-1322641
91463
-228981
879897
322246
-918457
551810
-1966580
-499528
193319
-94865
616778
-935254
-2097452
198433
-68420
-647555
-323200
60959
-284699
-258342
-823668
-490527
1296102
-1167594
1021027
1238572
1760455
-548983
-187502
-419983
2085383
-811338
1666076
784614
799815
1144292
63308
-1130708
