#SpinCore Technologies, Inc.
#SF in MHz
#SW in Hz

[HEADER]
@CLASS=	RADIOPROCESSOR
@FIRMWARE= 3087
@SPINAPI= 20191127
@POINTS= 128
@SF= 21.670000
@SW= 127986.351562

[DATA]
-5286554
1934184
-3205586
-853360
-2986296
-3963064
-861957
-5051633
1917105
-3231812
3446059
-3954077
4992096
-2934745
5688410
789745
4459669
4711174
1521178
2908469
122965
3061132
-2440945
2248674
-2781247
2220602
-2674989
-1061969
-3590341
-2217433
-1186949
-3946765
1437136
-2592686
2628233
-3066003
3222862
-572711
2803377
-902034
4382787
3068702
2260554
764983
-16139
2803433
-1676510
-185880
-1205510
1898330
-539485
-2083244
-1799190
-1279692
-1693784
-936760
1546245
-409899
1530301
-2453837
581593
113944
707828
-116433
1789439
880340
2604537
-943932
924358
1397259
-1376852
612982
194822
702914
1143935
-1699488
-2030559
-188075
-1130091
-1272943
33867
-1899916
1533226
-1873222
-269981
-1483426
-252243
-41871
687673
-442102
992065
-1824670
131544
-357063
-651870
770146
426033
821543
556271
-488103
-1497141
-2397336
22898
715099
647211
-1275208
-773852
-339565
204795
-2172492
-491707
1224452
192451
-297744
504231
-813062
-1047633
-464368
430650
1671839
-1389983
705874
441328
-106818
-825890
829773
1336900
389035
-1206969
-494501
821178
633485
-977949
-298219
468859
352967
-2050224
-84762
1662017
-54119
-191660
-545791
-309183
-457307
-399307
1277816
1223070
-420127
-201293
-1432134
-1333283
443272
31695
951455
1504858
-496055
-286801
-248244
156518
1921665
136936
1534014
911330
159182
-429853
-631978
1452223
-71731
-516958
-859474
1038377
-163923
-222922
-848346
-898003
1032149
1411789
229240
610189
-610315
-881681
466301
837050
1749752
509919
330857
-154205
-455958
149057
-51351
-544953
795216
735867
-965652
240895
-1208293
1048854
456132
1452874
-223547
815466
286624
-268869
-645281
455301
-1408216
1204435
-225749
1067735
-407564
-393887
-431756
-458286
-436528
248768
-121489
874615
-1311964
-895754
-537418
533951
304547
-473781
-177232
282960
-17264
195402
-337890
451195
-470164
-1234453
-217419
97083
-608197
-14387
-449695
681157
-1119461
105672
1018701
57436
1208688
-91849
138492
270761
-1616791
-2162749
-828586
-22286
142337
-1314454
-95028
1402210
-1719588
-371468
38114
