#SpinCore Technologies, Inc.
#SF in MHz
#SW in Hz

[HEADER]
@CLASS=	RADIOPROCESSOR
@FIRMWARE= 3087
@SPINAPI= 20191127
@POINTS= 128
@SF= 21.670000
@SW= 127986.351562

[DATA]
-4207529
-547754
-3488375
-2388930
-3304645
-2986290
376382
-4095814
577441
-2602911
3401207
-3285242
4845785
-1101221
2765094
1238790
2741853
3405008
408817
3201334
-1952969
3409589
-2220057
1499202
-3659669
1601989
-3573987
385421
-2423159
-1749449
-522859
-2114199
1417509
-2358055
4278074
-650741
2287852
843921
3651687
1297343
1765201
1349241
2431384
2853438
207
2166031
-919024
885034
-2142701
-816379
-243105
-2978031
216219
-219787
280573
-2379687
-1645470
-2061774
-179398
-2228723
601336
-1429178
1241250
-857266
1065503
1585150
-1659975
678379
-2336626
451479
-1524182
821533
-873348
873517
-609209
689237
-1034718
68018
-15434
364511
93269
-92938
959060
1093433
124602
907712
763981
1382377
1235797
-1053943
570476
-111353
194504
1420881
701663
1389381
-1901752
-932839
666248
1042071
586700
-150141
-59351
-754410
-696983
-889731
54375
-491989
-969167
393383
1015272
-584903
-358710
-261844
597043
-1314379
-865470
-529757
1192244
-330077
-720758
-76640
-979006
-681767
-38866
1653431
-2057235
-295051
-619367
1557194
-1254715
1640985
1206069
-1095236
-405248
427636
-1041186
258764
1472941
2075292
536201
-755160
-791630
1990904
567235
309599
1304608
333731
1094745
-993864
995313
1796415
300904
-577044
-626801
-1317810
-1666621
-651034
886150
255457
-514864
-1120951
-443336
-1362548
-706284
410809
954276
-845114
-210523
342888
-1284695
1224934
-246125
1471811
-370603
-18266
-1082960
-73164
1266273
1757614
1332099
-909863
-497041
-63657
-193670
-1281119
1064077
-686550
1123154
-1465228
-1233190
144454
-555674
106989
1002162
-883883
-811954
-936115
581265
1023643
1096012
121182
-473406
-1094076
-590634
-118065
479868
-944618
312698
552222
717553
-684945
-1501333
-779931
-901632
533726
1029566
194738
-674489
988726
479184
-92295
829370
628702
1676250
-611081
6272
-20529
-334448
87197
2037283
-738560
139984
-1670459
-724974
-329341
328904
241050
-1704642
363556
-1007829
-1607831
864243
-624629
800327
-634351
-243230
-1010967
-1432302
-22540
-408337
-1769965
-180867
-948444
-1548657
-600490
