#SpinCore Technologies, Inc.
#SF in MHz
#SW in Hz

[HEADER]
@CLASS=	RADIOPROCESSOR
@FIRMWARE= 3087
@SPINAPI= 20191127
@POINTS= 128
@SF= 21.670000
@SW= 127986.351562

[DATA]
-3909979
252677
-2720144
-1242245
-2299764
-2546988
-612122
-3827652
1759125
-4128446
2321485
-1756574
3952860
673162
3978541
693990
1826832
2280873
-301233
3465276
-2610389
2914906
-1509249
1714931
-2702359
-407889
-2989623
-982721
-3245823
-2021309
-616810
-2383374
1165546
-1626271
1986242
-2236248
2561562
-1807687
2981449
1186265
1553891
1346187
1305017
1440620
168261
1554031
-94256
970081
-1496357
1345839
-456937
-1046180
320947
-820690
-819632
-1013116
-1067761
-86773
388122
-584912
2095656
43026
2320557
458404
-1230511
1184017
-552686
2000649
-180647
1260758
320377
317249
-1291925
221712
-1848104
784899
-717164
588190
-782902
26250
-1388439
-858076
-1292454
-999752
-281801
-583625
-295274
610701
-253322
-223981
-824127
-263927
-28556
-720695
-1165553
-40041
931784
-158705
884113
348496
-907838
-404768
24166
-1050274
-795440
48182
581711
-126563
-581194
-1315105
275216
-1320111
-76998
-159718
319056
563485
2140214
-1134959
1822690
-451732
690643
870569
700585
-403887
1066961
-855781
2127104
365504
348872
-268243
-761957
-820119
1519469
1296619
311224
438889
907104
-219167
83993
-988795
302378
1509549
250366
951330
918423
941506
-43812
317084
428246
1458393
-1456298
-869918
483997
534720
282503
499645
-1078718
1014870
-1580782
-450008
91492
-142207
-147910
915621
-384647
1105820
-1538894
-1990812
589936
-1203306
379215
309896
-1168940
701224
-1071617
-395688
-438688
-1135683
191891
-327721
-1840558
-1103560
-617265
-742888
291187
-920689
-644775
1071125
-932197
-951702
179390
-2172558
1389086
290327
10838
-273789
79294
-1123859
1820945
-803143
1332121
688108
386032
-1676137
227102
705286
1286278
616677
1379700
2074197
370573
-297299
1264333
-220971
1173578
1663516
-735970
1381719
715535
-782496
-881395
-59391
-271743
1327783
-1237382
1470195
347333
1235686
114865
-1094341
-1355193
992829
-692178
75897
-59362
484216
375863
107608
-40285
196229
-2384639
-557485
-614615
251360
945621
605524
-315992
-835321
-1083800
-457702
-1379560
265967
-20742
406341
-389135
-892638
