#SpinCore Technologies, Inc.
#SF in MHz
#SW in Hz

[HEADER]
@CLASS=	RADIOPROCESSOR
@FIRMWARE= 3087
@SPINAPI= 20191127
@POINTS= 128
@SF= 21.670000
@SW= 127986.351562

[DATA]
3103535
45494
3249799
2502928
2882117
2920857
-884222
3027964
-3307993
1937593
-2687257
1836450
-1444476
-175123
-3306361
-2046860
-2061517
-3315026
656008
-1779476
2360631
-1651737
2647887
934639
2555780
711849
226277
2007325
361120
1797421
-1000651
2769522
-887152
1623969
-3181534
-722496
-339346
-1005556
-1545824
-1418565
-298937
-1794441
-632420
-2899835
3020534
-1704255
1585387
1010614
-12392
1050576
526977
-248960
117352
2443209
-1411587
2248853
-2332780
995368
-8896
-1597379
76943
-1457671
-1668977
423698
-692379
-3105503
1306653
-1700812
513460
793327
-766343
-300995
315810
-1352986
1487111
189095
64946
81190
-1734378
45371
500947
-1501168
750897
-268030
-1776736
-473798
-1575544
-1207504
1799195
-1955040
752057
408368
91299
-1352810
-260238
-618182
1743985
-1436760
707316
276344
532954
-1519037
16679
624297
1253974
673388
-1188149
218923
-20093
-1655134
468332
-1077800
1547550
-456832
288032
1091979
1727938
-165222
-364810
454158
567460
1388712
900466
-51953
1109884
1205539
-380991
328574
-942220
1326266
-394547
1452313
-87419
1463185
-1387479
160811
-909824
980336
-674247
104749
-640884
374803
-715608
-61289
311184
375155
-515601
-299335
-545769
910914
600631
-259826
276655
-199431
-705283
-88362
-741685
1779829
-903031
511200
109007
-428104
-1210743
-283692
400563
322986
-430311
-1148708
480436
-95154
-710185
102872
275091
90881
-1128254
-495650
-263703
126170
-483380
568947
-1219830
-598836
-655258
413900
-459164
899197
-249155
-60222
-1338409
-670855
-402848
-540836
-655224
-646092
-177421
409325
-887564
-530673
-128257
-549083
734279
-1080219
-229200
564278
433887
-972239
902221
-1092553
-692315
-1602249
-1056691
1658485
360483
-532195
399162
620430
-7683
-1388647
-851320
-88885
-1417942
-2548408
1474364
804503
919155
-515513
471477
-347922
1275009
-796109
955009
405800
-98114
1233827
1224572
-5395
1300440
-7846
579879
1327710
-723058
1563033
1339713
-634111
992534
-163441
1824576
492872
-1553913
-1243907
1186702
1166187
1527108
960781
2079578
788191
