#SpinCore Technologies, Inc.
#SF in MHz
#SW in Hz

[HEADER]
@CLASS=	RADIOPROCESSOR
@FIRMWARE= 3087
@SPINAPI= 20191127
@POINTS= 128
@SF= 21.670000
@SW= 127986.351562

[DATA]
5581154
-1649546
7323368
3399136
4219069
4610274
341022
7452417
-3141030
5828350
-4217559
3853976
-3820734
208636
-5880944
-2147419
-5828186
-3353730
443208
-4862466
2055399
-4143906
4276373
-4810847
3321261
-1482845
2878150
2204625
3672312
2913046
391150
3817331
-1980013
2046891
-3523220
1803918
-3355967
336054
-3656330
-1502606
-2433404
-2964774
-261170
-2625706
1506102
-2340127
1952468
-1417620
2352902
-1993749
2203601
108590
2438191
1425360
-290019
852008
-1199276
1016614
-1534908
514283
-1839615
-354382
-670412
-570079
-1144090
-702320
-20415
-2773201
-507739
-1395097
1778115
-462296
623772
-215884
1463540
-1642855
-453328
-1105013
1059485
784541
1236059
-91580
-123280
612650
-701481
626311
113887
975087
-85694
-151061
-66550
504706
173798
48605
773257
-105489
1394595
-814656
-339260
-862977
979451
-762452
74404
785029
455646
-1199285
373225
-1082625
-246340
30019
-760038
739354
87406
-583628
910894
-24472
-1725109
-440203
-1623142
104671
-1287683
-2172534
295342
-2120423
-370448
146402
470501
-1043920
-223845
-1079960
74706
-664908
102619
-661726
415515
-107980
566775
232679
339225
-28736
-923854
728569
-1800278
-1036592
80093
14170
199585
-420232
54531
-974069
385438
-2098286
1639319
136885
572559
106591
1702336
769022
901724
-515685
-635091
1356630
73056
215712
-88122
340505
-1738457
940396
1302293
-96304
-806306
1067205
166599
416568
854049
-1078593
963810
-652288
-224288
-341421
-260658
-251977
-1044356
-134860
675579
801788
-35526
508624
750705
-738726
466136
-392235
1502884
-952903
-266146
-115356
1509724
-1117504
527605
685614
429760
-1438218
-243369
355612
1830994
268976
521892
1202970
621947
-1434156
-108945
63242
1877873
441250
490344
1244030
130730
-584402
1863913
-373978
516721
-824219
-254891
2085808
397261
-513763
293211
671936
146448
-929698
503430
546126
-313463
1105656
1045658
-881648
512987
-794542
711331
1032264
294939
-840895
388513
-751821
-1083693
221485
383765
1064966
-397500
-340906
-440401
-318592
-545412
84772
-683714
313315
