#SpinCore Technologies, Inc.
#SF in MHz
#SW in Hz

[HEADER]
@CLASS=	RADIOPROCESSOR
@FIRMWARE= 3087
@SPINAPI= 20191127
@POINTS= 128
@SF= 21.670000
@SW= 127986.351562

[DATA]
6507113
281887
3381327
2600996
2841611
4139924
1619238
5210977
-1185120
5142247
-5974500
991372
-6195189
-1064754
-4739323
-696660
-2202068
-2056652
1280704
-6064315
2821944
-5611906
3693436
-2334924
4589577
101904
4451679
1491593
3051846
1763254
1087399
3219023
-3045434
2984407
-1550905
2683018
-1316633
-148407
-1095772
-1493276
-2737276
-2648006
175996
-1812188
1841297
-1534934
2605993
-624593
1383291
-249338
1305285
2117034
674285
3063121
-192452
2373932
-423184
212496
-2107797
-252342
-2677614
-372579
-2176336
629039
-1048011
-1752773
-2198122
-2372665
-266223
-2415948
-845386
-704626
312949
-1257895
1215316
-372157
1725239
-949578
-43860
-626359
-143782
339659
1241935
736777
636738
-70377
781165
-527307
272815
1591719
261379
994974
280670
263721
-160098
-402278
551423
911946
872646
679482
79827
488196
406727
954394
214214
707141
112760
1000023
-560001
1229756
-938681
1708259
284809
-937760
-1055580
383426
-2023517
41942
-614136
-72557
206508
-502415
957501
-595957
1018873
-1054129
388780
-683416
-502530
737597
1484785
1895143
599566
-1541953
100719
-551616
-327982
-82510
-1554296
653329
-174978
219274
84562
424946
1208000
121923
7419
-503501
-120145
571620
688089
835452
-665223
848268
-222510
-1497970
63473
-48930
-854399
1289392
-1297371
720444
-1074360
-999071
-1001659
207478
140650
272743
281654
-731762
-346012
803086
-1390474
-935751
-243584
-85026
-1137144
133795
388857
25243
1076965
-1650881
564798
1001560
528769
830751
-295858
254585
973488
63494
259582
479692
-917773
880567
125829
119758
471085
1235593
1256530
-361458
-1486758
1755610
611758
-515246
707131
592518
-362136
673234
-90881
-29835
-409667
86993
-273166
555324
-1389180
523168
244186
-317894
937131
960591
-875533
-361415
-1353245
109682
621687
-743632
1273248
1272165
-848276
-263754
-883506
301693
192074
-558213
1010635
1650739
-249463
-278918
-497915
-1092354
-621947
-1063287
-190324
1298323
481175
334249
850392
683508
999456
-71041
-1305758
124556
1151774
17896
1364742
305830
