#SpinCore Technologies, Inc.
#SF in MHz
#SW in Hz

[HEADER]
@CLASS=	RADIOPROCESSOR
@FIRMWARE= 3087
@SPINAPI= 20191127
@POINTS= 128
@SF= 21.670000
@SW= 127986.351562

[DATA]
-5604013
1286789
-5086421
-1351312
-3929563
-4142034
276867
-6850660
2964367
-6133219
3358465
-3320268
5617315
-256301
4226189
1933655
2361207
4171587
-1570261
4540295
-3275621
3904175
-2578804
2309833
-4716830
398529
-3968029
-2681159
-3285270
-3893404
293539
-4808440
1638333
-3506733
4102107
-2450433
2631147
-810504
3149937
317108
3998061
3429185
-442991
2408493
-648757
2676018
-1336193
1059956
28930
1485299
-2397222
-1539751
-895809
-1282384
804919
-1154432
1202436
-438937
1451919
-1990821
1041548
-869554
784765
1101072
918351
1966779
756585
863015
67141
-442410
79696
-418688
-1371122
1487429
-1572062
242038
476935
-350260
-230716
-1627211
-1421908
-720763
-429362
-836290
1579105
-994990
2234914
1013809
746971
-102344
-155197
-661402
430846
4598
-100422
1861641
-673633
-71903
1490315
-1050475
627594
592282
-1452296
1046484
-774998
-1566564
953568
1164117
-618916
140179
-1397197
-2224806
-223906
15199
183115
-581947
-763351
584066
1019208
-1405922
223078
1243533
-252344
746652
-72718
-745104
-183157
996071
-1691800
536832
-719182
776454
905980
320395
-808095
-249295
-815502
-1165475
319315
417177
-209679
-136756
-454119
676104
524574
-1163302
-722414
-847529
-678344
1250084
-405283
85447
-1033679
595459
-1468636
-1167868
-1056921
-784038
-88536
-670770
-419808
138296
1099606
214506
541562
409141
-210726
196754
1495615
1869769
1595891
1723535
18464
-571072
-934817
-606052
215480
1371902
236860
1400164
-347926
88653
-170080
345415
758510
-667753
-860946
-807208
36485
348740
648666
-1126134
-37910
544952
376920
-563819
301459
-723001
435562
-181708
-282669
1289525
542087
-1014469
592569
-25072
2186326
882939
-239115
1047077
53423
32360
-215492
201605
-379421
1921600
-628108
-59099
-1141430
419784
457549
-410524
-991255
801068
-14852
-876901
18177
-499399
329704
843181
-88042
-309772
129347
548799
-174178
-1682246
-318494
-17531
741860
728086
-369817
-30289
957793
-1404199
527079
-666574
62946
-34863
1291225
140414
-262669
-338433
765212
-514136
-2089864
-757660
