#SpinCore Technologies, Inc.
#SF in MHz
#SW in Hz

[HEADER]
@CLASS=	RADIOPROCESSOR
@FIRMWARE= 3087
@SPINAPI= 20191127
@POINTS= 128
@SF= 21.670000
@SW= 127986.351562

[DATA]
488522
-951023
-140090
765662
-545577
-982302
-425538
1773576
1472101
1507084
-774786
1483331
-941016
-843935
42638
133039
-474233
-84171
-2263451
-490783
1101149
-556343
985908
-269272
-214093
442418
-483197
-1861186
-655550
199080
627862
1723652
508141
478806
582858
-1252799
-581730
-719678
-1522350
96767
-815021
961496
49257
567017
599249
344695
-640801
260561
-1731447
-837277
1500088
422557
-938910
926568
1146239
-607221
-496994
185012
1627625
-383856
-1713630
-1338841
-307926
-1541888
1240774
988228
1458609
-657854
273692
136030
922379
-814458
9333
1502868
-419404
1179249
-606591
237094
501033
232295
-36268
313858
-690295
869933
-151474
485493
-1796111
-256052
-637229
146619
-329371
32645
520733
161001
-280412
588881
517385
719334
-65713
383951
-663257
825480
-399813
-1027830
1621949
-1128297
1100201
-1293570
-866438
-654650
1206615
244645
2203769
-432215
287308
85034
470203
-1304774
-1236604
-568525
1348739
909186
402819
1078516
1012470
1017177
-1468959
-1212091
1119697
244396
533995
353752
-7294
606363
-600603
-770653
-417855
342830
-374978
526396
-1391434
-960026
1319772
343787
202800
146988
-478320
98673
-437282
-1051184
-712332
576184
-657758
-309325
501528
-603440
-115339
41599
565361
-1604267
-1065540
604643
-225045
1020929
1770154
-125631
-1474622
-410783
-1217806
686246
-130832
87796
1672179
2412548
-482511
-639625
-161491
-1859800
1129414
311658
-1080660
37519
-810128
2002624
469634
-2571313
549123
13949
-662837
-1000158
-1217751
194114
2171324
-140510
1083228
1608353
684672
-512697
656676
-1613986
447667
2804954
-575624
1372239
-152203
-297823
881307
-597548
-844521
932673
-1482409
-42913
1043440
-1467090
1092008
2033126
-1774976
-997196
-227920
-521844
1068216
-466895
-588273
2825856
-863432
-852847
616164
-652117
774346
-143506
-1306690
-351037
503428
-936196
531253
-183189
-649652
1769488
1179021
-149337
388337
362945
-236248
-569804
512800
575572
-490113
-664959
-172422
-542450
604555
-242682
73842
1420552
-900646
-244884
