#SpinCore Technologies, Inc.
#SF in MHz
#SW in Hz

[HEADER]
@CLASS=	RADIOPROCESSOR
@FIRMWARE= 3087
@SPINAPI= 20191127
@POINTS= 128
@SF= 21.670000
@SW= 127986.351562

[DATA]
-2514192
-1113087
-2501522
-970759
-1191554
-2548622
-749602
-188413
1314374
-1561840
-295108
-448919
1903135
-2402968
910158
888808
1799957
1759862
147747
163010
-812700
1881381
-1236679
838833
-1975
2245386
-141316
-854203
-982045
-1074318
-265705
-1291185
51092
-792179
2426485
-2324344
1557227
-956522
1614334
624336
-27892
1697868
1119931
153554
82298
460260
-121431
2127342
-1280047
1037704
-392714
53077
-1652486
-788400
579081
12021
23993
-331949
-9738
447866
447510
-1192602
1106153
-221245
142780
155080
505096
503723
-611041
1217934
353855
354546
-64364
98318
221022
235333
-190776
-984049
220765
752493
502493
-123776
811518
-77865
473897
165511
-171614
-179924
5781
-605042
1239914
551522
-901379
1479877
-1450809
-115250
-238698
-552568
1289899
-246647
-253384
1818425
-2531832
388986
-26229
-1072988
355277
-1102200
-1272596
1111068
-995829
-2171290
1670579
-1658726
-380849
-814271
-42461
-1014127
-608878
-2251190
1977922
-508642
166133
490708
94866
-95572
-427905
-684361
997273
211228
-1539730
671642
-1071438
-788639
205480
-1703144
129615
758987
-466223
185329
-913773
-339541
1094527
365545
302890
119121
-1074740
276114
261753
847529
955562
1076231
-889746
-467166
-1101529
1490923
663923
951284
909921
1123288
-449593
-126532
-353282
-1514340
89359
820703
260837
1175918
377347
-626463
-1794681
-1005507
720235
837247
100593
1370761
660019
912130
-292095
-311036
-816265
-132577
211558
594619
97165
382533
-1397300
-14268
-401820
78742
-293901
693962
-410409
1532710
-1317052
665037
-347885
1187237
-1312163
-1112403
-560668
63866
326400
-999040
-348657
807681
-1213321
-1705363
-706529
-297666
-265031
-877947
667919
1573539
344534
-1421298
1392954
-406115
392494
306525
-286325
899110
778644
-1267838
751502
-626077
649791
1607994
150613
1359728
-181796
362704
969182
-1131242
21091
1173521
-802490
341170
-242207
-2132500
765711
-1141111
223383
86079
-1291233
-607192
988529
-564613
1878356
55581
352171
282661
63109
11269
1815425
-1895613
