#SpinCore Technologies, Inc.
#SF in MHz
#SW in Hz

[HEADER]
@CLASS=	RADIOPROCESSOR
@FIRMWARE= 3087
@SPINAPI= 20191127
@POINTS= 128
@SF= 21.670000
@SW= 127986.351562

[DATA]
1081047
-127160
173193
166415
-827939
627319
233815
-1305799
-886989
519087
-423292
644462
-1101468
-701296
-604550
-27484
897098
-327680
1033565
277263
606277
-294813
-20231
-73009
-1273106
707320
-895868
-85718
-224286
858217
759406
-1074546
1735205
-378216
-962170
-991959
464305
-2654592
476181
753949
422468
835114
1312286
-796458
1666742
156127
-591255
123839
-163231
-183204
-298891
2785590
-1541254
405920
1400647
738161
-476296
-1305990
-1598054
-1144198
-618997
-529524
55547
2421662
1016984
1166375
2204423
485458
1722287
168540
-652536
829311
-949230
-179852
-2069319
1641340
147989
49098
484251
-594516
1035350
305716
389678
-1688457
475305
-1474014
257500
338429
-604061
1249849
1670766
2820797
1184190
395770
-938889
-120146
371582
-178045
-1769731
-53748
-1752707
-423861
592808
-316364
-587673
2135395
717033
-387080
1817382
-846190
886234
-229277
-1299646
-935131
-127015
429702
1545539
1041421
284309
1826431
1394562
-732188
-348608
-917045
-247085
-66579
-794582
-379946
586821
874312
859451
-416418
347090
-911977
1212882
-760779
165947
152672
-1195609
2043775
398739
-268632
457905
1568948
1066848
-627412
-1122251
-1385124
-35929
1150907
-1272899
-428456
-244472
713080
1316585
-199292
416547
863081
1608449
-499947
685659
-353194
-971934
-90761
-906398
198078
71583
563151
228776
-140237
618881
-341960
-352973
-1255440
-661168
-1359674
-1459443
17380
21668
1320083
476438
409606
1054119
1344715
-670640
487076
317165
-1211613
-1361590
-633517
-930757
-242650
352109
-248026
767236
162973
437364
-467442
-100019
-495894
499662
-933616
759753
-645481
366449
-118140
-719564
673405
-640923
-485558
-1197346
-195889
-630053
-201180
-814714
505284
-378324
-183651
573602
1144892
200552
-370725
-1632178
-258250
-395144
1229582
344251
-536085
386639
-165106
-1496466
-732378
99089
-747739
-9732
615379
57305
309481
1062309
-1427446
362818
-249627
-1681609
1792714
-455387
113791
-428575
920223
265701
-523935
296348
1012013
85217
-585539
-507570
-490988
