#SpinCore Technologies, Inc.
#SF in MHz
#SW in Hz

[HEADER]
@CLASS=	RADIOPROCESSOR
@FIRMWARE= 3087
@SPINAPI= 20191127
@POINTS= 128
@SF= 21.670000
@SW= 127986.351562

[DATA]
4362028
-380669
4613252
2111069
1941220
3253793
529567
4084986
-1949554
2595824
-3301600
1999694
-3843304
417702
-1746924
-1682747
-613872
-3034477
-811412
-4479758
443590
-2579347
1212710
-805112
1296268
694034
1129854
1046022
2352303
1621975
-467131
2169140
-2253267
2305344
-434460
-459569
-1203377
1082901
-2854490
-1460202
-313749
-1234711
768186
-1634840
-280699
38169
2417391
-1910670
1845738
509269
747781
520869
-286325
315580
1177330
993344
-1986569
294826
-1743751
-1514456
-811551
-19858
-2234125
-521444
-1208999
-2092315
1113202
-575280
-79002
219696
206262
-1029578
153480
88054
1819721
1880580
-351222
-284170
686115
894705
298599
1256706
-122002
504276
-875316
-407909
746958
66057
269369
692621
-610776
-27345
331761
-2229457
-190395
859313
471497
-1655875
-472833
221271
1458507
1548367
425418
483450
906554
513110
207165
-408390
-1206915
1500057
-933337
670568
-403166
817243
131074
1595
-2155533
-1257575
490149
-680873
164414
2169297
-255743
-957023
2598568
-575278
1915991
1503015
-599374
-49272
906682
-87459
625492
1701801
178771
1061418
678475
-169485
1546739
-385286
-1130006
580449
-1423044
-153661
1165768
627530
74773
559947
-97342
-880963
-495762
-2649778
380527
483882
-1517691
692422
573307
-857459
697170
65734
488012
31088
-1283351
-926597
-289383
389473
17812
648497
17044
-641278
-610516
327527
-55152
1123330
-2334185
-210685
764943
871698
-396771
1888116
-1235152
-530421
531553
-1773579
-378955
190644
378718
-523541
74332
-1479129
1561266
-554543
-429607
-1760955
883095
1191275
1359690
-932163
713506
903661
436296
-280876
186000
-415370
1968037
1710161
-2078055
-39482
-575699
767421
883911
-632938
-1316199
1001344
-1213855
-934286
107864
-908164
429765
304444
-1086904
-1278878
47506
912246
679267
57425
123024
38021
828019
-716746
504361
-875114
-1039213
1356193
-1338628
132627
1878449
610875
1362966
1111895
-1246358
104606
377914
-1121808
-1284148
1038531
-1293695
761699
433193
-1337953
870690
557409
-947740
-429700
-1012195
-1227302
