#SpinCore Technologies, Inc.
#SF in MHz
#SW in Hz

[HEADER]
@CLASS=	RADIOPROCESSOR
@FIRMWARE= 3087
@SPINAPI= 20191127
@POINTS= 128
@SF= 21.670000
@SW= 127986.351562

[DATA]
-4241942
2525216
-4312469
968051
-4729912
-2406274
-2143379
-4768836
353881
-3109140
2020139
-3331977
3050451
-2516124
3503775
31734
4355404
2067238
1163421
4381178
156349
3603073
-2237177
3052757
-3096902
2831317
-4270186
2460178
-4316940
-2028036
-2887751
-3298118
216072
-1431717
589469
-1955574
815572
-1312435
2106978
-2674051
3343944
1140451
877806
2943769
180702
1821934
587464
910753
-987612
2001071
-2598176
1386182
-3062004
-87206
-784943
-1794165
276769
513852
-1398047
-502184
-1703417
-1483310
381332
-1326817
2494538
1562816
-275818
-843667
-339785
-144783
1518653
-613555
859798
2630705
-888384
-91552
882948
-579883
893217
594437
254716
1799723
-1409414
-307436
-529901
-1187516
1333937
-670529
-921235
1876078
179306
-894976
-26835
-2559919
1552134
115010
313724
-507313
117441
-429946
1661818
-378827
625484
960450
-837288
449649
109315
-745723
1389288
-886542
198358
1329014
-1529249
204319
-93968
97044
508328
-1365063
103640
-776235
50718
-531909
630819
117933
1168431
-1083073
-417712
354335
-617813
-420401
98980
928332
283670
184002
788948
511591
-1110485
922493
-286017
1123111
-208709
-215867
614960
535724
466921
717955
465029
-92154
55074
-405096
1893382
-337803
1075201
46600
66285
-1180163
-760062
-110059
-407537
-1057440
39531
890458
1465324
959106
-1441606
-275944
254835
737716
508716
1550703
-1201204
-265826
-1041870
-128024
-228571
-1207704
335520
-206235
-220761
-719403
246609
75671
307811
957231
-71016
-594081
-275248
347253
-514764
-424704
-142969
605849
382020
-556903
-1177535
1604337
-226674
600233
371503
178271
811725
-578086
-859078
298096
-609252
-181819
1153296
490164
-724098
-380521
-817269
-297059
-1401563
-463752
1035634
923219
-830962
610944
341844
-1217222
-979234
-515026
-1076567
924831
53068
-962379
-539827
-378858
-874382
295033
-720092
2073094
484698
-217795
-29136
-782527
885033
580389
-1215377
703649
-1015800
527149
-1279334
-1268191
514766
608516
138470
1047833
-1310610
519943
-1371244
-356376
37550
-452793
-572150
427382
