#SpinCore Technologies, Inc.
#SF in MHz
#SW in Hz

[HEADER]
@CLASS=	RADIOPROCESSOR
@FIRMWARE= 3087
@SPINAPI= 20191127
@POINTS= 128
@SF= 21.670000
@SW= 127986.351562

[DATA]
3999186
1189908
2549112
2301124
2349617
3978740
-1513029
3988865
-3399823
1594296
-4945875
665553
-5228933
-493720
-2162477
-2970596
-285710
-4976772
2645222
-3523639
2504354
-2570820
2233826
1676809
2561171
3104401
-8464
4995060
2765920
3317730
-1430855
1561250
-3144094
498558
-2847456
-2025270
-2954653
-500417
-2940
-1972107
1220716
-2071379
3829924
-1461435
2016890
-1103296
1296990
376579
332031
2272218
-2088254
2360648
388097
580833
-1720487
1723853
-1955318
-438989
275937
-2474457
-1595712
-603000
-772551
-1497078
-10341
-1556512
2057296
707069
707109
-611347
2238694
440460
1593585
501412
-1250823
1598099
-235381
932817
-230969
856079
-442948
157715
-1307893
-416515
76340
-994013
-559245
-1852149
91937
-514094
2197112
-499554
-240674
1324083
-301903
-1056824
1137581
12847
-541140
918508
-738138
98771
-191512
1006655
816964
-168951
-118296
968289
-189305
-1026913
-785763
-47833
-28153
466784
392854
-839362
874651
904562
167894
-380354
-403371
306617
687301
656848
-2200699
-760254
-911107
-561890
354702
989310
-617410
-484411
1253709
541477
701549
-72763
390243
-2336381
-536879
-842398
-1109040
1177987
-1426207
-270308
581859
827599
302672
-401040
-47040
-357871
-597920
-1041715
-384712
-774169
-1759482
1615245
605870
45526
-156588
471346
690387
1040157
-1416
-1590302
346271
300126
-146754
-534364
-1097867
971401
1195744
416633
-121787
188022
821074
-861622
997597
31252
442333
1293271
839292
297394
403549
-604404
-553519
-163916
-770494
-196733
698761
-958003
-970234
129795
1085734
826846
692133
-270687
-1250250
11036
411132
-1071889
1449452
-269581
-180038
-820270
-342341
-239742
74088
1341594
141889
-437941
399739
-1292361
-141553
-5123
-2304698
-226773
-246425
355886
-256336
1970022
-437254
640943
1434772
-703655
-190847
796933
-165697
-1041099
-1518763
472329
-113217
-759739
-680025
1466341
1448718
-953489
-111829
-620562
-1236578
-781648
1024225
-804024
79565
363531
71873
-197835
1954967
-1699045
-76071
532412
-1260651
-1381599
-512353
-81662
-307627
1072037
