#SpinCore Technologies, Inc.
#SF in MHz
#SW in Hz

[HEADER]
@CLASS=	RADIOPROCESSOR
@FIRMWARE= 3087
@SPINAPI= 20191127
@POINTS= 128
@SF= 21.670000
@SW= 127986.351562

[DATA]
16406268
-3909369
16677975
4257085
12019388
12475365
4712916
16689938
-4801523
16053193
-11326684
11617769
-15381960
4443493
-14599195
-3443438
-11246598
-9468688
-5109077
-13043318
1175218
-13708797
8423182
-11578778
12048347
-5041235
12549589
2176003
8767444
7035630
4868395
10214738
-848245
11028852
-6087850
9452676
-8999009
5221559
-9032031
-820702
-7696916
-4501304
-6214947
-6641436
-1199016
-8000864
2820483
-6723747
6023790
-4167770
5576958
-1158245
5596436
1728365
3766645
3587807
2051948
4794886
-2132717
5522413
-3691698
3573648
-4301104
1581413
-3479069
-134953
-3550936
-1050270
-2642336
-2081745
-354284
-3654280
645291
-1962194
1270687
-1801996
1514498
153930
1612215
-885232
1780809
1160371
375832
1465715
154124
695961
-120010
1272007
-1312316
1187326
-2504729
578095
-2378598
-101251
-2136603
-109149
-1037311
39402
-1601363
-1342573
-915049
-2226248
78816
-1151209
749667
-738033
-753193
-107591
9356
-386965
769571
765867
725858
490820
-1228091
148531
-1147384
703966
-962731
688214
-949542
-1358497
-1562275
-769046
-756680
-1077069
-1563231
-524391
283653
-1302685
-5803
-1322416
1123860
-1199042
-186883
323965
832543
-301507
230129
74384
-149497
-331720
-938905
519580
-491964
247683
-964278
572350
-1551918
-168966
-615816
-830946
-811052
-649133
-463735
300653
-973129
-1078375
246380
-1348860
-6898
-136474
-883497
213338
61124
-834782
258725
-373749
-307515
-19298
-931802
-58694
212209
-796408
446544
85241
-1012677
-669208
-1422024
-1008155
-28664
-1329317
1248672
-909799
-380635
-584828
-209022
-436109
-69911
-999368
740638
-874559
-815758
-144607
-464747
-580694
-287603
-401710
59082
82125
-102014
-18707
12315
-119317
561360
-852295
373568
-578074
-319617
-1347999
-357806
-775197
-223349
-390154
-9596
-1124031
-10725
-1042325
-94730
-710024
-140521
82282
158449
-1025476
-142593
56777
-440480
-742046
30466
-369632
-184004
-1048541
-171913
-772844
-385280
-422697
-172483
-454588
138354
-1502931
637164
44553
303115
-242931
126073
-205439
-209722
-184822
116991
-674277
-74701
-1047143
-54388
-351071
422427
-91831
