#SpinCore Technologies, Inc.
#SF in MHz
#SW in Hz

[HEADER]
@CLASS=	RADIOPROCESSOR
@FIRMWARE= 3087
@SPINAPI= 20191127
@POINTS= 128
@SF= 21.670000
@SW= 127986.351562

[DATA]
6824510
748923
3969994
2421745
1996018
5648178
-2690851
4619681
-3522128
3953709
-5201174
1338449
-3899075
-2307706
-2539878
-4716919
993066
-4249327
2133077
-3956743
2864512
36904
4302459
973053
4840996
2254668
1005644
4521803
-1191854
2579074
-3069397
3057570
-3449851
1413274
-3469403
-1910777
-758913
-1921486
-287338
-3372623
1609465
-2159679
2833444
-2359940
1767220
615094
1110655
1151794
1040011
801181
-403582
3373074
-1125816
2167195
-1238847
402100
-2039325
-39126
-2972067
-2294502
182728
-1828973
422675
-1610356
749258
-118814
2345114
-371362
1056453
1634884
-154648
178247
-409553
1812858
-749087
1806116
-2212369
-56841
952742
-818613
-307203
-1099570
-1449279
-863426
1288588
-2167987
-460155
2202131
466715
-458170
525540
-144822
1923218
845894
-1477461
-1257386
849311
-431893
-733445
1009823
-486635
-550301
746667
858462
561546
1346297
635329
-1370537
1966235
-1420685
530267
449418
-1247814
-1843127
600190
529471
266881
-1555
190053
-142881
271748
-2841563
105235
558891
-852381
-1116825
-547710
108773
-24616
1465137
-595632
-340979
1889489
-987424
-185098
-1496960
-1330992
-921721
-595019
208542
-867794
-196528
-543906
706938
1850196
-454926
-576247
-1146359
-1555961
-203279
-510314
-1888369
-464651
1035333
-86970
385700
1213088
1121909
1619898
16401
453970
-1457056
563256
-362758
-365386
1208414
379751
690467
1229754
695910
898284
437734
146584
-1319785
-210752
-725657
-707397
657308
-410957
483870
569678
1788240
589823
1231884
891528
-993576
-580092
-1563101
-1836023
-566849
-1938804
-1061658
-1438144
1033320
1282797
-117241
-423959
-902664
2260607
-772246
-845989
-2024240
-1032304
-625188
-418248
194061
683552
2255541
-53944
-347861
2105251
-1473887
-936090
390735
-225914
-636636
-1799104
1053021
112209
484093
369169
-496985
733574
-1075179
533909
-1627272
-395035
-578577
-822246
-435969
814243
911200
518633
412351
711763
479731
-67511
295539
-1943431
931038
-1639766
622939
-244036
615509
-748526
-375915
314511
-1739962
259698
-2332691
-475430
-744107
-624217
-651685
-616376
284628
