#SpinCore Technologies, Inc.
#SF in MHz
#SW in Hz

[HEADER]
@CLASS=	RADIOPROCESSOR
@FIRMWARE= 3087
@SPINAPI= 20191127
@POINTS= 128
@SF= 21.670000
@SW= 127986.351562

[DATA]
2059657
1337916
3300264
1532097
3066822
2855444
-1424310
4241530
-3338491
556296
-1808779
-678485
-2005174
444468
-4001720
-2046859
-1064847
-4607239
1048955
-2845356
2194309
-1498790
4654987
-690129
3899237
1195987
1545788
1390545
-403207
1264379
-1110419
2241343
-1433165
2234481
-2063852
638427
-498288
-1892440
1031506
-950729
305455
-1432780
589213
-1440831
2981213
-738385
1372108
910336
879582
389113
450983
1034622
-49085
1664261
-1654028
1264630
-1586448
644720
-517299
-20380
-885717
-263836
-738073
-2165378
1466407
-339624
1109332
2104095
852607
-920394
170124
-1564673
2307243
-695625
-1748623
1137908
-243915
-327669
1543798
-667906
-655439
1547371
-1895193
-1684128
-881074
-1885692
695548
1391860
-1328113
-132157
619555
-1933042
1935205
613022
706147
1358812
-1097452
-223788
1858268
-624697
-283604
832079
-689445
6683
-403689
-394588
-479449
588964
-483536
-220972
153062
-1170283
649244
-1765926
515802
52604
-366167
-1160319
404352
821891
2006222
1518806
1035827
712712
1666070
-821843
1143919
164290
-822845
1301924
-1264530
621337
953375
1868733
-826966
-1779316
-1006065
-130181
-310047
-681841
-240050
-713011
955988
-427537
-294218
-1125328
1137539
882224
-15272
-611370
1153702
612121
1421520
-316101
1201740
27376
778419
-267375
-232912
507644
87923
411402
831108
681110
252610
-47909
-94134
484810
-1327750
-1428648
-1120230
125774
836777
264263
793178
231662
-1164412
-570471
-771792
-672239
490751
1071997
309867
-138852
12691
613141
770758
-1635221
1318684
-686207
-314222
-190680
-225155
1144399
851296
276948
511392
-87047
1511036
-190120
-607990
-132961
-1169018
348223
-320917
625108
774035
-44658
-1669107
598531
-1108792
-990993
-750157
-969579
-62961
-3081
379013
-401165
656507
-171155
-128172
-1257511
-977118
474052
120725
-185066
459183
-471790
1076249
-467283
483347
-634303
-165625
804467
-223390
-406583
444057
938023
419161
-267692
-341606
-466714
728612
-325061
-1025640
-394829
-20460
282245
-182897
-756215
-169589
-219099
341270
-270844
-289372
50398
