#SpinCore Technologies, Inc.
#SF in MHz
#SW in Hz

[HEADER]
@CLASS=	RADIOPROCESSOR
@FIRMWARE= 3087
@SPINAPI= 20191127
@POINTS= 128
@SF= 21.670000
@SW= 127986.351562

[DATA]
-2205140
-1696248
-1530609
673353
-820883
-2287725
-669963
-1850071
455622
-1893169
1511953
581
1022496
-1449077
1691673
2303270
509269
823009
-1723477
2236616
-28722
2356223
-2179881
-806629
-2433112
-703698
-1800942
-661536
190821
-2408881
-21932
-993780
2416890
-1906322
1191093
-1399987
2721327
364737
1253336
-521698
-142239
1895490
711384
2367144
130728
1007123
-1212918
921747
46066
-532045
347519
-1142343
260531
-1015367
618431
-1344257
-187065
-329741
765158
1509995
1967968
-1628335
193951
795766
-34300
1307685
351623
215457
1296383
-254653
1761049
1610840
-297299
182438
-1075392
583677
538807
634895
964100
82925
497498
-218188
-313745
-1577751
811750
844688
35886
1097636
1194413
-430894
-2221944
-237319
870295
1595958
-1351018
845982
475703
1301034
-734643
-683536
-201195
1255334
-1457419
187938
-166208
1229260
-1048046
-1428550
478369
439659
669954
-1691247
226523
-409338
1170437
-345178
361099
-351696
-131814
-628870
-1442317
119262
1376016
330643
-960620
692017
1258047
-1952091
-915379
-511720
1324198
106667
-924438
-267727
979278
-458513
513784
-284205
-685238
-1233984
661622
1799950
1372956
1017501
380277
-147254
-1098599
-204956
516261
-7919
1035034
591590
520579
90981
541974
-250251
-1133079
-323704
1648607
1052657
94761
1018252
-586611
1037747
550886
-620690
1346570
304958
-236191
756094
-329227
98483
404146
-784472
447329
1136453
415876
-139840
2267
-453547
723842
533553
201105
1246277
-1411619
340659
648486
-154639
446345
-1171616
-680171
1254734
-882419
-642832
699653
-735534
-391880
857152
250511
1527536
193244
-898973
1331171
-664799
396294
332065
-642346
-19030
-721720
281006
-243997
-834951
-436923
73599
-1050196
675445
-999431
-886099
-367267
-645719
69904
-509247
-1055050
-405278
-1252723
-532097
164717
-769802
-102796
501451
-1177623
1439982
-372982
-1509091
-161970
-620454
159090
1618823
-272852
-1629383
-871091
-950838
510187
-551549
-461459
-740326
-1178485
737390
169163
-1319789
-687188
-695785
-222336
-905830
621423
-216175
