#SpinCore Technologies, Inc.
#SF in MHz
#SW in Hz

[HEADER]
@CLASS=	RADIOPROCESSOR
@FIRMWARE= 3087
@SPINAPI= 20191127
@POINTS= 128
@SF= 21.670000
@SW= 127986.351562

[DATA]
5743271
1197849
3958189
4820277
1295777
7052596
-1449713
7266414
-6369229
3695170
-6326839
1520170
-6280808
-1726235
-3300804
-5663018
1259655
-6273023
1900157
-4639259
4184330
-1182620
4465942
432057
4374869
3766356
1791646
4276554
-2379940
4016167
-2951603
4250766
-5269723
1619944
-2960920
-2505262
-986513
-3171199
31162
-3197929
1937580
-3809686
3310823
-1369818
1983085
-982504
1592719
1474821
1857368
2184960
420954
3468380
-2719554
2350157
-2969629
709652
-1288078
558432
-1752563
-2233374
-189105
-618671
-181506
-2331578
-1019067
-1851912
1944450
-53572
2884882
-542296
1726221
-54748
319988
153007
-16157
17594
757963
1188012
-433150
1963498
-316227
-992214
-857400
-498371
-677985
-2364740
-703189
-942992
1556443
-482888
-1338950
2164557
2075097
501204
-529681
-2303036
1234540
853815
-2204409
457378
2461907
1080727
509263
-363255
-1613847
-503896
685064
-2024331
298667
1489287
-265645
669166
-946473
-529114
789590
-750158
680693
917504
142569
-12236
-532026
-234227
-714987
1643856
-305791
-267481
233992
1415
989858
-522981
-1092766
-431194
-181078
-425020
-407849
1058753
752415
-395085
365916
-1222046
509106
-56993
303536
423660
177226
-33316
700342
1162116
955152
-556816
1035189
675066
-1043263
-37582
-832110
460945
-18164
-805939
-343065
-756430
1415981
-1143207
-1146344
370686
-1114210
132044
1512430
74468
688959
73972
1183512
209965
51067
1057124
139757
399485
-1177836
427381
14352
1828346
-500576
1190550
1294649
164754
345454
-645724
1007555
34055
-2264129
1688772
256617
-146503
1324723
-575562
-605946
530151
434506
-1635072
290415
300866
696322
893593
-86346
-726422
1254430
-601932
-537261
-414014
-1033333
-1478996
1286626
475048
-145189
704398
-59160
-1026929
-87896
-864028
-215849
-916251
-536799
113701
932543
13601
409477
-119369
212425
-1090753
-829827
-345316
-762899
566848
-368484
646637
452399
-1270303
836825
-386216
-1446743
-405184
-963824
309014
219677
847505
799073
-474583
812699
-1216354
114767
394221
644084
71276
350140
1232406
342835
1237754
