#SpinCore Technologies, Inc.
#SF in MHz
#SW in Hz

[HEADER]
@CLASS=	RADIOPROCESSOR
@FIRMWARE= 3087
@SPINAPI= 20191127
@POINTS= 128
@SF= 21.670000
@SW= 127986.351562

[DATA]
-4180615
1520112
-4486478
-2043486
-2846421
-3519759
-1503773
-5190866
1292801
-4471313
3575799
-2976452
5218482
-815978
5458235
1931689
3864024
3783171
904725
4777478
-1421771
3404305
-2154853
5405082
-3465433
1911424
-3850885
-556339
-1800882
-2759310
-2649147
-2190506
-418497
-3023608
1095048
-1291038
4158241
-2006891
3072777
-1296671
953016
459058
555940
2268580
581729
4360351
-141518
1221637
-1860395
-974411
-2484186
-1370927
-4049320
1103567
125906
901372
281850
-1367826
977217
-2444494
101642
-1619043
-478181
768357
350204
1143828
1424005
1198131
1548106
-419650
-1113043
-157908
-1876285
398749
180187
1483748
-424114
1186607
-623964
373799
355088
-401291
-1314675
609755
48096
-1021127
-829243
-1426696
820924
-1491517
516738
-316578
438246
144985
367418
-660967
-334455
1661657
867325
65280
194149
1188136
-247189
497667
-604631
585151
728612
204710
89011
1578496
1473404
18532
-536701
-1151444
219840
-588254
-34451
-122853
834721
-1049793
-492347
-369828
347740
-282676
-604761
-548756
224412
127743
471241
-121814
1518950
-196911
-883374
-369418
-143002
-259000
-867423
546525
-84968
1635043
-657265
416023
-1149121
-859451
-356581
-296357
-770805
152894
-20728
183269
844843
-336192
515953
-1322840
-98469
2191431
-274788
731513
-78355
291262
881256
-514455
-160605
-479653
327130
328935
166066
-1268692
-70435
336424
-228091
1339159
-852342
663497
-1138539
-887325
-1116410
-68735
-582310
206911
476586
-765063
1159421
-65766
77343
-988919
-46810
-186343
-1170168
221813
309538
-574762
1097718
-709454
-442638
-625912
-1538768
-921946
-62290
-256438
517751
1216504
530726
-335883
1076467
-2024662
829373
382988
-822886
2232927
459167
510087
553704
1445240
-367367
850571
-1266047
-1909979
-164513
-1120480
1017259
1315364
-519240
-1619963
-33038
-1892116
-933982
-1294087
-1742254
1008731
-1489985
-1028836
-39208
-53325
1377973
-294795
-1011205
59811
875734
-71901
514459
1005847
1290145
-84805
-497779
-629352
-181729
-276168
788836
1477609
718574
1441087
-571158
504910
36226
-687533
