#SpinCore Technologies, Inc.
#SF in MHz
#SW in Hz

[HEADER]
@CLASS=	RADIOPROCESSOR
@FIRMWARE= 3087
@SPINAPI= 20191127
@POINTS= 128
@SF= 21.670000
@SW= 127986.351562

[DATA]
1064627
247448
-747879
931070
1493653
1290952
791079
101225
-27510
-404559
-2101546
-756068
-408210
1731629
-265397
1445138
564572
-475568
1285427
-974105
-1726338
826719
200537
699677
490755
1596216
1882319
2116717
-562948
-226186
914080
-451444
-921627
1339785
220700
1072674
1616769
-1501412
653172
776601
-827732
-84212
-1838889
-1501273
1896814
1644851
1286482
377563
-33030
-1576051
857653
-923394
-640393
1167620
94071
2509630
831445
-581125
1358931
-146211
-1840849
569581
-387572
-376222
63503
1327366
-583141
887207
-130288
163932
-11904
-932311
-437913
645372
-2452886
646458
-956330
190693
-89197
-2683788
635108
-310968
-1313268
-414538
-38184
887678
605711
502863
484233
11689
529621
-2424879
-1431160
-1054417
-263939
376200
1177077
-715281
725568
865917
1428827
-194092
-773096
-693838
-646028
-1272463
1132799
1430765
711743
1643868
-344967
-819340
223222
-54534
-718764
1198818
-575821
1783560
980130
-1522846
-31504
1371103
-1212833
-813370
-1770018
-998740
354950
893677
59529
-538574
-679297
-539354
1190439
-1251871
-375045
249595
-1292623
-965632
1657780
1855698
2568075
701183
-479836
-579661
277643
-833932
827260
720275
-2476309
740065
2002502
135022
564253
-250622
-1219995
971663
-245896
-102378
-833048
-1289633
368236
662357
-281006
51787
-112890
-857437
-967692
-1602366
-150531
-39569
327820
354573
2517040
861004
1218475
-1305350
-251866
-1299568
749144
749411
-934650
-527340
670942
1355130
-224360
-432047
-862409
659283
-1314949
-394879
143323
315283
-1365859
1426479
474835
-767582
1491515
-848197
-8268
-588059
-455749
-936714
-386497
-937062
1603685
953015
637730
-736478
1234573
-1122693
762797
540250
1353847
-976005
718400
1154243
416811
26340
734560
593569
338255
234433
207277
324025
-210431
288261
-225365
1287424
-249184
1424511
-1505742
-374810
-1145424
970301
676216
210898
-1283926
1064266
453340
-645377
-213770
-648902
-813655
-825477
558803
-158052
1675816
-517874
267164
-949386
1290518
-494956
1259809
-824214
-38500
537859
