#SpinCore Technologies, Inc.
#SF in MHz
#SW in Hz

[HEADER]
@CLASS=	RADIOPROCESSOR
@FIRMWARE= 3087
@SPINAPI= 20191127
@POINTS= 128
@SF= 21.670000
@SW= 127986.351562

[DATA]
-4543366
532480
-3982490
-2261055
-2049438
-5033458
1952171
-4712746
3284273
-3292991
5506404
-1716239
4549699
228817
1995634
2498250
-145287
3183805
-1338160
4359384
-3169941
2083544
-3639416
-226757
-4156119
-3444490
-1956110
-2490342
-906074
-4235934
1587946
-2191955
5074872
-944678
3040953
-571099
2918880
1229195
1093480
1573862
-1638891
3911895
-1040711
2951874
-2181299
971967
-579006
306466
-1052640
-3684334
-1616815
-1407199
-132104
-1283749
-529446
-1107410
1543967
767688
-141910
899979
-123169
1243106
640153
1395535
-1567107
742103
-646798
1055254
-922260
1402374
-326916
631652
370741
-1879077
-387934
-274984
71059
-560859
-1698588
-764312
-145739
-338855
848442
548893
186876
1169367
41756
-1273740
1012779
788455
-932294
641748
-523600
677652
-36911
633632
-89697
145053
-808326
-815832
511399
-1898446
780050
-1178989
984529
-188530
1398475
882466
969851
844407
584237
-200599
1383509
888082
-377925
-613013
-949447
789027
-254878
-101059
-1911565
1418948
1331396
-1066367
167424
-1731191
-423326
275285
-386943
-341995
292694
1301941
1486907
664064
692563
1070421
990402
31550
-2649919
766749
-943916
1331093
-2282356
-648574
40460
-177181
381190
-1471915
-209681
-1032775
990176
-89043
355588
-1315817
376618
482793
562164
-565630
-588918
332507
-11287
741209
-320332
-26203
-51446
206397
560683
-1325191
-2262834
-843725
-408672
-1309758
870846
273871
-503260
675986
1144180
-911570
638078
-822046
275255
-66517
324862
-157447
-370484
1006725
-456157
-567188
995132
37210
-213762
234744
-1679432
-65110
-598123
13523
-146426
-368593
-16268
206349
-201963
-6115
1204139
-996398
138314
-833297
-249421
679981
717261
-88292
279344
1162739
2111410
32621
15625
158163
1983450
-1080259
-372612
-211361
551717
1008853
238688
-1267240
304188
172149
249090
561108
-551963
1224336
-382830
-411337
566656
-868989
-1385548
427321
-85393
-1111932
114577
481250
-920832
-510596
-41360
-1071420
-67791
475979
-178781
-1088557
274563
-397860
310954
307364
-105898
287852
1406888
1058220
