#SpinCore Technologies, Inc.
#SF in MHz
#SW in Hz

[HEADER]
@CLASS=	RADIOPROCESSOR
@FIRMWARE= 3087
@SPINAPI= 20191127
@POINTS= 128
@SF= 21.670000
@SW= 127986.351562

[DATA]
5856098
-2067929
4916377
1676973
3894579
3617427
1545870
4663664
-2603003
3698832
-4319981
1491700
-3105629
201707
-4209665
-2937931
-1659968
-4762490
1125367
-4883154
5107590
-4470632
3587604
-142539
4098407
471102
2144332
2364279
2823907
4526854
-211506
4602316
-1674713
2768063
-3193827
365137
-2187721
-247751
-2659851
-1745372
-1401196
-2046235
-34588
-3029826
2742358
-2628990
924362
-659836
1915269
968338
803490
2218840
2213463
2827887
-567915
2704239
-2324056
1852499
-2310776
869332
-1644843
553474
-3118074
-1136682
-559981
-2043138
-219636
-1585262
559435
-316630
-237499
-216189
-169648
944974
618338
338600
95689
2759951
326676
-212911
-2052381
978514
246028
495501
-2043182
872371
-388948
-681582
-1954080
-292199
-269988
297379
-223956
142756
599994
-1733742
-676926
-666496
639965
1219311
608149
-399015
863841
-420039
-82008
569528
-9744
697423
-134934
248367
-119374
1056010
847339
-490539
-358599
-480774
-1227514
641011
139024
-831993
-38843
-1333441
706842
-38295
-196488
-269364
-846049
-173524
961105
227587
1377855
846490
-452388
319938
-874894
-304034
1156168
-89006
-971316
-849291
-1223205
-2245902
-581833
-196252
-256537
793646
-523371
766651
384514
-2303740
756562
-230661
-633586
-423560
580666
1130819
1047790
-715408
-7242
495488
-694368
-1604775
412709
623630
962999
-395700
-1375704
113512
238960
-1440387
-225304
307904
301766
401170
-1200860
686495
249238
248722
-844927
2361827
482646
-43458
-736874
877594
506131
-32170
-1439859
1058094
-399577
354591
420293
816618
-125472
-859940
595026
1264192
-626022
497074
758596
-216695
1552616
141275
-705011
1151188
-708295
-77381
-53352
-609272
1277384
-266617
-1552891
-753791
30195
-78747
-962507
159289
-576918
40919
-827964
-1129567
-827032
-158197
-208441
18243
-336984
39447
1773257
1212841
-766700
37596
-145661
-1068886
-13187
133513
893130
723097
-588745
-740319
1905
-557594
-836281
-346089
483637
623534
-502832
-459763
-998715
-1078385
1012494
-920225
1602592
-673381
-31081
-381492
-30425
-1067453
