#SpinCore Technologies, Inc.
#SF in MHz
#SW in Hz

[HEADER]
@CLASS=	RADIOPROCESSOR
@FIRMWARE= 3087
@SPINAPI= 20191127
@POINTS= 128
@SF= 21.670000
@SW= 127986.351562

[DATA]
3001974
-2183462
3297686
379517
2329084
4230647
648709
2199474
-304658
3062119
-2546761
1221286
-4213162
1359174
-2957652
-1749877
-1602272
-1901226
-1180788
-2671591
868093
-3299721
1145285
-3160519
4584839
40998
2397444
936735
2376627
2124629
1150840
1829723
984168
3418080
-1821055
1552841
-1479682
307132
-2124798
1110961
-1316221
-1179260
-1381332
7226
120246
-2543174
-376414
-262707
1163092
583934
1944477
-468573
941876
301163
773285
2667688
504270
173081
380899
-344035
-940884
1291298
-3079405
1291847
-117743
-463924
456229
-595366
-1058465
-826220
-223738
-899807
1376892
-723213
915474
618302
-437157
-1182675
-356269
-797550
1814843
918261
-430514
1027392
-479883
-510093
1052822
-649663
552164
723792
-983332
177651
-1304526
-2270357
728936
-148989
-523114
418218
-1480310
151297
627869
-604306
-291004
-142574
-376977
925113
-550657
84800
755285
-156705
479708
437616
-43382
925944
-265833
-766524
-23241
-331611
174297
662841
-23765
-1011123
491331
-437031
535228
-691641
-1242545
867097
1879109
542301
790678
889768
268828
415341
-1721396
-245419
1594614
1049315
809791
2154960
571661
422311
-633102
-872148
455823
718577
-693778
305615
-626588
385028
-56678
-829271
-499416
245211
-1511170
-421659
-527208
-47477
366020
-966019
-716192
590501
-931174
-1569653
-895083
-727012
1407406
1218669
1601250
-14186
596647
-2212460
-357467
-1237667
-645927
1386882
-416154
306495
303879
-385337
993655
-1618889
-1011487
1565109
-112704
117656
995578
831610
1804815
-120258
-676006
1287609
-402091
-515717
-553768
-131364
707729
-64968
-771977
-736140
-545642
-181183
-272727
1310275
-653294
1587329
-345322
-503607
-623376
-772535
-1060568
-526375
-757366
344964
1726503
-487771
406399
-547656
-368238
-2035085
-2047498
-315054
218329
639828
2410250
2060976
1390851
-1497868
-348664
-326432
-1140928
763647
621041
2182624
2284414
1371147
1441924
178242
-713225
364484
-658798
1631321
-543170
-118328
1090781
1654158
-1238842
-464456
-231962
-547342
-246573
1402185
-431059
-99242
606683
50110
