#SpinCore Technologies, Inc.
#SF in MHz
#SW in Hz

[HEADER]
@CLASS=	RADIOPROCESSOR
@FIRMWARE= 3087
@SPINAPI= 20191127
@POINTS= 128
@SF= 21.670000
@SW= 127986.351562

[DATA]
-5968682
564198
-5494050
-192432
-2447902
-2201184
-1246995
-4614095
219044
-3656717
2388179
-3871476
2805979
-2387173
3049251
-11283
1153603
2303709
1367135
1923214
-133585
2926336
-3200787
3859544
-2095696
1963169
-3134827
276349
-2005928
-1638527
-1659201
-2469449
-1110395
-3356091
1615869
-2034587
1547816
-1087361
376961
841281
1975544
44818
1778791
561790
444150
2885163
-278874
2460767
288926
478980
-432069
938353
-1486445
270679
-1783436
-1071422
70923
-403687
-465314
-1145276
1379786
-440385
-34383
194607
921660
133725
75152
213597
921383
-588261
-1208468
1589543
-427598
354804
-297270
198796
659199
427105
-2025424
223003
-943210
-928816
-526453
-23425
386974
616816
-87701
-1093919
-167399
-990715
-390775
401548
-742714
595649
906634
150796
319781
-1450793
-813551
1066869
-133205
310884
843876
-61135
476675
10390
-609207
-818643
-656819
407310
136918
690682
948948
-30043
-466625
-100144
78123
-281846
775782
-759656
-525378
342196
1140060
420060
1407502
-181139
255885
569608
-1274707
665739
1187650
880966
1216037
-196514
-350410
-673558
-1019375
996534
684189
-345670
318616
-259971
-332058
-690079
-207930
749458
291787
1334758
1282562
449659
528422
406911
-1158435
-689322
675159
1033707
590405
598719
-1159661
-484678
-1587060
-1220192
740077
954182
1295348
1019479
1556234
-40685
-675039
-243104
333437
339591
-122188
927314
-71646
-641179
-951476
-1904331
-332299
287215
-1433899
1095812
-366817
1369069
1581476
-1304613
477704
-260845
-1508237
1673239
-566791
593955
450890
-1217947
2013155
-627953
-568291
521925
-1129836
1598198
146751
-414696
1347432
935386
-1706855
-1477004
-1197781
602631
158706
-1115086
1617057
700283
-521383
-73113
-1777169
354775
521086
551688
1030721
566578
-515912
-1344729
-457835
211389
-797665
-321610
1082556
309113
123643
-747964
-159474
-884791
483395
-732975
1021842
593781
1033185
-809335
23110
62296
147100
-1385616
1367737
1482201
571768
165029
414016
-238312
30425
553879
328041
761113
641738
373453
-1079551
952925
