#SpinCore Technologies, Inc.
#SF in MHz
#SW in Hz

[HEADER]
@CLASS=	RADIOPROCESSOR
@FIRMWARE= 3087
@SPINAPI= 20191127
@POINTS= 128
@SF= 21.670000
@SW= 127986.351562

[DATA]
5790626
-630460
6105818
2508799
3440792
5078309
-298
6266437
-2468215
6335419
-5009028
1872326
-6314335
875172
-4091445
-3160752
-3280647
-5178550
1315495
-4873941
1968333
-5337360
4692003
-1336821
5645662
117551
3023255
2254786
1187277
4372258
-617412
4920442
-2176921
3620703
-3527298
2108712
-3335154
-533790
-4063043
-3431642
-830025
-1606559
-564403
-2542138
2689510
-2145942
2948331
-2714630
2373793
1083660
499284
1141943
2217081
2926461
112525
2021289
-536510
2819869
-1433859
-1105312
-813351
-675640
-412873
-428924
-835830
-1250623
830881
-3465972
-991154
1415727
1028526
-1004571
2044521
-541116
2330968
444033
-1880957
423807
-95978
871884
774830
1974838
-80783
1050198
-866994
76091
-643242
1115711
-1257768
-499476
-629086
-212562
-662029
-523854
-1260802
-502583
-281892
-1332526
-150045
-2094164
569126
-277583
-278550
-231255
420091
-880552
1128888
1129299
1744577
-232919
-543703
-32555
-179406
502371
807071
-750026
-30413
-94449
742445
73541
321321
-927036
1462208
369747
199410
1964708
-12479
499854
49526
1051785
891233
759771
-1005178
401035
334718
727314
-629934
901321
-1396261
-150236
-15101
993793
148461
-785488
-2594532
135103
-487386
-1279245
251304
-150005
-577939
-1248696
758368
-1042569
1181767
-1640849
-436347
-1181642
574261
-767955
813241
-377292
1901886
-450625
59271
-249390
-182520
368361
1177686
1433251
457948
1893354
-251749
-402223
54025
698098
340696
1876438
-169752
1203864
1874748
304695
-1379504
172662
-1830612
629153
-1244340
-543720
-1274835
14806
-1093415
-146918
-83215
-1744316
-487384
-923454
439158
-203163
780272
-846186
288094
-861664
2117085
-98728
507974
96924
572265
-961303
673066
576198
1398188
63532
297323
-251176
1352959
-942019
166306
407904
670324
921174
-680841
-976567
580230
403675
-1108992
1461420
-2050918
-61583
675744
-443520
241658
2655687
-1521901
-171716
-1606517
-1426615
-709463
-359354
-393590
561217
-631340
-1754364
1049346
-2986978
637918
811948
-489576
-651477
-121248
-1594813
2882574
578739
1941239
-608689
-310318
-562113
