#SpinCore Technologies, Inc.
#SF in MHz
#SW in Hz

[HEADER]
@CLASS=	RADIOPROCESSOR
@FIRMWARE= 3087
@SPINAPI= 20191127
@POINTS= 128
@SF= 21.670000
@SW= 127986.351562

[DATA]
-5086565
2238326
-6526224
-1358815
-3702784
-3669371
-2180131
-4599317
890747
-6132631
3800426
-4119208
4764947
-2068452
4636461
4414
4210382
2788616
3683949
3314550
488438
3824431
-1296704
3937988
-2353224
2643169
-4937098
995736
-2473252
-186563
-1292345
-3765061
-420416
-4049381
278059
-2750483
1438561
-2239998
2772127
-668012
2249878
739753
539367
949118
675397
1591042
-244401
3279312
-538629
2253652
-1127868
1181186
-2113785
1423451
-3004271
-1166812
-828430
-263954
-658865
-1098117
13687
-1398712
1161975
-1395249
1205130
-574259
936785
59703
115187
55811
916643
-93986
279486
346822
-1504921
406619
-317328
-1164965
724637
259962
570743
346446
-176243
1156287
239524
-502246
-409048
298819
-1105127
-377717
-161750
887397
358846
-519958
-54843
324482
453615
-473074
-128727
-1390381
485948
382415
-252264
1134175
254260
766739
262588
-716142
772611
1115529
-743256
-1274441
-869972
-162509
943795
-274957
-1085837
214146
891307
86944
-161876
-724912
45119
868804
1650337
-300832
831268
1416357
-21150
512337
-469197
416705
511381
615920
-305021
1564821
219688
-111344
-1366111
-223287
431644
3944
-1605601
284611
-683449
-311843
-307425
-573826
-1125956
541950
-270458
-658189
1404505
-14122
1090004
17191
-183312
-927238
73615
-2141356
-782473
953131
-478919
190713
860552
-157886
1252098
-516868
1820286
608967
-331662
-31861
1263076
744870
-339818
380081
-1110088
995199
-260656
319321
-450178
138745
385673
246161
-604114
393135
551309
600522
111358
681989
69921
141425
-580329
-1269116
-655076
21895
-710828
101762
271347
-68381
-220453
-869012
59718
-1523553
1167508
-544419
987802
176437
-147225
655931
798049
-554934
1480938
-980112
-995594
1285344
567443
898603
99835
-238830
-1286650
-90715
164800
475191
179823
942840
-844575
460679
-435143
-44466
-631703
973458
-429063
138284
-1274120
-758855
-305246
-1080184
-611066
-1000809
-392281
135868
-410820
-483431
-1052344
25499
176751
-1782558
-1459842
-415573
1491541
-435642
-814883
-1536943
1080386
-842089
