#SpinCore Technologies, Inc.
#SF in MHz
#SW in Hz

[HEADER]
@CLASS=	RADIOPROCESSOR
@FIRMWARE= 3087
@SPINAPI= 20191127
@POINTS= 128
@SF= 21.670000
@SW= 127986.351562

[DATA]
-1325027
1413223
-791929
-794192
-1682716
-978228
-1474058
-2039796
1373077
-2320337
1440426
-2401300
1146700
-17842
1306168
1373367
2611197
2017196
1566624
2999630
-2280674
2156241
-861555
1091618
-937013
1512538
-1699237
2516926
-3432510
-1589968
757819
-3068187
-384490
-1589335
59820
-1567381
137726
-1741595
2370927
447380
881735
-19383
-930292
1968327
-2128975
615433
-36753
513413
138855
220285
-1888436
-1185271
-1172107
-679792
1414346
-656131
-713888
-896850
-104120
-260064
-310047
-169697
1243688
981749
912945
684582
245802
596048
-1914351
245543
35278
-15828
726813
701554
-1233821
-739063
-1026500
-1428932
-1077158
188905
759043
-572502
197315
-270985
-860617
-1063149
-22542
45361
467343
597507
-90499
472434
-270587
-377021
406662
912162
-747928
-531686
-631845
-41423
998420
-220869
-1186999
661242
734957
540815
-763242
11997
-795934
-567154
-641593
-478073
-610504
383899
-548632
-170891
327608
-604716
-409138
-542942
-144051
-52921
564102
315031
658606
-320660
-1227792
-573343
488485
494432
301915
517078
-466454
-705603
-1134131
-747806
9618
40032
828034
-600474
-524720
121189
-1224578
-1248393
-425141
-645543
677608
483733
-635178
-207105
363128
-486642
-729381
471271
1871622
1912
362794
-622890
-685680
-222065
-449624
-175699
442623
1939675
-498117
21847
361115
-1048866
-358769
-2122794
500546
842195
-1456441
489130
577703
-1348444
-76729
570118
438038
-138554
649318
-787828
-412274
-251082
33053
227843
-638454
1170845
444969
-989202
386734
972197
1364509
-880923
-244308
1190039
1578796
-1533353
1456125
-38067
1124761
433584
-1157396
-710542
2947217
-929889
43468
-432971
1529053
616280
-1392296
1107589
1961691
-492693
65139
-722862
179396
288041
-1173235
-827777
1450044
1246992
687563
2215404
395011
-166345
-1400110
-34363
-274589
1211678
-724308
22921
-279018
-279604
838091
-366978
309635
318126
842701
722478
-1199030
381461
-1388691
-1011908
948489
161519
-876373
2456826
-1034809
728760
-970998
-550250
406823
747454
-2189231
1945038
