#SpinCore Technologies, Inc.
#SF in MHz
#SW in Hz

[HEADER]
@CLASS=	RADIOPROCESSOR
@FIRMWARE= 3087
@SPINAPI= 20191127
@POINTS= 128
@SF= 21.670000
@SW= 127986.351562

[DATA]
16762908
-1848230
15582808
7780053
8490306
14093160
1329619
14990095
-7524103
14337817
-13181201
8023871
-15432078
376807
-12159355
-9199024
-6302531
-12629916
398672
-14472233
7457215
-11654534
13001761
-5400588
13775048
855653
9440711
7776179
3670678
10766151
-768733
11682363
-6159785
8239466
-9986882
4466275
-10870489
-2012058
-6685935
-5007227
-3192363
-8064037
641273
-7642305
4676753
-6378175
7220443
-1334487
5973357
1673979
5369539
3767125
1611686
4371868
-313281
4562624
-3811396
4812739
-4507336
1681018
-3463857
-1365667
-3595064
-2313308
-2329318
-3363793
-158988
-2666037
2304094
-4294039
1476874
-1183402
1561539
-523880
1672423
1444332
1554969
626657
1304267
1698954
-1174935
633292
-1346991
2622832
-567656
198695
-889901
251698
-2085433
-1350679
-1647572
-604632
266560
-652304
1152092
-2038611
755175
-2112980
-94929
-1324819
1647278
701725
1314021
289733
1157324
-568230
-355676
854308
-42584
1285183
-325398
1713569
586917
-1518940
-1340459
-607961
-610607
-729660
-16974
-585204
675073
-1987030
406523
-969727
-63028
-814428
1542014
352738
1518592
466305
1345438
96937
-172334
1314138
-34156
388700
262716
1160719
695064
19118
-791828
-819033
-726785
-645539
871729
-107398
113467
-796520
645864
-648635
-511104
-606603
1181710
562360
404235
648522
891377
-349417
-401659
142318
-267964
534093
-610194
649657
-255747
-714740
584658
104990
360740
350059
-64273
713645
836328
453428
525421
-34866
716139
568554
-392110
155346
575114
659650
-661747
-649159
1368399
650657
-578638
-368095
1188146
1048121
326544
-57593
1790230
-17394
-1066130
74736
190060
-289503
20040
1112028
327771
471909
617107
671688
-544288
497772
64921
270066
-498344
488375
477784
77641
-725458
589354
262551
-334504
-404331
1405544
886985
101115
-469520
518596
-114673
-596352
5290
1144245
345657
110846
-425593
734294
-91843
-478194
-530971
1094904
-859223
606263
-152988
-498707
-231895
-419740
-594166
466145
-289340
65811
-193181
99714
170236
-1093893
-885852
-639512
648044
-284953
-532786
95174
476274
-822012
