#SpinCore Technologies, Inc.
#SF in MHz
#SW in Hz

[HEADER]
@CLASS=	RADIOPROCESSOR
@FIRMWARE= 3087
@SPINAPI= 20191127
@POINTS= 128
@SF= 21.670000
@SW= 127986.351562

[DATA]
18755966
-1509425
16164904
8480116
10478885
14753772
1827616
17583023
-8731982
15446425
-15396424
8607645
-16290714
956946
-13092436
-8332596
-7307601
-13892653
-36565
-15169587
7298588
-11248593
12661639
-5933281
14738115
-77750
10956171
6392818
4788758
12988866
-2213461
12542882
-6336675
10007540
-9799838
4321013
-10780107
-1059872
-8816620
-5981941
-3263491
-7410923
1338120
-8244675
4362442
-6753966
7160730
-3458664
7731221
1178707
6246369
4092137
2534183
4534887
-538090
4862716
-2284035
4722060
-4396552
2295665
-3758327
-1369755
-2718923
-1529703
-2962128
-3454324
-612033
-4857799
1695917
-3226845
3065221
-1857808
1997892
-887092
1851645
64593
2403101
1275544
1474535
2085718
418849
1682735
-994171
648832
-433163
1282919
-1167212
-11623
-1287740
294588
-812156
-1753434
143800
-932339
480186
-804525
821029
-599584
1662579
-930245
1969432
-26909
1568258
1230323
761395
694755
1231298
1235950
375861
2024046
-1648385
2204283
-1407275
717707
-676123
67356
-962056
-397472
-634593
-544587
-708200
-696734
1029702
-870928
891970
283181
-116919
-299146
1217250
-20576
1218274
290357
410461
1338255
-621125
787403
-622701
-48069
-563973
631142
-1358141
-476873
-937953
-782202
-361213
-1233984
-385757
-231589
-403237
-461692
369101
16474
802767
-590550
-67084
330075
144017
-446240
-126678
-319514
191585
-27953
-134460
228877
-397803
151876
-689720
-1450427
325279
-127649
-64968
4047
423054
-964980
645527
456611
132327
237174
-96496
26510
569857
-494893
985554
126799
-396893
739868
-96371
-614357
929553
-199432
291162
1311497
-883915
-107086
474847
-1059608
311713
114566
65480
12651
-1220595
780295
190330
-240695
914619
-363159
334115
-286216
-1273898
-487162
270313
334679
164016
194969
488212
540076
-140722
-963573
-104324
1054314
579043
244507
361244
77730
-265481
-223290
-794196
263563
22422
-141215
152220
-455363
-34627
-598556
-1086955
297012
-318165
-730326
-653421
-403557
-428957
479055
-1854
204919
-107811
256944
864228
-476445
34169
-54341
511309
-177509
-205982
-477196
1087635
-49962
