#SpinCore Technologies, Inc.
#SF in MHz
#SW in Hz

[HEADER]
@CLASS=	RADIOPROCESSOR
@FIRMWARE= 3087
@SPINAPI= 20191127
@POINTS= 128
@SF= 21.670000
@SW= 127986.351562

[DATA]
5952399
257956
5384575
2977922
3546016
5115982
-202347
4133044
-3089681
3577990
-4789069
2285648
-5273247
-2551921
-5661988
-4932986
-2464426
-5242718
1762180
-5658714
4569967
-3924786
3764365
-2656296
3360926
27818
4685791
2680386
2237347
4451647
-358179
2638687
-2593844
2766367
-2017563
505834
-3512007
302662
79929
-2114102
-783677
-2894869
1606149
-1641311
2905999
273866
3124033
-1209294
2151569
759533
3342531
2450772
-332147
2544383
9428
2757181
-542866
1266062
-890777
592149
-1667896
835663
-595876
-381326
-214823
93663
274424
-808686
1151311
-708205
602532
1496261
2235968
2222514
87302
-1887279
273902
2015675
-630998
218304
-1966395
3219958
-1018488
-376491
-1639324
30287
-647932
141471
-1859632
3140381
962567
-694675
-744630
-2884309
-917242
119628
-1034225
1276753
967271
-698159
558669
-271368
258915
1090875
-1842839
730971
182273
-315417
-261386
-577122
-362834
-572889
-985274
-888300
-397317
-67754
-844991
822398
425109
-748226
-1058597
-942626
-850249
293029
1101881
158302
649308
329542
441490
-1434113
-1251525
267535
596125
-585018
-921824
262001
681442
-2461043
-426886
-645498
-1044740
-133304
-902615
-262768
1464770
-803469
897179
-1157572
-1560641
-773280
1441603
-1456347
1297700
276168
-93298
278226
-1195238
329663
-65158
-1193171
-698604
1415480
1235046
-756429
-1800990
-405863
1201624
185925
974274
747847
664457
774816
-105691
-1022501
1307632
-545237
-252769
1210934
321499
-374640
-193526
-1732860
-96438
416205
967918
1057258
-1239834
-158798
431469
-1205904
547377
-284773
-229320
834934
-678289
138329
729332
-524054
915514
-777061
125851
2924772
-362590
-540897
592225
827210
-472336
-233891
-632275
1693779
-225239
-891368
537015
558407
408229
122831
-205809
1824327
-350386
-1052422
812996
393123
-514613
405830
-2319452
1194485
202016
-742647
-1056060
200206
-560590
204072
-1768246
1378627
383166
-1195685
-581154
1156699
-658843
610522
-2309140
-932787
-1208984
-502615
-1671305
745371
-1778712
-363367
-730341
78284
-193941
-1208926
-1095410
-974179
-1381333
-420368
