#SpinCore Technologies, Inc.
#SF in MHz
#SW in Hz

[HEADER]
@CLASS=	RADIOPROCESSOR
@FIRMWARE= 3087
@SPINAPI= 20191127
@POINTS= 128
@SF= 21.670000
@SW= 127986.351562

[DATA]
1872127
-1084473
38279
576393
-41467
1008406
2552014
193720
333960
3420821
-781643
31798
-184093
-924842
-556286
90392
-2187643
63230
552997
-20633
-571778
-43885
-157304
-1413973
-636565
-151247
818094
568517
-5846
-159416
1171152
17005
843725
-449441
-883730
-107727
-297140
-883061
-247864
-109708
804783
745773
1470964
-590545
722720
-444204
1523096
-743312
-1172485
733653
789452
1468915
637993
-23665
1835210
146456
75282
-723566
-821667
861058
-1246943
560375
-1634006
660547
226009
-854317
595569
-1542488
-1871383
1142848
343015
342834
-323852
480605
1834839
226553
1147260
-1809602
443007
913385
273910
-787146
-164762
701653
652435
1126998
-1778977
2221760
-100922
-1631847
-454065
-640407
3399
770753
-1441315
-217563
715129
911206
883453
-404401
-1596182
-400466
-585783
10535
1010440
1042019
-88660
553979
-158612
-458407
24588
909711
-544463
607462
-238449
532423
66015
482123
1095249
1131251
199238
-993428
1073934
547361
8315
-410632
-1131246
579893
-435112
-301791
1026346
-117408
534988
634243
-728040
-1674669
1094479
313132
754143
1300664
577545
2026209
454575
-956579
-1138068
393153
-740240
-51271
-1006267
414987
-158520
557794
-1375840
-428852
-2165156
-646432
1135394
-2912219
-833834
1030129
1236726
-1065858
250032
-894115
1640906
811940
-1295887
-855445
-90852
105007
1688376
220873
222340
2161175
106809
362911
-580006
-436762
89017
15357
-354320
-80532
529148
30852
-413701
-392328
531928
-589476
1249596
-1417173
564139
1065211
657439
-101289
600027
-1044874
1196355
55228
-443694
1645259
-225194
-201439
593254
1552094
1126574
182372
-730175
160510
14041
-1179497
-530429
-1210942
-662000
623200
7130
-231448
-76365
1788744
1403869
-951362
236003
-665200
2084295
87876
-253347
10384
1187175
1318156
675943
-1526231
303255
962446
-1563713
-756695
56872
610772
-1843749
1032586
976133
-1372356
-463098
-481877
-1027253
-1296583
-1419524
-494220
-264250
960386
-455701
450
1185845
642457
961755
-60443
-1026473
437674
