#SpinCore Technologies, Inc.
#SF in MHz
#SW in Hz

[HEADER]
@CLASS=	RADIOPROCESSOR
@FIRMWARE= 3087
@SPINAPI= 20191127
@POINTS= 128
@SF= 21.670000
@SW= 127986.351562

[DATA]
5055404
-2981636
4662718
2407690
4844641
3492088
636680
2786085
-1487245
2567179
-4698089
4410013
-4071840
1399055
-3896501
-2037500
-3150558
-4478844
-1138940
-4116471
691152
-4465482
5779092
-4276177
5482287
-488605
5163295
467829
3647023
2539012
1639442
3622256
785927
3996439
-2595215
1964781
-2173736
2324109
-1526187
799712
-2344010
-1152600
-1894775
-1746918
-346819
-3916778
1979775
-246175
2940181
-1487328
2622334
147515
1298413
1058691
2261691
2603794
-1407705
2345674
632860
2291529
-1225235
439729
-1486389
1151233
-1038089
-200091
-1183044
453859
-1903458
-621600
-1430537
-1257508
1460942
-2022789
1049889
-127398
1033414
-907825
351097
-838205
569646
-683378
287987
699531
-56855
1526958
122117
-1387749
425744
-276651
-833214
-715484
-977181
1182895
1130667
-2663425
401309
-1515783
-1124342
-273959
-136993
-12625
1412009
-23795
2314947
825562
677336
282462
-721356
485614
910155
548267
956308
1670544
-268148
920373
-440779
-268224
414848
649268
-1124152
2346576
-1000884
312110
-919658
-1115728
-623296
95270
12720
1875389
-1860
433776
1526524
-837717
1109480
-243012
-1362546
789466
-831248
-23557
328941
202263
323271
395165
-1480267
-401587
-92112
-441690
964293
1287055
629380
1250208
-1054666
-632132
155394
-501802
-663840
1169930
-711223
784011
-862575
-1448015
1304552
-140142
-100546
1170822
-1524524
-634352
1703822
-264357
1052161
-727141
-303488
1037272
-1866115
-635307
1724852
-797550
1035452
-82839
-774173
113154
-8881
-1910673
567473
663430
901153
1703187
-679705
467164
-484674
-698098
936623
312034
-172878
1016408
180986
849761
1218671
-185900
1635330
14607
-1748960
871051
-647002
891726
1299608
-812778
1814482
249580
-1197192
-1128512
45209
-816605
1099106
289943
-2444
2023973
-1820460
192393
-1025666
292649
667935
234840
132735
1690829
111913
-1266497
-717178
-1705158
-148875
375137
30706
1440822
919986
-1029258
-362083
-1328480
-67866
-962795
-1590530
766149
2270787
-734105
977565
64463
-118187
-182693
-1351889
-38427
537798
-269315
601223
-755586
1013107
24125
