#SpinCore Technologies, Inc.
#SF in MHz
#SW in Hz

[HEADER]
@CLASS=	RADIOPROCESSOR
@FIRMWARE= 3087
@SPINAPI= 20191127
@POINTS= 128
@SF= 21.670000
@SW= 127986.351562

[DATA]
2701711
-572904
4691181
2082951
2248566
4231713
-1108593
2969912
-1806032
3765519
-3410350
1720233
-5192141
278429
-4419242
-2016798
-1308979
-2970259
900297
-4407245
2301924
-2030763
3082036
-260243
3088907
-643058
562653
1849884
-220535
695373
-1149038
3096771
-1481367
118555
-327149
1194596
-2921118
-1772138
-1386454
-2580357
397440
-1244097
751600
-524683
1969230
-726509
1637511
-1736917
1725367
1327977
-1206081
353015
-336360
1097961
1028100
1799318
-490666
853809
537600
809414
1181275
-674888
-2319491
181047
1257332
-2551244
-853792
1037385
-583851
-271340
211715
-741768
-348337
689286
-694059
-2161340
-936317
193484
704605
-1838687
-1447271
987669
508979
827898
-862524
373300
16102
16852
-77942
895141
493556
-145002
688091
-82206
-478273
-992073
1543300
343901
-346809
567694
553593
275294
409698
173206
1174704
-1573499
-1461130
1261208
-1417743
-697926
151725
457811
1243227
980469
-225662
-1363043
493486
-493026
864695
157380
-1491578
1113939
1045559
-1210099
353286
1437806
-185907
-627145
-52175
-969388
319814
1565979
-588600
49841
-618241
161024
1578169
571249
-576163
415289
894430
-495066
221411
696764
-1948125
484494
823720
490025
225683
388384
-479609
-31645
-1249313
-22687
963781
-2440
-50180
-341104
956317
671882
1256675
253925
-1412388
404387
-641371
-158086
-155160
-1309900
-51262
523581
-268189
-964284
779859
-365705
-1895952
153111
-1101216
-202429
-574447
57901
491434
-627353
-1307367
250760
1063369
-154009
-529250
530872
340465
-1132702
-122954
1325152
-269891
-864340
-1229128
-688597
-697773
-2140812
-11216
597066
-1886949
-83113
662911
-1168231
844407
1430251
-1885292
-1202398
64389
318758
-1111261
-1033984
-2204436
1373043
-96519
-1331670
-243346
748632
1221685
511290
451888
-907301
179967
-153885
430512
-302082
-1570342
564492
1731373
-183408
119784
504394
-158493
936131
1328141
-1040241
558559
247892
855907
154474
-234567
-110757
713629
275384
-643133
930605
777343
634308
-685900
1200119
-191610
-294710
-627368
-394330
429128
-1140948
