#SpinCore Technologies, Inc.
#SF in MHz
#SW in Hz

[HEADER]
@CLASS=	RADIOPROCESSOR
@FIRMWARE= 3087
@SPINAPI= 20191127
@POINTS= 128
@SF= 21.670000
@SW= 127986.351562

[DATA]
17481464
-2926859
15813271
4293236
10646858
12715684
3693430
16627811
-4983590
16187640
-12828562
10506850
-15582031
3412849
-13923723
-5286524
-9903270
-11135027
-2844360
-14008284
3806143
-13920373
9958729
-8620681
12755072
-2784871
11436791
3988993
8536967
9888771
2703431
10868117
-3000578
10035621
-7087864
6624348
-9218208
2836214
-9754957
-2987708
-6584792
-6366996
-2813102
-8299021
1673709
-7541103
4343961
-5461288
6521110
-3057603
6010509
1365925
5356876
3632517
2607725
4858290
-984366
4669633
-2125939
4681566
-3230447
1436930
-3419025
874325
-3392490
-1433104
-2433327
-2954408
-348381
-3566737
1363498
-3493157
2215045
-1656837
2842860
-1134889
1390393
-322236
1790820
710665
1210561
1114677
-193511
1300687
-1058757
1230017
-894890
721821
-605800
176217
-1939676
180092
-1017090
210716
-703144
-342480
-562448
-1994344
-643845
-1229698
120136
-1214362
748004
-326776
74992
-885753
1240685
1495930
253049
588878
1332809
1523072
-466038
1048431
-466830
902767
-1635440
608710
-394731
-769392
-2001980
153795
176036
-300226
-607132
-37489
-120142
-1715999
409737
907163
1890972
22772
966318
231461
-941347
201208
425947
1199519
509627
415986
411440
693511
-577085
817216
877402
23362
160379
-1115836
-333449
-1068973
320505
25295
161703
-858496
468073
-409852
-277023
-532281
1224774
-358113
169310
290854
-365160
455451
-186086
471086
-462506
33023
180727
420546
-820720
28759
-554650
248180
-174613
-631297
340745
-129742
490974
336969
141766
383123
174707
-75213
444656
166895
191287
574602
-234035
503314
493731
-267102
-727916
-416718
-294742
38219
-165537
277197
-26654
-752638
-891244
32317
536525
-182839
832922
856134
-529883
322263
-188353
300588
-140510
-133799
985579
-378852
-680723
202686
480963
-271427
347913
384626
-227242
-629468
-123558
1522796
-3491
216235
781200
-611857
-9725
-528843
681530
361576
-70939
21224
202918
211235
-352348
-426656
270815
-605045
964710
456958
256602
-151572
59866
37716
481051
-1189911
395483
-476534
436380
-406444
670686
-96403
-796942
-315839
