#SpinCore Technologies, Inc.
#SF in MHz
#SW in Hz

[HEADER]
@CLASS=	RADIOPROCESSOR
@FIRMWARE= 3087
@SPINAPI= 20191127
@POINTS= 128
@SF= 21.670000
@SW= 127986.351562

[DATA]
-404023
513433
-2865558
1457760
-1124356
-290084
-167094
-2844817
2458767
-284167
743427
-889614
1933082
-892547
3552150
528889
2428613
3366228
-676095
732152
-1451537
724541
279126
1650904
-2521774
2134721
-2228109
-128540
-442177
-2089214
6211
-878617
-1333569
1414627
-685584
-1257083
1244081
-178252
916523
-471322
9119
747754
-1288997
379514
173408
836849
-349890
940203
-1612298
15129
-1117640
-2301567
-928168
1043653
-1127673
-1157533
-680920
-1345108
2285939
-1461924
-1184902
-796926
1332146
582261
1254899
-501114
2316565
472980
-319903
-761640
411703
1630719
487855
899720
790549
3706208
-785742
-1320418
-1624990
-883941
1168246
376319
-1200574
1735016
6229
-679013
-852129
-688062
-868268
1674778
-1034286
1536229
295158
837894
1541969
1564289
-958239
-136940
-1518714
214538
-562318
791605
-850782
664948
-2088702
-1826405
-961274
47518
-250598
-1121735
-975813
-1325507
-770617
-2200388
-768606
-78359
-26242
-1804564
-278590
-848992
-1504071
103544
525826
-1148476
1263413
384658
1360354
-555724
-176707
2410
899657
-1183305
-936029
1793651
1320280
581474
-117982
-1110080
1641761
-434068
-1908766
715851
494002
739673
1089430
1220502
798399
-232925
-2318893
389604
-1012352
2290702
1133821
729431
452300
82211
-627106
-1079006
-1742855
-495129
-356478
1720262
-300864
229365
-666296
-878856
-1087176
3476
-581765
380868
1068537
-1222477
1198078
-711832
196640
-304038
-836085
-354700
587185
111343
1199587
-1601530
941610
-566343
1011063
98741
418555
459281
1402770
96702
654344
677018
2775755
528443
-510066
-160258
-354341
177559
-339156
1563545
1154405
291030
495526
-42294
-1244561
1031682
-1326624
1815584
87575
20511
482983
300576
-1485253
10792
-392576
-1148038
-758033
-1253875
-823951
38658
-533435
-142569
1153415
-548986
1077689
-1433389
-157359
-301568
-492580
340736
1181328
531112
631455
-517123
-329587
-432059
-378769
-506591
645401
609040
1028394
1053773
361504
10665
-9588
824166
-976072
1161109
-727603
258017
549438
-689499
-96256
346197
-412008
-427531
