#SpinCore Technologies, Inc.
#SF in MHz
#SW in Hz

[HEADER]
@CLASS=	RADIOPROCESSOR
@FIRMWARE= 3087
@SPINAPI= 20191127
@POINTS= 128
@SF= 21.670000
@SW= 127986.351562

[DATA]
-6254529
1367130
-4929091
-3251889
-4621687
-3268840
-515890
-4949435
1046139
-4736814
4497216
-684159
4697705
1239473
2134341
4403845
1224099
2596671
-868521
4933221
-2783814
1415598
-5207518
2685516
-4302710
-2372653
-3234155
-2564876
-1854953
-4257441
519369
-1655782
823139
-2324303
3341822
-683536
1336154
982037
2418270
970814
-878874
1882851
-1185891
1996539
-3436134
2548010
-4656115
-272919
-1674891
-2634888
-2124980
-1502495
-236955
-1300673
-1174504
-1633330
1319545
-2416598
738686
-346694
50369
-1122157
239140
952099
-975633
-831294
-368142
1607151
-1514933
-154524
-1003173
724829
-2707737
-1387227
-340442
-2096523
-1302198
-1662612
237055
-992456
-264206
-1063332
206691
-3587479
2013125
852281
491276
-251040
390190
321878
-239665
-1492643
1629358
491682
-1008551
447844
1053432
-1438994
886126
-337218
930416
-1310764
-1198347
-148129
53902
-1511244
1196704
705633
253039
-1403895
142556
-713774
32236
488083
1164539
-1117860
293818
-281185
1743540
-317324
312232
610010
154502
-1842812
-36176
457851
-144061
-1263709
370467
41985
-947569
-1269272
1095806
625746
1033830
2243767
23595
-315624
146092
-646324
1840075
-1149219
1043388
2041622
140005
-248325
2066086
-552681
-440416
-1513807
1811580
516000
8230
269612
1886903
-257326
395328
-635271
2518859
-1422719
143412
451979
890017
-2014427
-169680
-230357
1087345
-305371
1018615
1104130
262081
66039
496605
251408
100743
1244430
842618
241570
-608996
825201
779800
-834670
-927367
1328826
902183
-449319
639362
624246
-1467190
-989112
113066
634908
354920
213921
4510
533066
-984424
-858695
874961
-267558
-224850
1509912
-598533
-545427
452458
64552
-576102
219601
-379230
1200846
-1796240
-208115
1057295
-401938
47929
556591
-143416
1187918
-622490
-116449
1067534
-111289
-64012
-76422
-77022
1347971
68611
-1280450
1504884
-1171744
667367
-995753
-563332
796185
-379273
-1946412
-575039
-7094
963823
-1678138
-443951
1660092
311916
-672485
1500143
1384827
507847
-1072222
-497187
1656359
-977276
-1337024
82294
955274
-330998
-1946992
