#SpinCore Technologies, Inc.
#SF in MHz
#SW in Hz

[HEADER]
@CLASS=	RADIOPROCESSOR
@FIRMWARE= 3087
@SPINAPI= 20191127
@POINTS= 128
@SF= 21.670000
@SW= 127986.351562

[DATA]
-3616331
1549621
-4180226
-1939711
-3287111
-2800845
-549844
-5806040
3419776
-4106369
2224033
-2583119
6569289
-583889
3350811
2256120
4023610
2340942
1127374
2112823
-1806941
2384555
-3837112
3419305
-5267873
-2003947
-3664335
-266422
-3029144
-3717017
559457
-2691879
472982
-834007
2458532
-366670
1084531
970870
2305009
599492
1925171
1727897
661590
2159352
-602703
1991752
-889173
-619552
-1439915
878935
-877348
-1311411
391145
-532449
-1106782
-1077904
1073854
-108321
1059478
-1825243
2141943
542279
1501089
275160
1406946
91513
-479468
783976
-369626
359223
-287281
525192
-896926
-692190
181206
1155037
227132
963835
-880588
-710119
-890388
237434
1259237
-957142
984795
-263924
231641
-398389
-110672
1662769
-673119
-36423
-2066572
-324301
-624738
-504900
1066690
1254326
510821
1632589
-470905
-466318
-179933
-118499
943605
-1120738
580072
-539413
-1047244
434617
1946733
-101354
893711
-1150051
1233275
-907817
-815249
1405284
753407
-781965
-683394
-957350
-316549
-1962236
-275247
1600078
709092
-578946
-443595
381691
-1381610
215458
984035
302400
-1199689
1031739
137168
-547811
-74454
1151811
1312011
-1705063
-598191
1536970
-15604
398368
1566066
1650054
213974
-1859085
-349464
728602
-1588062
-222961
1426271
856096
-480821
-649520
-385622
500610
-107724
-1300200
1562547
-1618787
-1151032
544936
-708158
-425153
1378914
313291
14393
-2039856
-829753
1227411
-1715491
-213640
709375
865482
-1259192
-1310416
1205733
74640
-110574
2194997
529181
-263907
-1458988
1198682
712944
-145312
125130
1878402
-823181
-2733643
270533
1585051
-335261
-258603
1355778
-225135
-2138120
-1159056
1307419
2469408
-38563
1082397
1067072
95765
-1388629
1187778
1870103
169382
-454259
115004
-1026239
-1365915
646923
344311
723593
-1707570
-695716
-642482
32142
-537893
925038
310025
-357073
172104
-52304
754170
-240253
826058
1524006
-383940
13716
-52895
209202
-127812
814638
-773303
-96461
-1195901
619357
-86564
-320569
42079
206725
244620
-489333
-1200893
1059785
-469792
-620075
-165067
295730
-263546
