#SpinCore Technologies, Inc.
#SF in MHz
#SW in Hz

[HEADER]
@CLASS=	RADIOPROCESSOR
@FIRMWARE= 3087
@SPINAPI= 20191127
@POINTS= 128
@SF= 21.670000
@SW= 127986.351562

[DATA]
5536574
-358642
5678548
2688846
2960574
6412488
-1052766
6792478
-4107082
5551880
-4632643
1788854
-6980377
-353793
-5963218
-4979892
-2994479
-6228975
1595148
-6245245
3427630
-4514009
4636809
-2404926
5197529
1398313
5928595
3068773
1460872
3121268
1004699
3356654
-3108056
2224279
-2741118
2992955
-4094750
-210393
-1150266
-691669
-699384
-4192488
376775
-1541442
1068480
-3109259
2147530
1804842
1702765
-407829
1205294
1223727
290254
1988686
-920604
2242583
-1475606
-137988
-1819548
119986
-2259215
-1769812
-1357642
-1511744
-520775
-1521683
1959626
-551738
771950
-1524988
691238
-140830
1784490
252648
1360249
2162198
632148
133558
455011
1674635
-1177755
160855
-541192
1933364
-619153
-244274
-260872
990187
-402812
-743907
-2152386
273708
-702607
-14886
-1316043
-1631391
2078752
-1318257
-768813
497315
285226
107986
1909435
124907
1809636
641689
-318446
976049
448437
955770
-59303
863378
-24448
195995
-1596029
-260031
-1224939
708233
33753
841462
872442
-70824
-297183
-1722608
816782
-593744
-497171
-298145
-266339
561656
-295772
326459
1412282
-521887
-120141
-989580
-715456
6896
1033727
785013
479797
327692
887449
-201773
142186
-1096264
-1228613
-983576
342580
460574
-367400
1937922
314194
792399
-410537
-405795
13368
1777594
-2493809
-10313
-101016
742936
-113635
-572712
-265325
775701
-2554065
-427114
61627
1496281
297461
385533
109536
-455116
1627806
-1083906
308805
-298871
41663
65737
508755
361738
178106
1450657
-82838
-485985
-862262
353134
-113415
-251962
-408898
1892613
198730
208473
1877104
-1306823
-708650
47262
-221831
1762747
558126
932213
383656
-372032
49877
578321
-1418153
-940388
-423405
320929
779477
538328
-53601
223592
-919426
-1353128
611014
-896725
-1075532
81428
-768131
288699
-99192
-738460
750744
-745789
-539079
169567
-1056000
-777249
450480
1367823
273659
1035100
-805549
-517371
570633
-1127273
912183
1539843
-174434
-726625
-567706
-921231
1459896
-282221
-389858
1505811
-557782
199668
-612625
-2388899
930655
705493
-913015
568032
