#SpinCore Technologies, Inc.
#SF in MHz
#SW in Hz

[HEADER]
@CLASS=	RADIOPROCESSOR
@FIRMWARE= 3087
@SPINAPI= 20191127
@POINTS= 128
@SF= 21.670000
@SW= 127986.351562

[DATA]
3926877
-1987062
4166953
1286219
695250
3042353
1931982
3811740
-1128006
3404684
-2829857
2051846
-3009132
1496338
-3643164
-1869536
-1896382
-1706641
202239
-2799666
837404
-1446588
1737189
-3133754
2325146
-95827
2911141
1565832
2084620
3178792
-507482
1135703
-1818601
2660283
-1643014
717625
-2068653
679060
-3360043
562225
-909973
-3145530
13876
-796908
919423
-959727
340861
-1832001
-32607
-1053226
3679233
168716
413242
2166079
69044
1354646
-453219
-139884
1630011
-386288
-1814570
1436841
143095
-1918357
-1737610
-1212009
651626
-708466
-848366
201791
-743474
-836812
1364295
-187130
-69221
-85874
-406432
34604
167261
333291
-156739
292343
-106127
780701
-383445
-769303
757597
-327962
-43680
914465
-265419
-439188
-2744849
-998612
1372419
-3131
-326364
220938
-2031672
-1873699
-794523
-81629
305157
-479466
-782747
706140
109491
-537172
1097040
-558122
893562
-1148119
157970
550547
-1304336
-343955
-372153
-323705
-514151
-1895976
-775641
-701975
-1838195
991368
-1042248
-244698
456663
-95118
-306152
-73427
-105163
594085
-1849144
-449639
1378791
-530454
-1227998
-484162
-518376
1153305
-1784654
-194697
-1261279
-1094895
616583
492728
-77113
459032
-639950
719344
-1404705
-1496307
318051
-833776
33712
1075255
-619353
-1123526
-2156905
-869831
494291
-654921
-650999
464780
-1974155
286892
271186
1105622
-777421
-1705432
872305
980350
-1439571
-1395811
595321
-24909
-1701260
111665
1386868
-151608
-1381553
425147
318716
649500
-401312
-314883
1288721
1014639
-1223251
-456719
1947
-746791
-382379
382746
1504301
1592547
-234968
-1053996
-835299
60412
560879
-109270
1478916
376376
975827
2878
-541611
-535357
5288
153305
801657
520668
-411630
-102868
-2754820
784100
464562
-2011604
1085400
-1301222
-1140621
1593302
-1803877
-511393
-2324608
-1641237
469549
-711645
1477243
70817
-1695712
-590592
382882
12002
-833844
-2685795
929068
2729941
-1228475
-1532108
-61832
-1221168
909142
-1566496
1956938
2307958
-1124680
-437123
-784389
-1234785
722936
-1447685
1136752
2255687
-657601
-1898542
