#SpinCore Technologies, Inc.
#SF in MHz
#SW in Hz

[HEADER]
@CLASS=	RADIOPROCESSOR
@FIRMWARE= 3087
@SPINAPI= 20191127
@POINTS= 128
@SF= 21.670000
@SW= 127986.351562

[DATA]
-4183481
-1135288
-6257744
-2969580
-2523556
-4949946
-484705
-3756186
3876142
-4032487
3823751
-3850506
5621577
-687087
3283959
2607587
3014171
2958005
-159689
4440650
-1425904
3560417
-4137105
845872
-2972648
659354
-2476818
-1103566
220756
-2189683
481076
-4111667
1809179
-689398
2769567
-63232
3284004
437798
3087965
807077
611009
3006240
-487780
1942209
-498438
3735920
-632063
1138137
-3674673
-1439184
-1986134
-1393782
-1488271
-672906
448014
493915
1327046
-2550929
681424
-2245454
603784
1597925
-248041
474143
1613285
972560
1087443
-62496
147286
-954660
-1702455
700448
-255101
516870
1164602
167208
-261822
-623054
-670822
-1503133
-1249935
-779381
793157
1018509
1242230
49338
120614
-257369
1006120
-187614
286870
1003327
-919145
1446148
350136
840554
1035188
-389170
-480614
806863
-1540675
863610
497454
1482342
1163989
419796
104445
-1181955
-1706709
-717758
-550551
867207
1751192
2478762
772800
-386543
234358
588665
-656805
-414190
-95604
2191159
65742
591367
-444599
-1990368
-1006333
-700133
-2318167
-95523
-2000974
-220943
413184
-1544299
-1396634
686855
-975198
-1279019
-2267141
-175782
1470081
120904
737752
7022
883588
-996331
-481182
-154745
141576
115320
282396
379959
1320843
-307925
11618
-1429441
502456
271871
669993
499071
1286799
148254
701776
1129579
1364798
-626483
31646
50583
49215
1324902
-110717
1271087
1142705
729684
1147813
-245982
11430
439222
-1205747
72981
1015690
979521
-1898994
721398
-1859062
-635573
-781429
-307675
-410655
1206365
-1540337
-250227
-656774
103326
296101
-1252714
-465975
2179305
-1647667
-625814
55872
-469161
600240
-993162
-454155
-147638
338054
-734669
1248753
-280377
685333
-1483658
-979903
-409405
233011
-689394
1112767
-663778
1354965
353493
-450171
-610958
1573285
-943643
532350
1002230
2321431
574848
535753
-642764
1189059
1784117
846900
1275128
258368
1046937
687294
557085
283122
1045699
-1605133
-291863
-584038
199370
727481
691494
-244917
850059
-348462
-532105
-98620
-21439
99051
648607
64980
1440587
