#SpinCore Technologies, Inc.
#SF in MHz
#SW in Hz

[HEADER]
@CLASS=	RADIOPROCESSOR
@FIRMWARE= 3087
@SPINAPI= 20191127
@POINTS= 128
@SF= 21.670000
@SW= 127986.351562

[DATA]
-4987970
922567
-5904220
-1741092
-1684239
-4098533
-491781
-3987985
1151141
-3583313
3232958
-1864994
4892734
-1140645
3150028
1731243
2011381
4327091
-1300089
4743676
-1776869
3059706
-1791768
1856516
-3047143
-666730
-3026436
-1124465
-2590980
-4113523
-31041
-2031051
2139245
-1217779
2732763
-1229375
3787075
709679
2177344
1204908
-893222
1480965
-1537969
2911929
-969760
872534
-2905159
2015838
-2397572
-137625
-2284638
-1449315
-1011683
-1530993
-379659
-877116
909729
-2886184
-42669
-1199178
2725124
-31620
-196063
1016103
-1356305
2034858
-516249
-960689
238183
706348
-1428033
2477156
358331
-612020
-1140978
-2043495
1113334
-341947
-1216664
338403
-166426
1525959
621688
-3417372
110188
-438348
-1449843
243256
953733
-216131
1515900
-3064772
-1299349
242331
-258651
-153644
-379731
721519
442134
-1117864
-463410
-1025316
-1444816
562800
-517027
-723605
892912
-2169566
1268696
-491513
-230366
827472
143756
-687330
1255442
558775
1011347
-317950
-829748
1890628
328196
141626
246925
401578
-390625
542534
-666945
1891267
1787720
-336627
1236558
-904423
-198419
-458696
76080
1113107
396965
80105
78089
833052
-522910
136161
402348
1494952
1220542
-165447
183179
470702
-38461
2428498
-641997
57756
-286230
773348
-705979
1087359
-1385472
831173
-2345027
1126948
708896
590503
-1532336
213706
-69204
2763529
-225628
-313239
-111755
965705
119941
580270
-1575124
1442875
370644
-141740
154158
780867
-698158
-653568
-2080518
-243372
1168712
-711849
-892227
-118403
-876075
1878624
-195955
686126
305193
349792
-1316238
-1036839
-754504
900736
-1045961
660893
307802
138979
641551
-1379481
-485951
603030
-508930
-96340
1010658
-965747
-505352
-879298
-418910
-1162947
-2852601
-1813412
1129092
-668480
9685
-1364890
-1663411
-2261102
58845
487697
2447849
-1018749
1279423
-623938
44585
-643699
-605159
-759379
2582413
545412
948736
404493
-618136
-493753
-758403
-319136
1785315
-1352270
-67867
950225
-718345
-849138
601724
-238747
1755191
-1633515
-412958
1343124
88339
-1272348
105270
-263025
948080
1076157
