#SpinCore Technologies, Inc.
#SF in MHz
#SW in Hz

[HEADER]
@CLASS=	RADIOPROCESSOR
@FIRMWARE= 3087
@SPINAPI= 20191127
@POINTS= 128
@SF= 21.670000
@SW= 127986.351562

[DATA]
-2962792
-1057031
-2139737
-3178226
-933270
-2780960
-1535807
-2156763
2272156
-1994012
1058172
-3030669
2536223
-207742
13116
715703
1444861
1017193
-3606005
1423722
-1220574
700438
-2642353
805137
-2993390
-428621
-3405874
-1477752
-1881595
-2765044
-859251
-1360242
-570603
-1234669
229987
-146902
239109
-316115
2157058
1542314
-171150
1170801
-623390
1763672
-3176414
1505946
-744517
786037
331986
1054441
-1474548
416835
-1244619
451842
-591496
-1064935
2217228
-973320
417141
782320
765024
985009
-1166595
991896
785641
605174
-1006536
1229667
-290709
1320004
-1724435
1247976
539924
-386145
-114048
1100035
661037
-165434
172046
1847604
28934
1637908
1556308
-948835
-230714
1320956
376508
1313454
1267374
952595
271000
-624145
89127
1987258
500419
450764
1049456
183150
-708101
202186
848678
1162697
858990
223090
86108
-353093
-629530
96660
1991145
-1183631
705749
579816
1230107
-388889
1489476
88178
1814610
-157890
2071234
657527
19221
360692
-493939
-786208
1360701
952965
893019
-1795966
110701
638160
-291027
-327831
1983491
306903
99940
-742533
700390
862655
-1042747
600633
2678176
634341
-78081
-721799
1150206
-407351
-2926894
1281840
1152228
-2509721
-499016
683298
141109
-1584457
328934
2226123
357629
-2457450
1271139
188556
-693561
-632972
1009860
237914
-1897657
-1693657
1182700
-240827
-1135588
-1026644
-457632
-278939
-937653
489142
1238403
591632
-696146
371703
-47840
-894420
1158909
271093
-835272
-1546127
-909389
-61869
21841
-989940
1417086
-2114269
-1086349
-303142
-1651187
-755029
-230055
-701193
-269068
-1893939
-673510
-829031
604046
273220
45267
-419626
272106
-788717
624056
-2945828
647757
249086
-1900668
-1747559
191483
-1087701
-1772132
-1484155
1378052
1324878
-1742681
-1243324
986744
-2259907
-2421786
-173984
1774899
-305494
-1915328
-707238
-702963
-1789649
-2412792
2275812
-19410
-1462684
-1331288
1688697
-2381314
-2275084
-1078407
1352288
-1041067
-1957531
57208
862005
-2227972
-144590
981283
1014665
-2132804
-396495
40057
263648
-1664180
769749
612672
246039
