#SpinCore Technologies, Inc.
#SF in MHz
#SW in Hz

[HEADER]
@CLASS=	RADIOPROCESSOR
@FIRMWARE= 3087
@SPINAPI= 20191127
@POINTS= 128
@SF= 21.670000
@SW= 127986.351562

[DATA]
-2874392
-111175
-1939655
300732
-2180127
-925905
1145994
-2293342
-212780
-2353941
-281813
-612557
72391
-1021385
2252643
272479
777151
1101399
541435
537698
-182169
885411
-552527
1943800
-2246185
1144035
-820912
-1381781
597494
-366464
1730536
249120
639456
-874225
1812462
-763101
2188594
-260616
2559294
-316595
1057065
682688
840127
2823299
231429
1606351
595741
865753
-337601
650884
-1899760
1066997
-238203
473274
-652430
464057
933082
-326656
-1356834
-942850
452078
577847
-584100
210609
1757608
1218857
-340045
-591146
-696557
-114256
450842
-1045369
335223
1674046
-1422229
-679585
-130712
-810734
-618017
-1820418
127628
424252
-389099
-326017
-544178
-1450727
1299639
-196520
-447581
463535
1565776
-468371
1941198
-946511
1109137
-332215
-816041
816190
1665366
532983
223880
349913
1261516
506456
-1119869
639224
-12685
1282407
-513343
1601115
548043
-85033
-435433
322754
-180500
427098
-1473985
506878
464640
625182
-1623133
186099
569086
485052
-1816162
-1526735
119233
793560
-1085368
-135753
-898100
713429
-1171880
-1838302
-336811
-295012
-8576
-777845
-90369
66885
557848
-733359
149450
-1384682
124887
-287765
-1134152
764940
680486
-909682
868416
-1556176
537105
718636
-95833
-1400109
542032
1315000
680139
-1374595
-158268
1120240
-517960
795313
-148908
1960245
1041098
488071
-1401586
1106728
516309
-172124
-1849419
738456
-265988
458521
-889741
1202019
-252392
-1612139
-1337979
-35457
-1072548
1100491
-639202
-1936319
-47310
-551596
392860
74296
-584131
359066
423560
-1100745
814851
-1324325
-126385
45189
495130
-1594573
-284287
-1171655
1265739
-154140
-857308
184252
674921
-1101422
-15980
555462
211706
790299
157741
-549442
1179547
-1039330
112710
397972
-1183357
-19597
312385
-1018079
766867
-358892
-230360
-724170
420364
1035658
670740
1207745
884343
1189784
653860
1967317
-426392
947551
621065
452874
-977949
73536
112541
690037
-895971
-57203
35414
206036
558664
-327975
-21713
1145780
177583
-1452375
-40258
-58614
-429182
-1636641
