#SpinCore Technologies, Inc.
#SF in MHz
#SW in Hz

[HEADER]
@CLASS=	RADIOPROCESSOR
@FIRMWARE= 3087
@SPINAPI= 20191127
@POINTS= 128
@SF= 21.670000
@SW= 127986.351562

[DATA]
-6069285
2498543
-5560433
-2533124
-2689751
-3662657
730754
-5855170
578904
-4192406
3764079
-1572505
5121326
-1308286
4303727
1368787
1409462
2990443
1126071
3774681
-1585179
4130961
-1768788
1254110
-4377791
696895
-2493399
-2156640
-3090933
-1449614
-899160
-3624032
1513578
-2999461
2041674
-679520
1727052
-606934
3049181
858916
1933999
1596388
576668
911171
-488761
2793620
759384
1153096
-1239610
301331
-540091
-761338
-1015814
-587481
461133
-1482338
69107
-2636589
1550157
-2482998
-475903
836290
1401669
266593
1124700
17221
779840
-293698
448174
1933826
-288396
939058
-353778
-486983
-237041
-722254
-1006075
-95718
-56349
-567691
437906
-431946
521839
-502268
-282039
-137032
39884
1044513
1079295
875491
91778
-1004130
976302
944348
561270
877187
151309
1720665
1412686
-554710
638559
-20823
462299
458230
378455
408481
-170207
228104
792745
172010
332941
670817
-336783
-198828
494753
677105
-957710
1037672
5117
-1111933
330793
673011
442109
1256715
-586110
-233093
-805176
16971
-681164
-31722
-416739
729366
711486
1192580
770139
-896921
-1469461
628310
-647166
488826
-729696
1247351
-514583
1343930
-249495
-490070
-876914
619921
-1141706
1188136
191258
-957182
-1522245
-8648
19393
427809
-1001557
-622495
-597211
313317
124504
-842451
188494
-1664743
-328881
647310
-343292
-696954
-1076337
6165
697846
917583
-1305548
-865366
-551951
1057147
-2054632
-1008517
629183
997625
-339477
249730
131655
-647573
-1757329
-537446
-1445252
-342307
666203
-335006
-320476
185730
-110712
-530656
1046286
910832
-334998
-941894
-487961
887973
-191398
-1024591
-372875
-688681
-107061
-833596
-721048
867672
-464176
-1638814
-696338
1022600
-449029
-529249
433507
1129353
1057779
-2837854
-816962
772155
-420966
158444
802564
129716
1282661
-950102
-39192
1519455
-328995
-320580
-47978
-835201
161315
-447558
728000
-771716
-638506
179593
289886
-42863
1362787
107387
-99939
587249
-1591128
206234
1259847
1293105
184126
-98336
236625
-1453043
-255516
392394
711970
84074
