#SpinCore Technologies, Inc.
#SF in MHz
#SW in Hz

[HEADER]
@CLASS=	RADIOPROCESSOR
@FIRMWARE= 3087
@SPINAPI= 20191127
@POINTS= 128
@SF= 21.670000
@SW= 127986.351562

[DATA]
3902167
-1431605
2149713
1605141
2766840
1345165
405361
4187565
-2737380
3964842
-1830716
2403949
-1775398
-1350701
-4114210
-3516520
-406074
-3015385
-451154
-1793493
3228257
-3049261
2449617
-2989573
3829807
-306391
2225242
2726699
2451842
3033078
-220197
2063721
-1457817
2777422
-2847091
591528
-3254651
286430
-1438919
-2354820
-222174
-891804
-157349
-2764051
-254968
-271098
1362722
16863
1072392
474351
-561896
-659610
721388
1625226
-513892
1114250
-1207618
741721
-1419058
-391964
-1805252
-629735
-1807627
-672062
178635
-437707
1004499
-997372
-502566
-2377370
39754
-981147
-65878
1464229
2725631
934716
575904
-2326021
-486185
-538711
-687576
1464437
132088
428944
950413
-973842
336314
446165
-2180604
-1792704
-8884
574904
510371
313966
1206978
1319737
181408
-914165
-1304256
906582
1220038
742517
213759
960971
222224
160690
-1139125
416894
-1127723
1045095
-28121
729319
2927140
-1432178
-482414
-376347
-1982708
-838095
511613
967844
1560724
838920
-366654
-199148
-873666
-1712499
-1229017
708124
298268
-382510
655971
-628811
-371580
96377
-882357
-690078
310198
1745494
676735
711864
728773
-430843
-744262
-497370
-1588565
-815103
-124752
1456771
565309
-888313
638170
-1552485
495241
-1034063
-769734
508459
69608
-385859
608963
308270
-604697
-183143
-212694
-223426
-342759
1455792
1003453
1227568
-513988
393153
-366791
-232412
-2305948
149805
548617
1447699
138773
469066
566848
-1827723
-2130786
789227
-138037
587900
688755
337988
928675
-227644
-1068558
-250790
-280136
318165
-347703
222117
-925617
-243032
-334548
-2507751
397997
-139060
-654361
318807
609681
28928
2339094
-965656
959972
-168412
-948330
-292135
162275
794105
1988714
-557585
-1074510
-1083277
-1767564
640261
226157
990019
571964
999204
926487
-882384
350355
-547520
975826
2501635
249965
2437475
-854406
-323044
-97894
-780487
-603662
1908719
-1538136
1909936
1051687
-1287358
291676
981543
-294773
572686
-1185778
1644302
578524
-901646
-638606
-108293
-932056
-1232009
22511
313058
-122997
877025
