#SpinCore Technologies, Inc.
#SF in MHz
#SW in Hz

[HEADER]
@CLASS=	RADIOPROCESSOR
@FIRMWARE= 3087
@SPINAPI= 20191127
@POINTS= 128
@SF= 21.670000
@SW= 127986.351562

[DATA]
3830659
2747887
2469699
1758807
1931809
3787058
-18590
4435588
-2967077
2390688
-4214974
798746
-3786822
-313543
-2164755
-2952997
1001227
-3067135
653539
-3099531
2651940
-2488612
2125251
-501996
2800774
2528887
914696
3153872
509056
2264813
-931565
2154955
-4456551
-278428
-1587490
-502739
-2396857
-1107677
46587
-2286457
85315
-1945651
1428204
-227039
1683174
-398811
1176871
1141515
330638
-45580
790869
1819194
-501649
1448774
-1373643
-488262
552957
120007
-2154060
-203705
1458456
-739416
336782
-1143145
530133
-1540929
655234
-1219283
-666383
752629
764647
1223404
735453
45559
991609
520190
-337762
1223117
-129699
420984
-1114176
-365822
-1986769
582587
1060528
-1200974
-566887
-784838
-1101248
-650598
1045508
-1135193
-273502
26841
130117
-831234
892255
1683753
-737934
909794
112305
-459254
-99677
-517415
-1718327
407768
-651230
-1230424
-868668
-464424
-1459599
53053
649604
-364380
139744
-298230
32073
165602
614363
-366577
517848
-745076
-317782
1099911
-396023
540441
467383
-229067
-55397
92967
-255528
33636
659961
-221596
-1255872
162069
617344
-1358993
1259117
564191
565051
1371109
951540
-138235
459882
989383
-565054
-837816
-43529
1500549
-922807
-669388
-1007611
-1224935
180740
-223811
1355395
-868160
776716
587563
995656
-46303
547716
-179655
238373
-1227496
-1479978
629408
-441524
941298
-2762838
-361015
-169900
-34589
527522
271336
-702729
-606121
1235677
-2001537
-623000
12126
-824384
1359468
-258042
388119
68312
480285
669537
460988
243905
-825836
-117328
-567487
-1590356
357399
-1177191
-477169
902682
-941185
974923
-271627
-236220
-873770
1633380
-1772474
-375399
330410
206710
-1033056
1633553
2328889
-106474
924441
83459
1227856
-862076
1423471
-1995845
-1144308
-1669425
-1259602
-1535172
-883515
-1389738
1322161
1430333
-41538
1027262
-324544
1986110
-664468
-1002202
-1142295
338104
1520759
-1105296
774660
-346952
1759081
984847
-475836
-1830056
554255
-346446
-31202
-1611606
10089
-1976618
121466
291845
685303
1286274
422121
1494763
-1703314
