#SpinCore Technologies, Inc.
#SF in MHz
#SW in Hz

[HEADER]
@CLASS=	RADIOPROCESSOR
@FIRMWARE= 3087
@SPINAPI= 20191127
@POINTS= 128
@SF= 21.670000
@SW= 127986.351562

[DATA]
-1250743
782034
-2897205
467069
-724156
-526158
-1610602
-1973567
296269
-2466695
-288643
-2013489
3136038
-175494
1894927
2154632
1606398
1057361
-77426
960470
345523
1893402
-8938
2076283
-1716785
860037
-2778609
-1336743
-1151507
-466675
325822
-995011
-981454
-787519
-86048
-2284463
-223552
-217458
1602434
173060
975195
811745
1292667
-179937
-209277
1256621
1190403
1052033
-397348
1133485
530611
2069
-753316
-329235
702032
1427484
-675321
-573068
854925
-1140199
-1676110
-36966
2019791
442414
654668
364367
1001101
38093
-1759718
235644
1523571
1147596
360562
104048
462828
-826036
-1993082
-1667122
-794678
273815
-634464
160865
2377830
-738478
-1170875
-664832
-1136160
87809
-503010
-702777
501023
-794098
-332876
-850620
544284
-275887
-857744
-461414
1048540
-43855
-379372
-571944
-640206
-601632
-1642496
761417
-65164
534274
454601
-1490803
-762317
-729034
-158652
1127618
593349
-468710
541283
-2803702
-132454
-1259768
-162938
28048
749355
-827136
448510
-401743
-590111
-1184354
-168732
-444925
1500591
-222516
442317
-548321
-250300
-1011813
-418017
1087451
-568399
-170077
1555745
711886
18880
-2173347
-1165916
186983
410123
-354170
1040793
985453
163141
-1489891
1064413
-344269
-61259
-288841
1009659
109207
301447
-480896
952364
-31727
239270
578858
268260
617688
-993095
-356762
-299957
104508
591816
-239501
1166828
219475
-497089
-182136
-608964
347515
-862156
-740990
1366908
-630959
1342138
-754797
248085
-255082
-57389
-62396
902592
515053
1794198
-538610
427372
84865
-525721
787354
580229
-220790
218950
-1004174
-207632
-739025
868715
639229
-11584
-544094
66606
49352
-489171
-149150
653674
344119
-381774
819000
-155911
-46580
419820
442645
949327
-926541
-496690
174072
129794
1661992
27683
-627172
1609211
-512422
457084
873687
-63790
523494
636280
-1851062
-1096317
-1323135
-111187
1210644
-340416
-1051532
-157595
-1406114
905017
-926720
783242
308396
-911544
-308409
-914732
27066
-322205
640100
-1191920
-1038761
-975774
-106929
