#SpinCore Technologies, Inc.
#SF in MHz
#SW in Hz

[HEADER]
@CLASS=	RADIOPROCESSOR
@FIRMWARE= 3087
@SPINAPI= 20191127
@POINTS= 128
@SF= 21.670000
@SW= 127986.351562

[DATA]
5332444
1493360
5828514
2886264
3149780
4936910
166491
7767648
-4279070
4642554
-4534350
2665591
-4186300
-1245857
-4544537
-2118388
-3086683
-5360197
-504641
-5316707
2724836
-3478069
3485559
-497886
3259022
-304917
3795828
1585340
1048064
5497905
-1656562
4615385
-2054689
1311928
-2339796
-229636
-3901799
-1043001
-1665923
-2635279
667817
-3487457
1635254
-1458673
1925744
-3077556
3268638
1322778
4257514
2268752
2361336
3591221
-136990
1890035
-1209228
3005153
-1325349
1281567
-2904823
1753345
-1228587
-179640
-993696
-680305
-1795215
-567798
-401419
-1079670
482002
-1422049
774474
-371931
-353424
-263752
201674
6104
-361335
878904
-1113322
939986
-289008
-1695516
296666
25578
-1068569
-583416
-1321722
92474
-333416
-1852264
1022090
-427033
229078
-193421
1107141
-564577
2150725
-1032354
889322
181108
615735
46584
-842583
-191813
1771524
1418135
-257519
2100663
-467494
-903868
177516
-455740
-1416835
1148364
-1449631
1201184
-503782
-186739
-228129
-813209
-880970
-1332354
1097220
-305881
14065
1006466
67122
24422
-14813
-205181
39050
-286758
-335009
-354201
22671
-913991
-307354
-304556
-925242
-678544
506100
123372
-346377
-1572533
-677649
-886331
-1129854
205534
498461
234718
1248059
758382
120742
720767
-1036702
-940252
335463
1136005
1222710
1524095
-221113
-387478
-761267
-806623
684485
-217259
1462304
1305242
-388171
-158448
572877
832094
860454
-900334
-1620832
-252273
-891338
-164380
-478025
1399300
-243661
884323
-1654926
-1143937
-306772
-1053633
69375
737205
-273520
-232044
1228261
-943671
1115194
-1288813
233835
-874025
-487344
593164
1311822
-170557
2163368
1330625
-1119213
-911681
292490
-333752
-72149
1724282
54024
1725136
-60005
273682
446532
-53222
500616
833946
-182451
2356945
-714473
261587
379476
296435
-692157
-388511
-1252131
1591839
-745340
-964534
-238601
441189
440907
605683
-287380
-1500308
775976
-2115778
-157308
559924
900987
-165504
11824
-2032369
770558
-215978
-1472072
170719
616054
704473
1701998
-61671
1345990
704029
-1092330
-1388821
-286290
-181488
