#SpinCore Technologies, Inc.
#SF in MHz
#SW in Hz

[HEADER]
@CLASS=	RADIOPROCESSOR
@FIRMWARE= 3087
@SPINAPI= 20191127
@POINTS= 128
@SF= 21.670000
@SW= 127986.351562

[DATA]
-860977
-222780
522302
-86667
1747240
-106507
373166
-158859
252464
-1141243
602413
668284
-569969
729419
-263077
-777808
767332
125807
-479627
924806
-1465517
-970326
-1500009
174932
-204460
659113
385015
311008
616219
-109818
163413
-1036350
-359356
-1351866
-888541
59874
496665
61105
1201212
-191832
654139
-332455
-648634
-352498
-924533
-129383
666275
1500113
467027
791256
-588420
436489
-421591
353747
-2267570
273555
-2010207
213917
-361720
-174392
743397
693877
-440906
-865879
-372450
-707805
-286450
-797864
-570396
154308
209751
-923100
463531
189594
649615
1625896
103646
305080
295762
440907
25541
575587
372983
1574744
-496471
304787
-289161
303620
-864284
16840
-806611
359983
-1735514
-399663
-100733
103109
-529925
565401
503599
600018
156308
-1297523
545764
632435
950673
-6306
749214
623769
719618
856428
-807787
-924604
638056
1119977
-309139
628725
1067423
-228321
1453462
1102357
58298
797883
-277992
-672351
350075
-610908
-456154
1223260
-631178
549486
26386
-2046590
660577
-1232344
368961
-837731
256781
-1239493
-202504
425886
732835
-495254
661234
-937192
65637
-705250
-810893
630659
-1074719
755602
185504
1311036
276367
-1220636
570397
333397
-1319187
-992305
-1131080
-20056
743581
1103140
105181
1113285
97026
-1015273
-382391
-441217
-1742536
-721481
-946442
-38973
1617811
-292791
245943
326257
290362
-224604
-923217
-30515
667071
1734014
-387353
-68308
1509272
-494904
259083
-660797
-742860
-83768
130426
-436129
-414469
725504
974749
992827
119622
-473259
612810
-551941
441486
420151
-847291
357878
-594844
-716577
-445107
-533922
-449308
98974
-550911
-873260
1032310
993451
62527
-71986
-226103
736437
1713228
539863
174609
-178354
-640560
-766876
245864
962960
-111989
1891793
-122920
235576
-589192
-1879237
-272421
-1061134
-1148876
20941
-499579
-288745
-14955
-513170
512482
782930
17767
-507817
1095867
-1008009
-927678
-226731
-548676
709661
-1107479
-1233710
1622629
-801843
-1094607
-507303
