#SpinCore Technologies, Inc.
#SF in MHz
#SW in Hz

[HEADER]
@CLASS=	RADIOPROCESSOR
@FIRMWARE= 3087
@SPINAPI= 20191127
@POINTS= 128
@SF= 21.670000
@SW= 127986.351562

[DATA]
5709179
-89736
5699471
1339491
2069069
3613789
-425985
6895152
-2642062
6324725
-3296929
1399281
-4463650
-1418262
-4713248
-3105013
-3676698
-4645134
424247
-3443939
3442473
-4205252
3392061
-2062232
2433456
464789
3192689
2645087
679423
3962589
-563860
2972528
-848112
2010921
-2501490
-274113
-3154114
-2048741
-2735345
-3803089
-670384
-3297716
804765
-2523848
1578931
-1546153
3338900
-1127151
2233583
1126906
1532961
2252881
1421001
1666586
517275
1950643
-2458751
79674
-2197581
941676
-456645
246404
-461926
-140302
-201292
-1016341
-536453
-1164949
-110128
-106401
-589402
1547371
579582
-162563
1035387
339861
-1150131
655675
-66731
1798241
23591
638360
512291
1163330
-1848641
-774693
-565168
-480822
866459
-187009
770091
718916
790009
-2047415
1521570
-1735696
125057
-677849
213048
432708
1208082
1773284
816395
-671689
786059
1048921
1139956
589067
424708
2057391
244203
285435
-321522
450294
-974321
-1291800
-1859424
570938
-997078
4154
-931694
580406
-257584
-493664
875419
-472610
-68899
502822
113778
-965272
-304361
723902
-63046
760843
-164417
-490057
248010
-1655986
-980517
86625
-794075
-103095
422361
598173
936494
-326250
86691
-1028296
208129
-621062
-544820
630555
708556
217037
951998
284097
248636
-542219
24526
911887
-1129828
-481238
667028
930544
1745611
-974473
-36810
-390650
-75827
312837
-463968
30173
-408153
514223
-182339
-333433
843046
1034864
-521253
275101
537514
242209
1011371
45091
-580320
1012399
734050
-1130619
339094
516548
1529876
211079
-1394707
-965705
732768
-602699
-1173305
615911
-322744
1547069
570526
-1802407
1246839
474287
-129029
-287153
316663
958526
-163935
-982782
-37319
701552
-177366
367791
-507291
852299
1299313
-1422715
-1518758
-42193
-1368121
252215
-157632
783800
1527031
490149
429101
439089
63998
124665
-327327
-671245
794105
965508
494766
513347
1442900
796142
718851
35737
624185
-1023627
-1400568
-368865
-1430774
254178
-1130185
146284
-356456
1296037
150541
-167125
-1564423
-683739
-769025
-613175
