#SpinCore Technologies, Inc.
#SF in MHz
#SW in Hz

[HEADER]
@CLASS=	RADIOPROCESSOR
@FIRMWARE= 3087
@SPINAPI= 20191127
@POINTS= 128
@SF= 21.670000
@SW= 127986.351562

[DATA]
5049020
-1790990
5188288
1869770
2755504
3179370
1717472
4368969
-2527956
5155208
-3167393
3058599
-5888216
-626728
-2284526
-1663953
-2872625
-2783611
-1201610
-3492858
1235780
-5521704
5521804
-2955362
4020367
-133772
2899007
-311185
2303685
3181353
740876
4937118
-811291
2807404
-2117240
1203150
-3661075
1317296
-3130773
-66603
-1019549
-2948900
496415
-2931540
1085621
-2059223
905773
-968990
1734217
-787026
2022605
327836
995944
1507706
-498233
36150
-995712
2665105
76391
1436528
-1603089
696290
-1303511
-1372685
-1502844
2101643
-1746243
-73153
457310
-798985
1318761
-899003
-358874
453442
35549
-673689
805610
-517519
1347604
734638
-1032379
531951
-1675763
590757
180841
636116
-304729
1988106
-574836
-735938
-929771
457692
-881697
-283026
-82244
416028
218942
-193889
758323
-903853
397214
-251802
-241366
1334940
31311
720377
911806
601510
-273837
390865
15024
699077
233321
829283
1055163
2158656
-404325
-739046
-167963
-1309948
-168695
-1025166
325491
1308223
-360459
-21250
703174
177653
-169638
345699
-763170
1181776
-353836
72353
741487
717917
-868529
526649
-510736
-797462
-58850
464446
529550
-467817
-260229
192079
-1064657
-1418626
-1967016
-916351
271147
726162
1139726
-664542
1173556
-1522035
-211826
-1759465
-914206
1383724
73001
1127728
1460607
-101930
1017169
-350670
-128521
-275999
-1226001
837295
-493843
1207305
1542790
1218571
341676
1477562
-436570
-435596
-1639367
954571
305695
1123811
19168
24057
1372420
-1777067
-752988
406224
-203836
507493
-82067
-530383
1692024
105734
-109146
-1502390
-145518
-390858
559912
-120584
-568848
-378048
1716380
-1658370
-953665
-856213
-1670579
-1101239
-690775
154013
388502
984186
-661115
-1065436
-157267
-250375
-411678
726389
498802
165079
1204137
-1298872
1528625
-263473
557432
602882
99023
-851188
1981616
-1742884
1082404
536767
341568
-85881
-1074331
-632369
1033285
686205
-265458
1944059
41109
817807
-544680
-310803
-66593
1665501
-1296539
1697328
-584829
-361483
-90352
-33532
-1362347
1090278
-1301296
968151
