#SpinCore Technologies, Inc.
#SF in MHz
#SW in Hz

[HEADER]
@CLASS=	RADIOPROCESSOR
@FIRMWARE= 3087
@SPINAPI= 20191127
@POINTS= 128
@SF= 21.670000
@SW= 127986.351562

[DATA]
-3155540
1270172
-4338556
-1315230
-2811445
-4523858
-1563877
-4938726
2572081
-5091324
1667423
-2956464
4691791
-2345772
5000955
1985707
3595500
2584117
1382207
4430477
671716
3628693
-753099
3537127
-2768600
1153270
-2551448
447370
-2446184
-2030960
-1177089
-1779327
-648461
-3177167
2234673
-2131292
2318962
-1893320
3327269
71831
1944035
2829794
2528395
2977157
921029
1945095
1035747
3557775
-2541501
2090697
-2317199
173322
-1565273
307684
-31730
-783977
-2686394
-679486
-2140000
-1790961
1393104
-475385
1888420
-1206720
-511783
-306052
-256362
-878413
837750
528027
149061
1424570
-2346215
-835914
-652612
491697
-115994
550577
-347684
178105
-2082009
168802
-940097
136081
61370
1161411
-3953
442714
-694265
460468
-1401120
729921
1206756
780217
-568741
50252
100157
-248644
-829628
985370
989686
1345853
189415
544485
-1257766
-589845
-876200
815086
1251356
847721
501988
848891
-383359
-1501761
-427747
-286176
38947
-1106268
446969
268709
-74744
-1939030
-375442
611550
561342
130078
37547
235064
1216002
-1012781
-406786
239727
357710
-792144
565730
544477
321684
-1065151
-1871951
649312
-38702
-813231
190223
1462601
1245326
-1209865
-2191377
-422623
1031955
-54644
1172651
-54491
1414573
-277765
-2121180
-477274
1616507
1431807
117579
407097
377627
-1225948
-1118381
-1050396
128234
1324932
-74403
-129672
-571710
-644800
-1392534
-773464
1894176
1574423
692314
-112223
77193
-1010353
-1365163
-415826
1755926
2332740
-234325
390471
-506391
-502488
-917810
742777
1060144
432753
-1000514
-620478
493137
-382384
-83286
-815723
13044
875226
-661512
-621985
1836112
-962616
404834
-1078401
-14157
253923
86370
-149912
1616880
-270100
-853455
450432
-1029370
-424633
346780
630162
860540
38698
-1069112
-957445
-968123
-1941449
493267
124032
247955
-192206
1096978
-606429
-1717182
-544463
1019887
996608
490162
805299
-311564
-1261825
-910194
146773
598685
933226
-133597
-171927
1051019
-612213
-733791
374205
-228809
1219087
-82337
15847
-163508
-1521282
-981883
-979127
-813551
112855
