#SpinCore Technologies, Inc.
#SF in MHz
#SW in Hz

[HEADER]
@CLASS=	RADIOPROCESSOR
@FIRMWARE= 3087
@SPINAPI= 20191127
@POINTS= 128
@SF= 21.670000
@SW= 127986.351562

[DATA]
5136025
1049855
6152171
4302897
3906490
4349401
581019
7395240
-3647898
5782243
-6088120
4643833
-5771047
849289
-5668677
-1890036
-3720577
-5954620
-1932778
-5256779
885836
-4806002
3780703
-3549194
5378200
-2806650
4918720
488939
2241742
2678826
698309
5083267
-82624
3058549
-2231879
982394
-2772547
-219218
-3414732
-590907
-792799
-1608730
820075
-3485403
1787429
-2375243
565158
-1574868
3223726
1033142
2867832
1461074
1481599
1861602
-1284872
2081903
-642037
2919317
-1168041
2510814
-600534
1290684
-2096734
-49406
-2480519
-705963
-571504
-1610496
69541
-1419766
-552912
-1219372
-797219
-716997
1883432
-705015
347151
1191503
1357158
-678605
994095
-1515100
448187
-190882
407910
1212503
-230948
-44691
437451
-159181
793498
317622
-664608
278886
762113
-949767
1282012
-720911
146210
1742259
124996
640108
872234
-27976
2143148
-871750
-966547
1607091
-919818
-111609
-473085
927135
670992
748340
-1349497
184131
-709232
254658
-501464
521864
830508
-12790
-643508
-1440839
237710
-839527
-524488
-866845
935817
2019964
-494536
-1426689
-213876
-138250
1009210
-375845
-1098965
401797
-175282
-56412
757810
-449038
379160
-845793
-2228071
-948827
311756
-838042
1301451
1670876
-159001
-545354
-486553
-1030591
1329180
534466
619680
916789
-595057
-202973
-414586
555941
159162
2105506
-358926
232730
-813388
-781028
-738265
1580972
-1083858
1753573
56708
-900119
1761180
-1704601
-134021
284607
-970774
1126161
186155
250553
221512
-268119
1210097
865576
-338034
-630695
-99912
-34507
7840
790805
-133944
121617
-804644
-1475385
1698798
-699982
-105212
654847
-921262
373351
659868
87084
1816954
-1571376
-45348
122097
-923766
474842
485845
-286896
1359961
1848694
1014819
-26986
52449
-328541
-808647
543892
290143
1607943
493060
-56004
-32320
-556510
54114
-467392
-768347
1782445
45889
396913
710660
335332
-1052044
-393615
-2153555
129116
-942590
-297406
-107548
786602
-969589
-318229
-1909387
-689292
909235
-395163
-1233871
49561
-439019
-518524
-319183
-2058936
200671
-1735922
