#SpinCore Technologies, Inc.
#SF in MHz
#SW in Hz

[HEADER]
@CLASS=	RADIOPROCESSOR
@FIRMWARE= 3087
@SPINAPI= 20191127
@POINTS= 128
@SF= 21.670000
@SW= 127986.351562

[DATA]
4389423
-136795
6386479
1293468
4226663
4815489
355198
5746800
-2489085
5243559
-2935246
1416829
-4572083
1733710
-4505513
-3887454
-3244795
-4751596
851811
-4455349
1859953
-4711081
3705452
-5199481
3767101
-149256
2379508
3484771
2620779
2339623
1548338
5339681
-1151222
5072537
-3994744
1246677
-2781576
1198142
-3698383
-769509
-3359964
-1613465
626782
-3555388
-331228
-2720070
3020934
-1383162
3381092
-1948584
2857350
2258892
1596748
1541073
829051
2516065
-345199
1260732
-1184174
471946
-2168975
973471
-1240100
277468
-916879
-604980
-962049
-3476130
1493218
-1855320
871570
-1881526
1227618
-620285
2142926
789155
2679144
328742
-150085
-832144
19801
1857802
-1171600
864146
-3256406
1386319
432559
-734623
-1215665
-692102
-350976
295842
-105276
-3601413
-983399
-1560918
-395301
-346193
140344
-1887056
1504747
-319262
386057
126936
1022771
169596
-99702
-631057
-1167069
2292484
800197
383886
-40589
1525597
-28765
-667196
-2434593
-1383242
-1671890
37090
-357614
-681523
-505871
1214268
1715821
-818244
1748366
-1591945
-743457
633684
389530
485282
1106273
118330
915165
1488359
1035432
912162
-252547
-309484
-1403737
468241
-95926
953541
-344580
-960233
-307858
-586392
832804
-994240
-743966
1196
-289147
-57066
671728
-1029675
432376
749232
1354554
-2154595
-558083
260344
-259581
1471869
274725
1171774
-25486
82123
143870
976311
-813908
-850240
-889783
227559
-821828
2114962
-1319584
-359270
-25638
-731429
1571687
-655161
-1179914
-1472000
-569214
-313377
181655
739114
682842
529216
1033901
-889820
2544612
75479
-1370582
-867247
-1968593
356792
-632120
842254
-2893242
1308704
793269
-117331
-57100
-643237
-31930
-103344
739745
-226063
291565
-281922
699183
1000588
1684511
-891541
-177465
-1245037
-43919
348152
482675
-74492
-589601
-47121
751922
-170539
-820744
-670657
-255415
55819
-268323
525471
455176
56241
785788
591330
332955
-1681711
-1545587
-1658473
-16215
812825
-485755
1822153
598975
836502
2897370
-364095
755915
457444
-1413236
27243
-481238
34105
-329647
1175485
