#SpinCore Technologies, Inc.
#SF in MHz
#SW in Hz

[HEADER]
@CLASS=	RADIOPROCESSOR
@FIRMWARE= 3087
@SPINAPI= 20191127
@POINTS= 128
@SF= 21.670000
@SW= 127986.351562

[DATA]
-5226270
-260303
-4726527
-2342977
-3536417
-4605393
-1172003
-5219528
1206455
-5058094
4154697
-2548799
3160673
-1273177
4663763
1748058
2893772
2834696
1137838
4908902
-634728
2793718
-2595652
5571320
-4421903
1239615
-3762432
-535653
-905695
-3126830
-1866655
-2164069
-261582
-1948339
14655
-1845910
2872255
294428
1197028
-826402
1483191
1150963
-366854
254318
-283299
1859603
-385295
-826028
-1264142
9596
-1242025
-1397873
-1995969
329490
82138
-347802
-249253
-2079544
2025306
-611467
156561
-823402
2336424
1471111
-622278
-732484
-573308
1656555
-821731
2150082
-111941
997966
666413
2103884
-1579019
-219612
-1488341
-527236
-454030
-333556
98702
-564533
806887
-199823
568793
-1541611
-290502
467758
-473519
971586
976132
181764
1952511
-1876328
-528308
648992
764867
-772734
507176
-163010
1134831
1939313
-2361986
108022
-908097
-376407
913961
909022
-82608
617897
173005
-859741
-11871
120227
-46002
-547295
59346
-826452
587257
-855275
-493387
-1507822
59936
1095937
644087
-539066
583925
1124198
12092
-1269328
228181
-244733
-145661
1435217
136472
-23963
41064
237385
760367
-113392
-320813
295659
40540
1144347
-107237
-171647
1549446
-655058
961299
258819
-1888424
-237343
-236666
-1385665
202336
938971
430999
9640
-670289
-528855
-234954
33785
544614
-602314
31
156344
1996670
-903551
-411309
415290
-570417
-2252072
-1742218
-885266
644192
87379
-1138544
-57010
-814907
-36866
1545448
-740619
474383
683745
-1778138
1147405
-346768
-270775
313261
847988
810462
-90377
-1515805
-737224
1034731
-202185
-611665
973676
-691100
-321355
379506
-34235
96445
-82148
-645760
556731
-911720
-231959
1116574
-489871
10689
319647
-486313
378979
794679
823507
1295521
-127281
-197437
-1132086
-836431
-1066625
1061339
1285861
1277303
1183085
-455145
445468
-441861
-1165779
95332
275915
-1922840
1051980
74800
68854
1142410
380027
28782
-1689518
-153768
-435203
902198
-312026
-804698
851904
1001066
-1006651
1162024
295540
159988
-605499
-870181
636921
522816
265451
