#SpinCore Technologies, Inc.
#SF in MHz
#SW in Hz

[HEADER]
@CLASS=	RADIOPROCESSOR
@FIRMWARE= 3087
@SPINAPI= 20191127
@POINTS= 128
@SF= 21.670000
@SW= 127986.351562

[DATA]
3487504
1318663
2510958
3035150
258297
3572959
-2224931
4786806
-3892071
2244389
-2847617
1732395
-2963514
-16720
-1925764
-2667423
-637520
-4064050
451103
-3253834
3198838
-991911
3667273
-742242
2617751
1261492
1133679
1845257
-1743938
2414285
-2458809
1419299
-1747894
1201011
-2041292
-145505
-125081
-1871642
-749051
-1420215
895246
-962397
2283923
-493304
1910283
-293911
260586
1791349
-154418
788999
-149262
966962
-2939277
614335
-1516633
231496
-681126
-1053419
-753392
-412917
-793774
-556139
1014947
-254231
98641
-737748
998109
-1106052
1083863
291517
-1534062
261460
328034
-420217
-56044
1494697
-1342447
-684201
-60733
-1376173
931654
801728
-756610
-128864
202760
-555073
1429129
-805348
1625797
-265224
82481
-1731917
-658505
213255
-877181
-53185
128983
-1822330
858418
247313
752067
-1433643
-45919
-2004473
433532
128259
-1034099
582717
-477197
-38051
1702899
-813493
479437
-489585
-1061130
275857
-387094
-868594
-139797
-303358
-534868
475106
448473
-1041763
309293
292906
309523
-2175718
-252701
-872031
-146945
715523
-536125
-771049
-1160756
391886
764004
1127959
-744076
483236
-844011
-1510977
-443826
1158879
-1500483
-1168379
-774508
761506
1200436
-859606
-432451
-1307333
794943
-1562605
-652248
-1190939
-151856
-251937
307564
-202010
1915891
1327103
625408
-247122
-317905
397542
439148
-890317
-805735
1923458
20776
144336
-667964
-1628539
748692
-572850
-1053683
-1168186
53310
110977
1421007
407858
-1092101
888528
751507
-53474
-1134341
1069842
-590475
538931
-951242
-1494264
46082
868385
-708912
1110859
8389
-821709
745513
572922
-600343
-341410
-869286
-1933573
1437739
539654
-1404454
1195711
-874882
-1128709
1144667
525028
-129394
1435752
-151435
-577890
-138549
597270
-1343136
547535
-1518705
-243018
918706
-545255
-49332
-4458
-209730
55146
-1270298
-459397
-1147962
576838
-317382
412647
320098
526838
1403836
1365545
-459627
318881
-475302
-1456903
285177
1133068
-1133923
-419841
691745
-2094427
605110
1669185
-405521
-650491
-752944
-277371
615622
836642
