#SpinCore Technologies, Inc.
#SF in MHz
#SW in Hz

[HEADER]
@CLASS=	RADIOPROCESSOR
@FIRMWARE= 3087
@SPINAPI= 20191127
@POINTS= 128
@SF= 21.670000
@SW= 127986.351562

[DATA]
-399413
890659
2048596
825707
913452
671430
10104
1824340
-487136
39249
-1892326
-1113327
43709
793839
-661400
429869
651634
-2069170
847648
-521900
1372155
-489998
-679191
1841104
1414075
-734770
876893
611174
-658785
369324
-32543
1030586
-400904
-680974
866026
718590
-2482380
476590
-251802
-350660
-655403
-647618
442775
-967909
-1155231
1286610
-87266
-1026569
62022
1087524
587445
1198558
-556927
-60222
-1578448
-163647
566290
-133140
-2115499
1333107
1792913
-59427
161263
-495464
2575002
-1511192
-2711190
1292922
2297193
-2289509
-684940
261043
1226451
-851057
-309646
166494
1092526
-1311986
656798
741565
-94027
-1905
950662
-736547
623192
854971
611608
-75752
-326340
2458354
-1573817
-1769512
321177
1087583
451790
-546148
-462942
232521
-1179632
-357408
387877
1201155
-559408
847688
990880
-1402272
525603
429259
-100935
-704404
382359
1544564
272751
-1442572
394287
696566
-725651
-679002
625601
645566
-802391
-1242609
-506564
574121
-1121185
514708
-790220
-516180
-32277
12054
471686
592
-443121
1308213
-427970
-2912327
1065729
-240546
-84178
-311198
2033881
-1131398
1348574
-2578880
-82578
-82248
-1606480
1043459
-150724
-1001460
449875
-252667
625855
312158
-1076260
2357031
21492
-1125801
1605532
1709286
-606452
453031
-314879
264228
-1070088
-287101
817156
597978
715685
1474202
-641709
-574733
50216
-573239
861870
-434092
1443391
1502722
-1642014
137579
366862
794554
421425
-437830
-261694
2388676
-602938
277451
16467
375106
224653
217254
-827791
111033
636309
-2198555
346539
-494178
591935
1123427
-1336740
-1194269
2710540
-147375
-1167197
285562
1041259
1239216
-851870
-1255577
2289525
406168
-1898673
1499512
79795
-321858
1759538
-442115
256669
320666
-813375
682575
-1342807
-163344
2373489
-55518
-862622
-229748
-811340
-675296
-1423182
35901
329528
190810
-205464
130577
382018
-1620796
269871
204589
247660
76404
2452693
184518
7420
-1612041
956658
-829088
-1132738
671285
646718
494029
52758
-369542
243268
-796423
