#SpinCore Technologies, Inc.
#SF in MHz
#SW in Hz

[HEADER]
@CLASS=	RADIOPROCESSOR
@FIRMWARE= 3087
@SPINAPI= 20191127
@POINTS= 128
@SF= 21.670000
@SW= 127986.351562

[DATA]
-4930941
1598264
-5257308
-549037
-2595707
-3143945
-1203611
-4595701
3228134
-3132437
3947268
-1513675
3729329
-256399
4626527
743535
4408738
2028064
988646
3330385
-1276430
3828801
-3430209
2744783
-4090641
131888
-4209227
-1395947
-1141686
-3502567
31816
-1811453
1670484
-3367828
833038
-2280919
2590571
-1059002
2100530
1199908
1292623
2994357
-861313
3366880
-101574
2093463
-1366925
2719251
-1820928
391662
-1857695
488766
-1117105
-3088171
-1203450
-1888778
1033957
-2094691
2057773
-2126066
693198
-1139390
2324362
1199
871396
-798852
1477309
-615368
-878640
2465715
-635292
425428
-1111878
408983
-618973
-744489
-473365
1356377
-928830
-697332
-867852
-659220
-637747
556231
2182080
705631
-534304
-491258
531656
867294
921016
271711
2924149
-1010575
-626115
1571342
1237290
-194373
1035931
56806
-474667
-1883642
-63872
385327
-370596
-869423
-502682
-1623993
-2336111
-1490715
-161121
-1059044
-104363
-668180
-687182
-738508
-905505
-208238
14233
-830835
-409168
558853
-161294
666519
-1044434
1174989
-1462156
-147336
-1108430
346507
-50408
744076
-1283119
634572
-225157
299109
538074
218640
1215364
817474
432598
2637916
446434
932811
687913
-716584
905008
452672
655540
585635
888826
-1539318
98383
-25656
991635
-1101022
1124446
-853616
16700
-134150
918887
421878
150659
-1060724
97447
-1447394
-2071378
145578
-272668
-955587
-1114200
1120841
-1469332
-69196
-951922
1764065
-388176
-422712
-877629
2113077
329354
393231
1434087
6389
-679545
1063159
1373845
1042099
1074187
1089955
943887
-240011
648583
1152535
629280
-1195109
974492
-371412
-273919
-972265
1142588
-2308690
-1023847
-320739
-227383
-238720
-583287
-848789
470387
-1968934
-408734
-568326
609163
-1677944
-183001
514491
-492013
-373912
-343342
262701
213393
-445339
-14433
388635
-853951
-737123
504886
-344951
247395
699765
-840684
1179075
-1389250
-763468
789561
-393067
148527
-544579
1200803
820909
-1092287
439646
1220374
-799036
771592
618970
299202
-1556749
796867
739137
-528695
-1048586
-434250
-637581
-329566
-907729
