#SpinCore Technologies, Inc.
#SF in MHz
#SW in Hz

[HEADER]
@CLASS=	RADIOPROCESSOR
@FIRMWARE= 3087
@SPINAPI= 20191127
@POINTS= 128
@SF= 21.670000
@SW= 127986.351562

[DATA]
-4480193
241846
-2928958
-2911874
-1769585
-3361634
-461645
-5490111
1198652
-3565839
4348307
-1396574
5497098
667621
2780789
1183349
1598324
3375653
1020178
4108151
-2553461
2893363
-2142032
556683
-3296770
791082
-1123378
-1527814
-2794687
-2756684
2187096
-2723879
1705376
-9982
852997
-554064
1517188
-645960
3061953
2553647
214889
1777444
-1882530
2440617
-1066067
-414673
-2739590
-103465
-2301177
-17774
-1280603
-3238920
1122925
-1000177
-59846
-1475355
1067716
-1656325
1772250
-933433
1780289
443210
1437747
41361
784405
57885
246637
1024798
-1781131
1008704
-495196
75845
-979
1137302
-1299969
-272680
-1478656
-581742
767146
115548
-33108
-661070
-612524
485919
5150
-635303
635812
-31999
685214
-231561
-982343
-167113
1363453
476171
-375630
82378
-506701
-591159
-683445
155761
418080
1134944
-1511180
-937908
-401877
-1205861
561872
-85859
120247
-430
-663161
-394802
1038110
28407
667316
1064861
423037
946542
-714733
-119055
-496446
584042
-1343535
1134716
-353321
-820890
-50383
-362305
117185
-275542
-640170
606932
180239
-943553
966571
334202
-1019134
537668
730333
-1393258
724787
-975373
28572
1458460
131018
-352902
-113203
417324
1276200
-962051
-2276058
1096594
-654089
185520
987452
428693
357217
643880
-1105843
-1907978
-116918
718612
1325
-190997
-311277
133043
289477
-2886646
1255971
270593
1956338
-1368882
-1221034
-90694
2111723
-883520
-273358
489032
-215318
-91293
-292701
-1158953
634538
1350748
350595
41479
427222
463438
675661
392256
-390122
595608
-707350
108268
-369257
-1103626
-358796
638712
-1890022
643777
-1482726
50680
519958
-1010082
-334631
147556
341589
-1017728
73721
-716729
905407
-66887
223334
196338
1219643
789757
1430860
-1184640
-725000
431651
1284295
-788006
-607088
1280434
767048
884968
648443
-225575
703725
-122652
-1891481
-643455
-47536
550370
-462866
1504618
887065
-265336
-265384
-1156248
-1629577
-1062376
-598240
198825
-2326402
-81750
1274043
-613194
871564
-1166480
-612401
-355622
358351
-635375
-76018
-683295
