#SpinCore Technologies, Inc.
#SF in MHz
#SW in Hz

[HEADER]
@CLASS=	RADIOPROCESSOR
@FIRMWARE= 3087
@SPINAPI= 20191127
@POINTS= 128
@SF= 21.670000
@SW= 127986.351562

[DATA]
17021413
137842
15013455
6965047
8256514
13944524
352460
16587435
-9375804
14721625
-14122387
7265747
-15602738
-1277894
-12925489
-8052393
-6757271
-12674548
2084118
-13762651
7228266
-10818536
11642679
-5846972
12117328
937899
9520293
7872856
4238780
11032052
-2732729
10218595
-5939230
7789373
-9605737
2960798
-8898011
-2237663
-7198105
-6453615
-2197239
-8961997
2391879
-8260208
5538501
-5095809
7037906
-2630979
7860449
989164
5381152
3578246
1781886
5325799
-879986
5169431
-1671638
3065256
-3458154
1915995
-4103285
-797633
-2798446
-1978724
-1029569
-2844728
545718
-3049360
2618450
-2961777
2690507
-906570
2233783
979409
1815979
1297094
2399969
1184369
-174198
2770651
-209859
2566732
-1127808
2255415
-313679
583720
-1428049
-110462
-1981260
-372546
-1825693
-1028145
-146851
-734622
-391122
-929160
355307
-1256279
187791
-1218806
1797698
98742
674241
522225
-185990
1110793
-647000
409284
-394296
1217883
-1338577
545506
-715671
-723594
-265632
-1467830
-627056
-814095
238898
-1571294
626252
-1037947
1028476
-1712176
902476
-721074
1525297
540429
897418
720513
811043
631188
-426973
761941
78660
896910
192278
1063084
310346
14201
-559936
160837
-911304
-490086
455420
83989
381393
512110
397988
-993722
-38775
16619
57354
853561
-55787
874518
315521
-290164
-667398
-11308
-692464
777441
-691264
142221
214115
-83198
-645666
-708518
-120939
-38087
-146194
110441
467025
81166
115096
-928724
-328156
-543022
-305250
-143861
226598
726692
569721
189757
-136406
-586128
-296901
204137
516093
-149645
497088
63475
288344
-1057659
343930
389814
-363116
559015
653476
365051
106578
-329366
495146
72633
393524
98493
-128112
-65319
390795
-75790
326604
33268
380730
-431925
203180
447963
9047
305234
-12278
379643
8680
600473
22548
-678197
109928
257129
-153181
288171
137809
34689
363967
-427720
159971
793156
-258405
232784
-320350
-492469
481644
-296504
-296473
369652
485013
-19693
-759749
-116881
212213
-252475
-203073
-185014
560384
-147916
70175
-323511
-12667
696210
