#SpinCore Technologies, Inc.
#SF in MHz
#SW in Hz

[HEADER]
@CLASS=	RADIOPROCESSOR
@FIRMWARE= 3087
@SPINAPI= 20191127
@POINTS= 128
@SF= 21.670000
@SW= 127986.351562

[DATA]
3498620
1539305
3951993
2291304
3835725
2898614
1336622
3492168
-2543623
2335164
-3312495
-46200
-2822273
440316
-2370691
-1152381
-2633054
-3346709
-585613
-4200772
1990081
-2470952
3520040
-1215040
564409
-1855880
1953444
2259448
720742
1634135
-1198098
1925771
-862274
-35634
-3090474
-479284
-1947934
-1124408
-866867
-1956598
-335960
-2710047
-47460
-3404389
21510
-860695
1749774
113211
2984137
-469028
1879574
-372587
203285
173061
-402788
1523345
-403325
369848
310739
-461234
-2296373
-188367
506237
-101389
-2413
-399535
830146
-1557967
-1245077
-725696
1451151
1646520
550534
-1349212
665946
134194
-162258
1092605
462876
2027036
-790325
45250
1676869
323188
-587177
496092
-1197124
1219009
449198
-1234939
2081501
483032
-649253
813019
-1827471
791033
794544
65820
779642
230607
-4617
75469
-469324
948087
200902
-383575
113702
2381727
819848
774387
-134427
-315762
-1553623
-228803
-437752
-337725
1647055
-614467
-748292
796386
143890
-277540
990059
12765
-48347
-101970
167934
-253797
-1630165
519240
88336
-1283938
1102536
1128065
-171138
568450
310294
999922
-554789
-541052
434266
-820016
-1175792
1969175
401047
595446
-7065
-334304
127673
-1718412
739849
-274645
742468
-132228
-683079
-198588
318405
-5652
-1281055
1046287
-432950
462576
397750
477064
-1320523
-534659
-1024103
-142386
-212798
-286586
-179462
-130791
715920
-1773009
-646838
-76421
247674
-58765
134252
-47997
1440840
-992586
-162354
-1341331
-210487
-225962
-197371
872552
932268
-154062
9336
17668
-651083
-262452
891790
-112377
44274
534920
1689575
225837
-387455
381670
160555
105035
1133805
1271463
1189096
107277
352198
1015801
42569
198513
-542355
565896
1062304
242350
-72428
697583
-362412
-969815
454587
855599
149248
1344936
35968
-29652
28846
-603728
-1410345
-110210
658993
15063
825267
-613976
1066316
396617
-450558
-423416
610105
836811
-244140
170769
-813733
198215
-1486861
-345193
-485681
993584
-615532
57401
111143
97870
28081
-650575
-1481366
430563
