#SpinCore Technologies, Inc.
#SF in MHz
#SW in Hz

[HEADER]
@CLASS=	RADIOPROCESSOR
@FIRMWARE= 3087
@SPINAPI= 20191127
@POINTS= 128
@SF= 21.670000
@SW= 127986.351562

[DATA]
9725
-1368036
811564
498123
129367
1198912
419840
1053894
58727
-92276
-966308
-63505
-1462252
-1182822
-262317
-1011548
-1162556
-841467
-850980
-1761368
516830
-2807228
2578110
-1196699
952656
1111249
657148
-298861
2582679
297799
1165548
210747
751716
2051903
76665
329547
318864
292258
-1477732
602712
491069
568696
-266668
-231028
633592
269129
463821
1030554
-428867
1408888
804442
-340706
610861
1419476
-1036119
1400279
-695379
-469921
-71465
337232
-1027791
-109868
-2405164
-771694
426135
-793700
-806237
-1346697
-2056813
-1130672
-2405531
-1334433
282197
-1659460
1305275
957704
-205907
-1002092
-751396
-1982716
431962
-915916
-987221
-1441608
1799927
-550094
1509942
-492143
574592
-848706
895407
-972148
1413400
120428
1442550
-456849
-303316
-536052
602933
-650210
297922
1380538
216166
577503
1256830
132825
-68054
-410411
1014182
1541186
-109143
645707
-732623
879495
896112
-399958
-818811
1380672
-754666
40500
-1242086
85766
557900
613367
-1384150
424814
-1365142
-1813180
626767
374076
-1598228
-340865
-202751
586752
-500608
-1067700
129016
511382
-565081
-681291
424861
211856
88716
-159512
-887945
168049
-500275
-1150346
1038229
21117
740649
-531858
-728420
-610448
549738
344476
-79401
-1175281
301238
-577785
-97131
-1011695
183044
625243
-928678
-159426
127042
185295
736755
-2267077
1278261
-474642
933679
275353
126550
342586
321125
-2021001
420355
405037
980349
-31149
-1163909
-1629203
1949170
279037
482601
1729139
-1699520
57415
-929700
-9589
1073652
-54794
442392
705594
-864086
951596
949574
98862
1410539
348284
-444538
-460113
-587944
27747
-324166
332735
-458674
619418
-800095
406419
-632283
306839
-798758
748158
-1261401
642231
-581447
-921878
827320
1648
-1605674
-1136357
-1935189
-214500
-863411
-504157
1164114
-927474
-325784
-110857
-1095569
-761528
529469
-1054187
979922
416068
131978
104275
-513433
-591112
896685
-624886
1475446
2036807
-17804
1081350
-916063
-702027
1463761
-404947
856169
3130025
-1127204
783783
