#SpinCore Technologies, Inc.
#SF in MHz
#SW in Hz

[HEADER]
@CLASS=	RADIOPROCESSOR
@FIRMWARE= 3087
@SPINAPI= 20191127
@POINTS= 128
@SF= 21.670000
@SW= 127986.351562

[DATA]
-4817613
1626997
-5778562
-246585
-3845147
-3472549
-1729704
-2995222
-601944
-3592314
1303583
-2803561
3368676
-3299496
3457325
1024345
2669303
3506179
501696
3695264
284764
2671659
-2357993
4261619
-3690596
2257045
-4825098
1029975
-2732226
-1463667
-3054418
-893247
-1277153
-2058522
440766
-2641566
2331619
-3296757
1542340
-640407
2135911
790306
1247384
1883970
1846513
2088656
-416032
564538
-1676028
2030917
-1411089
2222422
-1440683
-245996
-1403587
-1367872
-939860
181716
-1033100
-2061973
1227481
-1502224
1332580
-521746
1848517
-393232
167704
-510466
1658426
134591
1507082
1947566
-440923
-393454
-2132001
20421
485775
1079187
-427118
2447820
-545145
-2300734
-570713
-135860
519488
421352
-351860
1227486
838064
-1346410
1060645
-416167
498118
-1155277
-500765
1218024
-669801
-68854
544490
498761
380488
540326
-1498434
533126
243297
690914
883974
615674
-690487
89416
-916812
-370102
-954792
634977
-689063
1346772
-100771
-73424
-1789975
-628177
299216
-652659
639316
-53266
62252
-1394607
-1628772
-87855
160138
701467
-992220
753089
287469
-267288
-963569
286238
235909
-174270
-1293963
347519
125284
-1295581
-231050
-901029
550680
-181175
764682
608423
852609
-1079848
-116343
-53487
1071703
701081
38753
25624
-125802
-1315164
-367857
-2102963
-214176
458270
182587
739161
851518
-1633187
174568
50111
938580
1105907
141735
1008819
-196809
-528417
71376
-682653
551671
30809
-455367
1167714
-1540835
-914206
190988
-654817
114397
-1153134
-854566
-102751
-69065
-1423457
1292745
-1232472
855703
-445561
-748420
392028
33798
-805440
973666
41687
864766
-477694
-533843
275003
600620
296058
735972
-93974
-718740
143034
263336
732588
-100744
597529
1832541
133296
-324644
342679
-1304082
-317473
-358811
-55380
431804
321307
551553
-77471
-833126
152581
-551905
338843
-132248
1268367
-335770
1544380
-303640
-829058
-603398
630760
-165674
1361345
687822
1700171
-448538
-236229
-568167
747596
-46057
316537
866031
1703264
-1239294
-648819
405112
-933439
-72424
327031
