#SpinCore Technologies, Inc.
#SF in MHz
#SW in Hz

[HEADER]
@CLASS=	RADIOPROCESSOR
@FIRMWARE= 3087
@SPINAPI= 20191127
@POINTS= 128
@SF= 21.670000
@SW= 127986.351562

[DATA]
16869525
-2451188
15440063
6130617
9205220
13921495
2471010
15345936
-6520337
13616330
-12502160
8833103
-15168536
449121
-12485775
-6472416
-6869879
-12704786
-40675
-13478468
6846437
-12743127
11831728
-6721219
12067443
254187
9829400
6378820
7292481
9904287
-439068
11897931
-5804663
9755260
-9243474
4989439
-8450161
660725
-8865893
-5166409
-4038905
-7573191
235511
-7898371
3836051
-6062545
5144287
-2703561
6634118
-897928
5185170
2442616
2457098
5474471
9811
5316193
-959891
3917860
-3714006
1683388
-5164886
638333
-3464345
-2514609
-1603187
-2376104
-387246
-3125815
1097563
-3426819
1733253
-2550680
2627569
-90229
2238285
270394
1996091
693803
1951852
1837030
-301789
1860679
-821863
1760458
-990729
1905119
-1680927
1247129
-1408177
-520656
-1376633
-429156
-674609
-805148
-630146
-661426
277796
-1019195
-55593
-1127009
1585722
-1049549
687167
-341008
441426
-3062
1296339
1205446
537329
1234609
-605713
559332
-907473
640717
-513283
363928
-760789
-105771
-293015
-854243
-261057
-724966
-499006
-306340
518181
-459476
1166569
-524408
1095435
82306
895437
780445
280191
1110679
614085
1182509
741898
1291675
-860318
327184
-670978
616563
-432716
-306922
-740934
242604
-153286
-449537
235508
-342803
150297
-263528
-442463
-513217
332291
-526724
707365
61235
624928
-302706
-131448
-169134
-401239
21852
59389
-194368
335117
367096
187095
-192446
323927
-427122
18699
79277
262774
61555
416923
156041
190215
1013963
204898
-218757
-856330
21690
459878
931417
-135660
835315
580947
683018
28675
-710710
-373480
262248
-136299
525831
-128013
448472
881911
-201821
-969509
-738557
-136438
-200830
-7093
532535
281478
518704
944274
-873246
73567
-547612
-802584
963188
-296340
775115
828355
-96238
292638
-860904
-306104
242190
-138824
218928
117319
461095
395512
484347
-109300
-401305
-423035
-416575
-637076
935785
-668223
148860
573525
137015
418606
132825
-583048
-392838
-143485
-304727
501409
250116
82879
222412
141790
-1204042
-578849
-192758
-243854
134560
-351880
365519
