#SpinCore Technologies, Inc.
#SF in MHz
#SW in Hz

[HEADER]
@CLASS=	RADIOPROCESSOR
@FIRMWARE= 3087
@SPINAPI= 20191127
@POINTS= 128
@SF= 21.670000
@SW= 127986.351562

[DATA]
5166823
-791700
5030503
2417162
3890168
3939177
1740784
5911575
-190550
3719240
-4894443
3620412
-3015849
71664
-4371019
-1367624
-2527868
-3663569
-3464666
-4625113
2225050
-4014374
3055934
-2155807
4593963
-109906
3846069
741667
1990471
2897091
983396
2878411
-817235
3570677
-3488350
1670369
-3512831
1518047
-2931488
-372539
-2753700
-642510
-956860
-2287205
244966
-2461853
-16269
-2911876
2348185
-437633
2946087
-1386409
1226339
2342430
79411
485908
-102549
1344686
161552
1283998
-1092964
1020439
-2435547
-1282090
-1507486
-623726
-586008
-1796599
-490840
-793221
-588700
-1935815
314351
-1043242
1819393
-686026
1277863
441191
1055199
1182755
373046
-321430
900743
921038
128617
442320
238169
774795
1164270
-586364
192607
172322
541748
-68321
789574
1278003
-1304890
-1062272
-569517
333168
-210560
-38872
935409
-39117
1220791
988001
-382844
1031314
513941
-42773
-530753
1022848
747172
664041
-867475
1347376
720717
-183080
-1068809
-350722
159304
768305
-1724191
663735
-71784
-1218869
-1609562
-1661610
-237377
482906
-883839
-128207
878871
-254674
854353
-1677344
34775
163468
-1049633
-1085738
-219235
1495122
315535
51906
1228056
-89260
-904199
-1188596
-66492
-258960
763845
-389106
3482268
-603679
-808798
-1069936
433239
816145
277630
-1277129
1020283
1473963
-284340
186673
-431524
600871
535500
-822276
1388976
1056823
41265
-1301043
157352
677299
-301985
61474
-3572
2573595
534066
-918551
583386
1080736
774559
-534314
-1362945
364949
941292
237331
430092
695484
-625975
-770836
-1468854
-993779
766277
762108
-976327
-215366
-517517
-715834
-861772
341745
-264181
810170
-385306
374744
-424127
896868
-97249
-421303
66689
-315966
-716003
129977
-688242
782529
308300
8247
236934
-157072
-1994293
146006
-1648076
-349784
1264580
692248
650613
1407833
-1219165
-1812007
-2141964
-714802
1434866
425095
1448548
1232489
-411073
-489045
-799637
-1147193
295861
604382
-25487
1073173
1382030
-634157
655806
-1868431
546422
-889700
426605
806612
61998
-1427098
1570944
510123
