#SpinCore Technologies, Inc.
#SF in MHz
#SW in Hz

[HEADER]
@CLASS=	RADIOPROCESSOR
@FIRMWARE= 3087
@SPINAPI= 20191127
@POINTS= 128
@SF= 21.670000
@SW= 127986.351562

[DATA]
858522
-582010
1886393
1116187
1318481
274913
444400
886677
-767847
712288
-1208715
2431008
-1386984
1771797
-188413
782174
505573
-926140
-1107077
-1114324
-436468
412832
-541219
-676033
1298175
-149090
41815
-467871
1139354
-128877
-639655
102828
668926
1555846
-486783
204531
-361456
-538906
-623690
-233095
-480884
-545508
227178
-514185
337806
-834163
92519
937295
641267
587967
1050888
765332
110958
1264621
-249163
450185
-678082
-90100
-9898
616541
-143188
-551071
-331293
-391318
-723343
-2070681
-937643
526509
662631
734555
-378133
-1719060
31578
-1773178
-1846618
55154
313711
1091558
124707
-838587
591659
835609
-570585
266836
-654925
1056376
250159
202034
1038298
1005546
-589152
-796217
-497874
11859
677921
906291
-423873
681753
-403929
-298424
-338237
402060
466205
751472
-306889
1850977
1326098
-297088
39869
-616017
-1966269
-166832
-1422559
1687790
1171202
1607115
1177843
7780
218446
-634140
-1649048
631016
-229361
-252037
1336432
633158
208977
-877529
-2967717
160059
-1395108
-832083
129251
-607902
1129813
25461
-1727718
-794544
338521
-254999
-1622018
-13355
-112501
-713260
-890189
348955
-245708
-1213829
-439090
-247590
68716
-376674
-404876
-1359490
707859
-365069
-1065549
-188696
1615374
-290862
395088
-418954
-162610
-733677
194714
-1868076
317821
30654
700316
-633952
-498810
-862779
-385053
205859
2117369
324316
-435458
902101
451296
-513678
1100029
259459
1191917
1286572
-1935353
827886
447177
-830181
2095128
802805
26414
1271213
-1580666
-116154
653828
874726
418279
296526
-483059
852735
-968084
-222956
18756
-657420
107280
1215412
-1197113
-129158
-245782
-914354
-13699
-1045376
-546887
304274
-979383
-122593
577978
-1054869
-176430
425316
-544207
12038
-517331
815969
281377
715858
808476
1010607
139040
250508
-1250668
-560075
-485492
546549
-151023
-2092309
-155758
-517915
-334432
396330
-474125
-586633
294622
-29236
101013
-809343
268727
354983
-1449846
-807958
-139919
-635508
916047
731388
-150741
948721
