#SpinCore Technologies, Inc.
#SF in MHz
#SW in Hz

[HEADER]
@CLASS=	RADIOPROCESSOR
@FIRMWARE= 3087
@SPINAPI= 20191127
@POINTS= 128
@SF= 21.670000
@SW= 127986.351562

[DATA]
17206008
-1457378
15063838
6997346
9914544
14161932
1129337
16463920
-8053994
14491493
-13565762
8003373
-15969551
-51426
-12257328
-7773123
-7940576
-12876591
258910
-14940711
7354902
-11540895
13102405
-6149844
12600503
670824
10143952
6799321
5746494
11959127
-1268567
10959473
-5980388
9247612
-10066794
3042176
-9778926
-1535876
-7104182
-5201444
-2694464
-8653771
1390967
-9044306
5012417
-6874809
6622135
-2219339
7301663
-181276
5686826
3789991
2127604
5308171
-704074
5523400
-2573200
3530950
-3139900
2059238
-4387715
9480
-3116751
-2508419
-2006172
-2348722
680791
-3115942
1628451
-1839263
1851922
-1899347
2808202
-164756
1821842
383338
1444729
1947686
41784
2543909
99135
1982947
-454469
1878660
-1686215
97249
-1679235
852027
-2044061
-960074
-219684
-407005
-243796
-1434466
85427
-1171188
196533
-1666086
1792303
-871927
361896
532190
540032
96309
678078
523217
7533
632693
-754319
1805576
-1399573
68974
-887873
-27409
-1105372
517
-519801
-435570
-1044174
-1194258
623463
-1177638
50448
-646014
723839
-891234
727270
149001
779801
-316804
828152
1097439
60191
50698
281405
762039
-506917
156386
93334
421363
-1224513
-905764
102969
-394308
-459547
-107921
-213047
-253974
567158
-911084
762874
-498616
632876
-240187
52920
962402
561205
-517631
-618659
463655
528013
770991
-777075
162640
1005378
-588434
370164
429167
457663
-694755
-854552
-234019
563314
-1345795
826916
-135762
24954
-186165
-366484
-238631
1100587
-175450
188725
-213805
-276320
1356802
-707641
-621495
621613
352477
-585972
-438862
240999
1127576
183639
-720141
1039592
693744
-260693
-62665
-352946
635035
-493184
-213156
896985
945919
-698197
686310
8904
-250427
-628670
-47412
500163
176783
-225856
723841
-212815
-721448
129553
-617407
-562077
793605
-362858
540270
-267573
-545117
656238
-783184
-377304
1047734
-723611
-520620
407500
321235
-369029
-466256
-570897
1228070
-540619
-958045
787120
40927
685485
-403517
211235
-177025
-978099
215789
750702
-448197
274949
593445
-483038
-571957
-39625
-1051338
