#SpinCore Technologies, Inc.
#SF in MHz
#SW in Hz

[HEADER]
@CLASS=	RADIOPROCESSOR
@FIRMWARE= 3087
@SPINAPI= 20191127
@POINTS= 128
@SF= 21.670000
@SW= 127986.351562

[DATA]
-6980056
1515824
-5370356
-692960
-4260414
-3753916
585120
-4611282
835269
-4640462
1820062
-3089315
4474330
-193237
3801827
4575605
1371606
3629046
-1007877
3254380
-2820428
3559517
-3883963
3125799
-4722576
-535689
-4697478
-2263548
-854770
-4793181
121562
-1908301
3137648
-3565426
1212202
-1254474
2336435
-750843
3110803
2503855
671240
2037331
-752501
1687866
-1857441
1569005
-1534526
1433047
-2075633
1417451
-2026456
-3154538
-582403
-1552668
491853
-2042794
486235
-395270
2141590
-1575527
1620753
-38141
1071709
-1128460
1648583
852836
657920
1059363
503922
-569800
686601
779085
512378
432352
1201013
-511873
-1036975
-352781
-381696
422150
-523822
-432806
1550407
1066479
438399
92380
1640573
679615
-247787
426538
1562957
1962909
-51485
1172544
387265
744352
-508965
-953841
1135263
1961996
-803306
1202039
-232811
591252
-791498
-1397763
-1195417
1394941
-1520923
-957974
-9762
283033
1119863
-495905
-810843
1527401
-120984
521145
816685
48831
-237302
-561335
-296107
679926
-1579486
16772
-868014
243139
-1527044
-2161200
-151775
-171070
-1630051
-769801
-105889
681904
-443785
-1436042
265749
-150955
-1204289
-673744
-569851
653931
4580
-1340705
-217874
-579561
-2652858
-925318
-178063
221154
-745810
-389800
1098316
-191845
-247438
-670706
197872
-432599
-162754
-991326
1246076
-717486
-29549
-1156996
1089448
-547159
-1286611
1076133
1787461
1083252
-594314
-1519193
1587963
-1730971
908507
141663
1445488
1315910
-915183
-380207
-164681
60663
1413096
-1117542
798994
1936780
-487028
1055640
1785582
505725
1648587
488322
1026553
1762951
-813220
-299674
983692
1989602
733941
699929
-562726
1766452
99021
103991
-869695
646242
-383046
575185
-317903
364297
-1023630
457252
-993848
1211390
677867
195909
32088
742876
102666
459804
-1736370
-1477775
908351
1216479
-711692
683726
-137591
-1097183
-1638014
-462143
-1109316
1684831
-677522
897659
-206633
-1136034
-880074
-1308516
-328370
-283379
-57663
310766
-348791
-1197346
-371802
-2174967
-122194
-389321
-300862
-1076399
-226052
-9573
-291770
-1865324
