#SpinCore Technologies, Inc.
#SF in MHz
#SW in Hz

[HEADER]
@CLASS=	RADIOPROCESSOR
@FIRMWARE= 3087
@SPINAPI= 20191127
@POINTS= 128
@SF= 21.670000
@SW= 127986.351562

[DATA]
6062047
-1331422
4759789
1280875
5415437
2501516
2901988
4488806
-2033466
6325964
-4216722
3327948
-3478313
35808
-4143958
-3513475
-3206231
-4336253
-207112
-5119608
4561420
-5775056
3796667
-2624992
5592398
-363906
5126835
1359945
5691154
4140701
2211133
3957402
-1703805
3339896
-1769691
2869565
-1121587
1908189
-2244455
-1592898
-1717404
-2058986
-332096
-2320998
2361761
-2198520
3147048
-495209
2688332
-1210861
1818646
1056139
3384864
2162209
1574760
3269100
-61637
1985897
-1166028
2329139
-790431
904501
536747
1699171
-322544
-1743860
-2450517
-47499
754266
498687
363981
710234
961087
-1567995
-1226297
1860697
1043544
1433288
-1028396
1452369
959923
1676994
-715928
711705
-325566
1452377
-2001400
863161
72669
682194
-739156
123040
-200116
-459123
-1708127
-309945
539495
12518
418766
-1258558
-2134372
1590965
-678608
623852
-69928
350242
661667
1945857
-1032458
1346813
-878179
-641164
-705231
844528
848341
-873230
-2268619
-813603
-2141071
-818741
-2343279
442198
610592
295503
-337711
-1040325
-486705
-2014655
-438905
-86567
310368
789443
1292416
-595087
1162109
-664564
-1117667
-2047036
-2555322
1022743
-241012
278208
30524
-459945
-26861
-1516188
-919375
1452376
937973
-768901
366973
585405
285935
-1294694
316842
226100
656106
1092635
1095081
389594
998105
-476490
-1300787
279648
-35778
1639452
-1629561
-270575
-808763
-91690
-1507099
-1098035
-977580
2264792
-296131
-941848
2158084
1063637
-1703975
331436
-595132
-585560
-13569
-1399676
1876053
-44651
-1537232
-704094
-1715423
-289507
1000954
-627074
832778
1144233
-1390539
459924
-1382247
853475
2622557
-605466
483480
-199901
-319123
-346093
-1872232
-1138111
1938097
-1564808
278099
355144
-571332
718541
-1076035
-2174454
453617
72407
-62100
-78061
571648
86698
1144395
-1319146
-201787
-257525
787284
1252123
-510285
-176287
703115
240435
970288
235734
-465704
-190640
238493
-410833
2150838
1719131
797806
-687433
-675777
778987
-1232483
158790
-655185
447263
953494
528892
-1245026
53205
146307
628173
1300943
1309168
2022027
-1223482
