#SpinCore Technologies, Inc.
#SF in MHz
#SW in Hz

[HEADER]
@CLASS=	RADIOPROCESSOR
@FIRMWARE= 3087
@SPINAPI= 20191127
@POINTS= 128
@SF= 21.670000
@SW= 127986.351562

[DATA]
-4930089
1788641
-6449257
-2097677
-4403633
-2996768
-1497388
-5644525
1250713
-6546481
3609547
-3543916
2551351
-898959
5093631
548172
5001639
2570942
1344368
3432028
-1114336
5719738
-3062026
3481106
-4615553
1655347
-4724677
540060
-4345987
-993325
-2919842
-2875462
-2487443
-3748865
1084695
-3444723
3304899
-3241691
3647217
-311141
2529956
-91237
1303929
1558571
1878670
3150560
-19661
1510011
-2172908
1215125
-2437292
1458624
-2233891
698757
-894332
-289097
-13866
-1590767
-259498
-753442
-1156060
-771457
2642214
-3099199
2205249
-665205
922742
431699
-1170518
1092038
1264277
74700
-226253
397407
-1296742
1297812
-1674363
286716
-124452
1643316
-287843
-149207
-520553
-682985
-833374
-1764763
853132
-1498876
-75578
-245358
404807
-450550
678918
-1202030
6751
227702
-502368
-959086
-398837
1004217
-1021234
-9083
678572
62322
326498
-667235
-233303
-98711
-1586935
-563451
1357544
1706303
-432771
-520125
-100740
-434616
1243284
1005232
400316
829129
1511157
171824
1763285
-101822
-38779
836849
-370191
1321563
-649909
85945
1093669
235179
379490
873431
-2126631
462303
-332736
948173
-229496
-468468
-1071597
-707697
-1726735
-1213344
160360
-187690
228430
1159600
275524
-1464168
1046687
-1802710
-452264
-990003
-52248
178998
-298781
212006
1888038
-548792
563889
550140
-367083
444850
88947
-945431
1704834
1495945
589561
-687939
108850
-11813
1519665
-1758872
499519
847531
755459
659445
-141737
-185681
1164981
1256468
-1007616
751715
953575
666411
-731774
1215645
620855
737235
-506271
252613
-1894240
-374739
149839
-1374902
-452512
52069
-254609
-195100
-1578781
-800322
-261109
162570
-372395
912301
339718
373005
-580233
-1771217
-287317
105509
-1010775
-694392
990725
-376125
100584
-1122105
-111830
-518017
-551486
-1112213
-549677
536150
1257854
-866264
325965
-123356
833082
-591569
-288961
-137318
358310
31859
-444097
165003
724919
544007
-990128
-743738
69409
1944701
922372
1101708
852587
1001445
-93452
-721423
-942685
1371041
270722
-35989
737006
680298
-991634
1621242
