#SpinCore Technologies, Inc.
#SF in MHz
#SW in Hz

[HEADER]
@CLASS=	RADIOPROCESSOR
@FIRMWARE= 3087
@SPINAPI= 20191127
@POINTS= 128
@SF= 21.670000
@SW= 127986.351562

[DATA]
5277236
-737983
5260726
1197012
2845108
5184667
289665
5370447
-2306210
5325018
-4890985
2251118
-5910653
-788777
-3717714
-767254
-2640222
-3868760
1119998
-4772012
3085193
-3324507
4585734
-142663
2974821
-815688
4825793
1473727
634999
4265164
-962752
4177184
-1163492
2086775
-2878524
1880764
-5247402
-431538
-2672347
-1755952
-105009
-2964501
-312971
-1092721
1073715
-2825454
3320044
-1141678
2240201
-435931
1135819
1091118
389315
796537
-1052424
3005449
466550
1865040
-1250290
-115009
683594
-339986
-2127909
261562
-686166
-628324
56734
-1001829
1462984
-280458
-2151406
-399503
501875
571545
946777
-594971
372125
2918729
421207
-65636
-527488
566026
-1718523
1564767
-2142273
1028168
-390525
-1315073
-405532
-1885201
478672
-392729
-73940
-1171352
-172679
-1029520
1778084
-96128
177173
1510177
1066167
-1029664
2294531
-2064700
2245638
695857
291159
255443
819696
1166300
198163
152555
-885393
2571331
-795229
-376155
-811919
750216
251993
2795165
637958
-754910
484944
-732727
-58497
787155
-1105533
1604383
-257040
-1394627
2101531
-945237
-599966
819598
-660944
858839
147443
-1042163
870094
-717415
147558
396750
-409592
-1818085
1695134
-979107
675090
-572386
-766393
-620129
611075
-988957
1389468
1798363
-650188
409455
272342
313903
879187
257894
164411
2951591
2358
422559
-1201044
663928
-610960
713731
-1603200
805638
-1036065
-875551
18732
-287435
-928271
665944
-356348
-1240924
-568605
-768323
-1092542
-450110
-1259098
-1590542
20564
-1066537
-863152
-1341147
-930073
-822532
-165476
-643892
729907
-913994
1180720
-1281610
544305
825250
-55038
-1073018
177602
1731108
1048946
433179
2483043
828958
79641
985078
802186
-66315
-232469
1258885
196394
651483
-408068
1323288
-795347
565061
-325305
-397515
-1109551
738813
-149816
1415301
-2445067
-1212534
-1542094
-969537
-134128
6138
341046
-288048
834496
-1847835
436110
-1112873
-363382
-1974915
816268
-1030177
2378515
184679
1213073
690590
495280
-148102
-462001
-583041
1535083
588417
916116
1045420
225414
738058
630129
444156
