#SpinCore Technologies, Inc.
#SF in MHz
#SW in Hz

[HEADER]
@CLASS=	RADIOPROCESSOR
@FIRMWARE= 3087
@SPINAPI= 20191127
@POINTS= 128
@SF= 21.670000
@SW= 127986.351562

[DATA]
-1917128
-648047
594663
168607
-301411
939109
-39972
418373
-1256108
-119161
1172985
-2139061
-2560287
286694
-7562
1248450
-924560
-723925
490071
589788
573998
-1616969
-906234
-988261
147984
1349137
1631585
535585
58282
-882649
955917
-111118
169014
-468308
-1496926
711516
250007
-158257
-162232
-289321
526242
-142901
-1436850
-761913
743372
-276554
-431039
314343
1419657
1582544
-324388
-544976
921408
2272197
-765883
-1014326
-1458243
1081336
620977
-1484249
-1347095
1556305
699580
-759586
-1466188
31712
527017
-1860520
-1812244
589186
-277710
1544686
-414394
-2280051
493744
1368924
-622688
-2350211
-690236
145692
521358
-78712
241017
513453
-804991
-567084
696797
-509284
-791495
-64200
-2399382
-768742
897564
641023
1608775
235054
530539
1169359
1278339
-1481854
10966
852651
-8444
983399
1263144
744031
-393392
423505
-412308
-340733
-747396
-2334464
465686
1181882
-66114
-118222
-547878
-203541
829499
474599
814021
447796
108094
-563141
-551293
-317710
25861
247706
493386
1016588
-837101
401029
-573313
-1049870
-587389
752041
377834
748756
-325517
-18711
739969
266291
-1819827
1077688
-580195
265068
-1843681
-5175
1564057
768053
-2420537
-2228178
-45386
-148365
-657576
-171265
539696
2061735
1040451
-1390728
-613414
-759911
1007488
-207996
-1224378
613644
1391103
-100037
1430201
-56268
1952483
-927780
-1177315
-503512
115687
1101169
311651
-34745
-1158777
498214
1053838
338058
-441719
-439975
502953
1510378
-199498
100627
579382
-200776
-945955
-1005137
-427206
-168037
-904746
374600
-491648
1668159
692350
-1644987
-559554
-998384
1353679
497029
435504
-932893
532484
588066
1463019
-780361
1060814
1824
837842
-837921
879442
1329957
-169907
195316
-1596643
1788061
762543
-881777
-794760
815638
-1441247
1092586
-1154025
703280
-866500
307470
-1158010
-677677
-2644038
35061
-897907
-98152
-1138882
79277
274633
-1470149
804087
708552
1300162
-961562
-1686275
-2323204
2135438
263345
625111
-473310
140561
18067
1028146
-1708976
774715
478704
