#SpinCore Technologies, Inc.
#SF in MHz
#SW in Hz

[HEADER]
@CLASS=	RADIOPROCESSOR
@FIRMWARE= 3087
@SPINAPI= 20191127
@POINTS= 128
@SF= 21.670000
@SW= 127986.351562

[DATA]
5474628
-1959107
7026558
754623
5364082
3525353
1669908
4776445
91907
5918953
-3740237
5708587
-4654957
3152257
-5801710
-1712893
-4543262
-2666205
-2662101
-5553361
-1136623
-5232754
2173872
-6465374
3170206
-3123746
4887377
-1575459
3369752
838302
3514196
1653687
1370912
2964713
-508233
3414407
-3128358
2657130
-3519006
849826
-2067823
-687219
-2717041
-1284192
-553359
-2976662
1031140
-3494804
-360965
-2142087
1040143
-1193444
1851819
-806227
2117414
623506
1724996
1115162
716973
3012128
421883
224137
-621082
691355
-1498708
-1035460
-620601
119655
59772
-377498
-77096
-1868919
-1735481
-1597904
399187
-240680
670491
-857133
1172754
-1486296
1971527
-25113
367304
633769
542294
-284236
1409216
-568480
1752920
430989
-285066
1641363
932025
-239868
264921
60264
1331903
-202752
363019
2325952
-124157
-334391
1204130
-879077
-8131
163571
-238205
80521
239317
-883591
2423595
-711717
589864
-119999
-35985
877427
366308
832834
1542389
1438388
20808
259052
-293187
901411
-997264
620035
1342981
-382446
-261847
76209
-1153462
994217
134717
859340
383708
238826
-106617
400217
-371070
-214671
-52776
1160063
-381273
984626
232292
502208
-544831
1672493
-427589
-49190
-1942846
732109
17206
-109425
-906795
174970
-289174
-864739
-1039727
-35418
1973294
119886
591044
262172
323552
-1043608
-2057598
481424
-1571206
-1028058
-119259
22750
-113698
22263
-1472116
615397
-444590
-1409063
-83438
-1089212
102447
-1345072
-1490461
1347412
-7350
-842914
217481
-226233
-271978
-899550
391346
-455384
584395
-1331714
-1004895
-2165211
-282682
-1434236
258863
-782722
-262512
-1539097
-75986
1122654
-724667
-705932
1533026
-67434
-176894
-296764
192703
-375545
1183381
-904427
766932
658599
1176000
-2091437
586488
-2086214
928978
-1087875
334936
372591
-84215
-773626
-939667
-1322779
-199480
-672353
716431
753956
236582
-62045
-362300
538362
460800
-319098
182442
1036218
988901
-982425
-115360
-347290
1164557
6011
362898
-152181
1622303
1718574
520436
-128844
378745
-705981
15695
683171
