#SpinCore Technologies, Inc.
#SF in MHz
#SW in Hz

[HEADER]
@CLASS=	RADIOPROCESSOR
@FIRMWARE= 3087
@SPINAPI= 20191127
@POINTS= 128
@SF= 21.670000
@SW= 127986.351562

[DATA]
17004627
-2471121
16987062
6375849
11842719
14399808
2592139
18174328
-5942079
15159183
-12879209
10599709
-16213586
2610152
-15193050
-6519011
-9185987
-11863915
-2177544
-14382738
6094706
-14227508
11321396
-8590333
12353688
-1093578
11032199
4798662
8110903
10417308
1925566
12182243
-4557291
9351133
-7901052
5577527
-11100207
2342936
-9482326
-4047097
-4802948
-7097497
-232348
-9229301
2244425
-8366489
6316193
-4403021
6673425
-1384282
7005247
2628923
4719007
3714925
2169968
5129197
-1926117
5258113
-3393393
3900338
-4691495
1951289
-4903017
339047
-3074125
-2869796
-2822172
-4150632
189213
-3048967
1256407
-2936936
2660389
-1227152
3495567
-882828
2953992
4579
1377589
2063364
875792
2102316
315304
2617844
-618438
1268824
-977014
1188306
-1961778
234366
-2613193
202549
-925892
-477876
-1274335
-1217583
-211427
-1935952
332925
-1223679
467799
-28205
1076160
-776851
1210748
83901
1640376
729221
372599
638007
-41361
380492
-1005661
1708427
-918908
1707855
-2047776
57438
-536088
-55474
-454534
-1248422
-1146946
-983745
249143
-847653
23209
411563
694532
-884032
1186399
-136994
748291
317494
-420902
343032
144165
961282
85364
924014
288273
51852
-235110
-813712
-1290338
235177
-306527
-226918
110370
-306241
725131
-541425
-144284
-892311
505036
-743632
18190
362370
893515
656670
175951
-402224
557468
586923
-138371
247084
-313427
-41130
78729
630175
444386
-420727
-485710
-109734
824122
-614790
-481124
-582658
-670472
-378442
244025
503862
832991
-140041
721817
621443
707413
-511815
20872
-523393
451479
-7188
-491851
432348
522349
-161199
981142
176646
114685
-60188
-450118
-817136
-330331
565456
34936
-86806
-1049422
18000
513232
-601105
-400603
-170511
-254548
203106
-405518
-1079151
593070
-220731
-41025
133792
314179
456972
-317873
-429772
328649
1235058
-482698
974938
-667524
109434
1186527
500273
-675319
-751443
-749239
-13857
370168
235108
-781847
178434
384828
-111889
344445
-592071
-268599
795931
77827
-341448
70427
-31287
428650
104412
116856
260396
486609
-1025167
