#SpinCore Technologies, Inc.
#SF in MHz
#SW in Hz

[HEADER]
@CLASS=	RADIOPROCESSOR
@FIRMWARE= 3087
@SPINAPI= 20191127
@POINTS= 128
@SF= 21.670000
@SW= 127986.351562

[DATA]
93662
-759561
-307913
-1094143
-865770
-2005979
24851
-1217481
1034774
-485090
1680040
77243
1952757
-414711
411570
805650
-1081053
430850
-1067480
113189
969165
2653390
-1064316
616852
-405054
-1123507
-22252
-276731
-977351
-718143
192902
-778964
878162
-100878
-495545
1164783
794559
-1054455
-264790
702385
-1944194
1242513
-194375
-1518096
798831
1187090
410571
-1163786
572395
-1847789
1798533
-1423929
-335297
267565
1466025
-723039
562202
1674847
473499
1844783
687586
-1388512
205438
897883
-979848
-76489
-1670198
-413958
-359975
1326757
-51860
-578376
465947
-1547941
106365
-706742
-603251
180251
-71199
374681
384079
973529
13585
946768
-1389655
-93263
-616551
-1836784
-253681
324046
-1505730
-347933
137243
-580638
938315
1864100
86610
-475
1527716
-2934944
1218643
-200996
-1089281
540301
-910272
-20442
677763
1138786
-450081
835008
756957
-281990
-58051
-788768
-2330786
634591
1150810
-1252066
361186
-396664
896592
-151919
1238808
-1794642
1676823
1520547
-1905517
-1589764
-90365
41438
1783752
600800
-542225
239943
-517917
-625193
-408136
951818
-2010699
599659
-764524
-1048307
877405
551322
-66129
-132422
-804980
-579073
1626167
-414330
331813
-52423
-500645
985593
718929
472809
-367744
3545132
-1900858
285433
-619167
-917554
1012641
776033
-2392841
-1340860
-742906
-1965509
963673
84335
-1081437
935004
1727624
-2051011
2148625
246073
-655094
776541
473328
-1380799
1319446
825949
497146
2228254
-354270
-1625011
-711921
-1647661
-258787
-213099
-2116509
-807037
836465
11550
-1116296
927396
-432400
-1389115
1325009
-990852
996209
1094043
-1163088
294098
1306355
254977
-1033545
483827
-1330832
736552
1164822
828672
-743217
22987
-1095596
618891
590106
-1785569
-450659
591067
-140820
-64718
786219
-955930
-509666
1099840
19766
-672483
360530
963269
-822431
2228947
210146
-917330
795145
259184
-924454
92067
-1380515
-543588
-212340
680469
-33320
-322537
180816
-1066366
114680
-1375879
1255421
-1984870
-166093
-502538
331575
670765
883612
1706990
