#SpinCore Technologies, Inc.
#SF in MHz
#SW in Hz

[HEADER]
@CLASS=	RADIOPROCESSOR
@FIRMWARE= 3087
@SPINAPI= 20191127
@POINTS= 128
@SF= 21.670000
@SW= 127986.351562

[DATA]
7197936
-785144
4163767
642329
2099888
4573701
1016991
4475670
-1755053
6938297
-4337228
2903207
-4255069
-1673464
-5171634
-1745004
-4287524
-3667860
-1198749
-5215518
2955589
-2675892
3196060
-1918980
3293136
-3254308
4623136
939924
3271873
3677404
273320
4442193
-416651
2172833
-1986891
4210063
-4543676
-521351
-3544595
-1710568
-651440
-2189803
-2260710
-1725213
776716
-4430655
2203559
-2589616
1338301
-490004
2140612
138109
2579555
1119809
3515269
2424620
-1063539
1316873
-1251166
1155820
-1655013
2670461
-1765841
507091
-1003345
-2126489
748042
291743
-815975
125423
-1672083
-1939188
833661
-1324551
1098227
1261514
439253
-405744
2135208
-917332
-230653
-49887
-1261695
1288985
223470
-805442
1025828
1382346
-279216
259360
-1654873
-769805
1286212
-15610
-159964
380752
-1065132
193422
525351
-2163282
1374614
508725
-136714
-496925
-1070612
-413998
190463
399267
1137216
488698
100380
-692925
278759
-883704
-227670
-257583
30299
700550
-1383759
-529599
-364664
-864746
1015351
35474
-300105
-88853
-240916
1146581
-256734
-491255
1253426
-216024
-212315
2025129
-1088824
689989
-931242
200637
754387
1640985
-1093737
1438702
-134786
195190
871495
242121
-490005
-115024
-565095
-46446
785838
-701992
-628554
368926
-491336
131162
274000
-709979
2749309
-407327
-211244
1055001
279885
230903
-824710
330548
1135449
743753
-661829
-172172
-221526
788444
-576846
-1633664
-1807799
197289
-1330480
-9158
-904274
-652484
1271358
-389060
87209
130907
-41342
-570305
689034
-179327
-1305071
886588
964350
888043
1620878
-129479
974194
1840769
-2048974
156600
611294
544760
521623
2159850
124290
732249
-1189194
297126
-440426
-600093
-1393003
-1027569
121437
831496
572089
-373401
-810964
-421789
1289778
-1368982
73241
-102259
-1173715
637829
1789894
-146288
1185808
1406188
-114431
442475
1801667
234342
-308147
63389
-84367
1311747
-1825312
-754105
-41267
780151
151327
-349827
-825594
-208029
-784899
955542
-1272503
14885
1385993
694390
64411
-2033888
-243405
497552
973777
-996288
34916
500403
