#SpinCore Technologies, Inc.
#SF in MHz
#SW in Hz

[HEADER]
@CLASS=	RADIOPROCESSOR
@FIRMWARE= 3087
@SPINAPI= 20191127
@POINTS= 128
@SF= 21.670000
@SW= 127986.351562

[DATA]
-5067806
123175
-3353688
-1081397
-3465807
-3226639
159629
-4098281
2644212
-2606443
2525789
-1422832
1982403
-180487
2908747
1887676
1083726
3851224
-505662
4546985
-3675536
2258031
-4088190
1654069
-5023329
-681102
-3615150
-2100663
-1486895
-5864463
49949
-3085732
1300743
-2178033
1602767
-1365280
3943424
-56587
2606208
1936727
214623
913848
-934359
1505942
148195
1432212
-1595446
2820882
-1853974
-1510150
303456
-1717099
-98182
-1680841
1496883
-989677
1354272
-1882798
1189492
-786506
945206
14624
257993
1364601
1199784
1510520
-839953
1289533
-429870
371120
-1971091
843665
-582275
1335623
-653031
1004487
-896908
-521008
160580
-843351
-1388241
221
422718
934806
621505
440441
410951
-1675944
-74923
-37648
-629326
527373
596512
1271837
-89458
-213282
-242660
-1624570
-2066645
-571606
-583202
1007599
1193263
-703063
663180
-857204
-1938476
-1699989
-1107856
-183186
1508565
997207
2214992
-275462
391735
-1616138
-225323
-1949618
11436
516488
1130053
730717
920365
-141635
86712
-1815154
110154
178920
-649840
2055767
1415886
-2794
900447
-695867
-335750
238860
-1343456
1127405
817065
1437072
641605
115213
771121
-123563
-1072563
103947
-344835
625841
627812
528711
-79651
4511
-140915
-445353
-1984286
356621
853270
933647
565397
531326
-175899
-1368988
-1806487
-962725
-431175
514296
679479
1579704
539825
-1152970
-112225
-1744139
-1125212
-616278
7456
709509
1132985
1125571
-804062
-346124
369830
-6555
81522
1064036
-205954
1460676
696975
-150157
1267902
-457378
-1670102
-1778812
-1054961
767498
611507
-48835
1221933
295238
28382
-1933864
-651813
-459893
-819470
-640340
439608
1010609
1522289
-441424
-918640
423878
45039
-88065
770855
1191584
1448220
735404
-1774550
-411680
-140914
187595
-1154057
1207415
1576869
2529334
1341311
-311559
1201771
-613212
-1480529
192847
458001
2066871
-21986
673732
251211
1102809
-918095
-614436
-382204
-120732
-857412
1047649
654673
146908
8409
-915357
-103229
-128177
-148235
738990
170629
912655
714122
-1114323
423672
463716
