#SpinCore Technologies, Inc.
#SF in MHz
#SW in Hz

[HEADER]
@CLASS=	RADIOPROCESSOR
@FIRMWARE= 3087
@SPINAPI= 20191127
@POINTS= 128
@SF= 21.670000
@SW= 127986.351562

[DATA]
-5594400
-251831
-4336527
-1644285
-3886389
-3813422
29716
-6352062
959446
-5921989
3378904
-2044380
4366069
-94754
4860547
1060496
1617081
2584650
-343298
3448319
-2336777
2978029
-2755782
1283749
-3546312
-313804
-1590757
-2289173
-1677343
-3734182
2181972
-4402865
210158
-2592822
2801545
-1528855
2091695
-707850
3470003
1309598
623337
1489589
440053
744010
-1122105
919581
-1644049
457320
-176284
102601
172157
-2465866
116140
-2103389
907307
-1307502
948498
-851535
624321
-1060192
945080
-1601115
2290789
936906
1873981
2087660
154933
-796291
-472366
460459
1124712
1122316
-161777
320476
-178423
-1297824
-637947
-1599824
-480994
-7220
631025
1055216
1460286
-1292690
1352291
801706
1842075
-452469
260529
906745
955555
-65580
-374254
1005173
1229551
1191060
-1252189
854550
213797
-519330
1160988
929685
1139285
812341
-793302
7361
-175046
-2396137
1626524
473695
873008
-478341
-228379
-1639878
-1528173
625318
1326136
426239
1061085
1054783
-63045
811814
873712
-552131
-1387468
1032638
97778
1380197
147118
-1173757
244761
-536771
-1041496
1699017
-302698
994249
102915
-584541
67527
108313
-1018302
2571254
1064884
271553
74821
-282162
-1340669
-2262620
-914391
2287800
-918754
199701
-443958
704494
1193070
-820712
-1935649
524258
-865863
408219
-154382
-210261
1063808
-777008
-895427
147217
1211261
1508311
-1169470
73875
1002878
-1088332
-2668177
390194
71446
-26799
-529893
28457
1221955
-1561220
-929296
963853
697899
156032
-1096832
-444387
484696
1142529
212300
-1854
-57231
1038969
-775285
-1023417
15833
336264
505031
1046421
-161150
460936
378211
-2259018
-110554
590696
2102459
741032
-432691
-27903
-301813
-1327844
339753
810269
194895
38444
-11542
5614
-628349
-2473053
-409278
427977
265386
654038
670273
-44578
803860
-1532678
936728
-897971
805780
349361
1128653
1337056
-680982
597145
945663
1209073
-343067
-611772
984028
467465
-715328
924894
1467696
1217267
52307
-350589
1316271
1269584
-1555387
44898
754554
153682
158437
-502808
434213
2506298
