#SpinCore Technologies, Inc.
#SF in MHz
#SW in Hz

[HEADER]
@CLASS=	RADIOPROCESSOR
@FIRMWARE= 3087
@SPINAPI= 20191127
@POINTS= 128
@SF= 21.670000
@SW= 127986.351562

[DATA]
-2585087
769280
-2783266
-2266689
-2781757
-2301737
-408002
-1430465
1037288
-2114670
1936830
-2831501
1379468
-1650478
1419491
-1074437
2793572
485787
1595593
159515
1160129
1848633
-1185971
954018
-300214
1158178
-558961
530722
-2159465
629632
-954334
-2674846
-445736
-745111
1703224
-822230
1007856
-709070
831485
-1480944
1303176
-739506
2666357
2381861
1287083
838460
977980
1460030
-20280
838602
89561
2305589
-759990
403395
-982672
-80305
-611467
-328004
779380
-194288
768694
-117023
-17450
230995
586492
-1205989
700611
-159412
-87634
1566117
-1207306
1718986
124020
65628
-1261429
-725548
-1091169
602434
-1288810
-56010
797092
-318667
456629
-693557
-589760
-1487483
-145981
-603233
1293989
11501
-141137
-1079881
162582
-753611
-860885
-586757
1040099
-158081
107691
171327
-236365
-1309939
1217702
-835341
470737
-274387
-254061
610350
1231817
-932775
109586
-2079446
916246
125336
-430544
1031391
395791
502908
869515
44746
29691
-311268
-366955
622963
-159745
918904
677536
-906345
141594
627043
-1488080
75900
-197382
63548
637183
-507313
-896125
1042672
-463157
-234766
205442
79678
2460151
1173911
-203123
870726
-446597
-1103341
463039
-928713
714675
-351156
-685092
539756
392379
-684217
-1091357
-883321
189193
-108951
-1318425
1923190
907635
829632
-478126
204804
-462123
813415
-253828
-401610
873931
-240607
532623
-990259
293946
-724911
-1010095
847156
96317
-48938
1528380
535950
845003
41922
-303562
-361774
-193005
-109864
880857
243199
1403051
1079821
-74849
-2549855
413117
-261750
729655
2020020
640210
-710260
491008
-588620
-427962
65423
-676175
-284499
-457230
473043
733934
-612781
731403
-358476
-195557
-799245
-453122
196862
120683
380470
-389251
-246931
25277
1072693
-10358
327055
60440
33100
573070
486430
-1098596
-313891
607185
85497
1058643
292727
-190308
337409
-463163
-733622
387918
544249
825733
-353489
-708321
1627925
320541
-2164041
-95617
-123590
173465
-757612
-674264
16788
173423
-629363
-1284043
-1696355
