#SpinCore Technologies, Inc.
#SF in MHz
#SW in Hz

[HEADER]
@CLASS=	RADIOPROCESSOR
@FIRMWARE= 3087
@SPINAPI= 20191127
@POINTS= 128
@SF= 21.670000
@SW= 127986.351562

[DATA]
-3272754
2349977
-2502542
-33006
-2479637
-2183627
-39254
-3031660
1042170
-2194399
1199474
-64505
2746353
-838641
2230432
315894
537076
3329538
305296
2701481
-720498
3080199
-861541
1270640
-2053882
683892
-2024144
-975683
-298173
149483
-635352
-2060847
1048364
-1496376
698851
-1015997
1225069
734261
420754
1065763
-202307
1300688
-255802
-305952
-264761
3065128
-570178
460414
-1585754
731072
-1629565
-754279
-949194
-328899
-1784734
-818686
724007
481843
-424192
-1645299
481322
162970
-1163928
509673
480452
1506080
-329654
526041
683157
-839413
-970108
997263
948144
397086
-1762532
488064
-1282329
-984385
-1931009
99716
-64182
-1302876
-121842
2143382
-474267
-1061246
-989023
-1358125
771757
995424
376084
57293
413356
-776300
-1686613
135204
-638141
-256696
-407868
738867
484313
-70861
-1380160
-702620
-1311664
1132199
-293774
1191006
-374477
-1178771
-849409
-47508
-8066
-390263
87825
224417
-29709
-848916
-166192
286452
-850281
-188461
612590
719259
-280904
-2529837
554549
795009
350050
-806697
-220545
372204
428077
-55423
-538326
424848
-758143
16939
2429441
927249
-713611
-1532982
-502209
129486
-150893
-407791
1971426
-80901
-733592
1197121
1388795
218728
-401451
-1578107
287343
1395467
108365
378164
83567
-1276472
97395
-1765901
-796978
-157937
-33334
35631
917237
-648532
-451890
-171739
1339301
-49423
-524013
1865417
876938
299663
56985
-1101138
-302529
790526
-697504
143531
1283107
31595
-256647
-431027
-586675
-2054
606055
1066560
1560934
-1051730
-999592
-114484
621698
457192
-689949
67211
264430
3271
-1021407
-224526
-423182
-447855
1171564
196786
-393753
244859
-1180118
-254767
-430705
-275663
-412185
-297724
-90548
1701547
889269
1612
-970764
-1633021
-275753
1122196
61173
1244695
-630394
-1638932
352084
382358
-1001491
-176454
-496571
402104
44841
-46183
-358836
-918727
-671178
787578
-888396
-168964
1311418
-1832498
819251
-706567
538595
-409924
76022
-289431
614431
-1513340
1325201
-230653
-381762
-490851
-835679
251204
