#SpinCore Technologies, Inc.
#SF in MHz
#SW in Hz

[HEADER]
@CLASS=	RADIOPROCESSOR
@FIRMWARE= 3087
@SPINAPI= 20191127
@POINTS= 128
@SF= 21.670000
@SW= 127986.351562

[DATA]
17290885
-1986081
15071439
7592664
8759294
13567970
266346
16247529
-7475229
14046045
-13336410
7863273
-15302275
-461867
-12806936
-7685098
-6848504
-12478309
339007
-13289953
8315316
-10973900
11300551
-5481727
12324216
1590064
9826576
6638761
4439920
11333083
-1511259
11298935
-6927411
7822105
-9208702
2942829
-9698948
-2251504
-6953268
-6501532
-2536920
-8752594
2375936
-7255140
5496964
-5040952
7759164
-2048594
6348483
1431615
4080286
4492993
1574103
5822107
-1169251
5882283
-3571886
4410708
-3747092
886449
-4615454
-537667
-3545608
-2521248
-810237
-3023990
941720
-3467520
2078401
-2715782
2172969
-1829805
2348415
-394002
2234239
1133549
1357430
1205509
1194889
2226178
-1003789
998892
-929504
840260
-1641943
1145227
-1992732
711798
-1250105
-488763
-829505
-1570246
-1340967
-950456
-511886
-1947945
-98043
-684747
1515193
-482371
1134215
341687
1720241
-374305
341417
1025808
204588
1667930
-550665
1702975
319062
1631497
-290548
-162164
-784806
-237929
-1104818
-373119
-1021004
-826838
490721
-405618
687317
-562185
543472
-906824
483626
-760984
337615
775550
671678
1112265
149661
-2727
-227160
-237675
-828063
-62356
-1265771
-757752
-389365
564155
-409847
-206153
871118
-633056
214088
-989013
533157
-98243
-67345
228341
330039
75500
603769
524216
264621
146018
85473
64343
-57110
282207
-1323052
525555
-338891
-366826
-82942
-184201
218968
-23452
436158
-387668
390830
-547531
149149
324865
-364469
312152
1241806
345173
105940
-377415
-44348
365535
-258343
-383244
-194080
1174681
601085
-410166
173687
-782824
668515
-963423
-1061630
-569086
-710981
400162
488601
741413
792704
-164142
-127513
-91036
-103155
-348607
-670492
411257
68218
909044
555540
-589533
971679
-47463
-268629
-798431
-532976
-321918
-266996
174244
-109313
244443
-61526
31010
907270
224605
-261692
166033
-987164
388769
-205832
-469031
652367
381079
-226486
-1010017
285415
-319655
176469
98389
206852
672597
270608
-91685
620284
116359
211996
-31975
120866
-301788
148544
336260
-382675
1064072
-320146
351921
