#SpinCore Technologies, Inc.
#SF in MHz
#SW in Hz

[HEADER]
@CLASS=	RADIOPROCESSOR
@FIRMWARE= 3087
@SPINAPI= 20191127
@POINTS= 128
@SF= 21.670000
@SW= 127986.351562

[DATA]
492107
-1022221
-1003439
1430815
-1361216
1812172
-130958
-148328
629651
681510
-1179688
-290122
-1895062
-1163575
663910
-889344
681368
-507599
1352853
479055
571772
-1772514
672792
225183
709962
627429
1533394
255188
875695
-228225
683930
512564
-133462
-99656
-790481
185777
402171
650581
992728
324725
993654
-358582
-739716
486154
706171
1219013
-742203
689917
967061
24447
-502087
-507407
-1130451
546077
-901610
-92200
299408
303459
-312102
-130743
-621057
-340937
814024
423903
-441902
956728
1047956
-631156
32823
-1893090
357606
-267671
649317
164037
-210455
709204
1988076
-594896
-210505
-145500
749644
-326116
-795548
469590
57118
491918
-737980
1142934
25995
300469
-254594
-663650
-385463
1807521
-96059
1900899
-615954
-1675699
524184
201725
-1780873
-568699
-496661
-281940
1357033
344087
-1400822
1628795
-1449809
-2113410
-363583
-585262
540129
257245
-1663669
519111
-589719
-449600
967
-423742
1029226
-66409
-1345694
787459
306180
522086
-900817
-1734225
-109806
1345842
-658520
-554965
-13202
-16479
1588285
-503410
-766851
904138
278414
-858658
-58063
1085950
957380
469678
-669862
-390232
392287
-682883
737385
979919
761590
1831817
-1244340
-1162722
-593233
1513854
-466616
362695
-2504146
98212
28737
-850218
-215127
-161562
-221099
1430150
-1253521
-772196
290143
-1654851
-472539
712880
-1124458
163564
582190
-1288766
1103712
1563984
-47470
543832
908294
-136569
952601
-1129361
-294214
1276318
-583030
700630
-223539
-552335
-524513
-98988
781532
-124363
-403176
49936
1293220
-335285
1013891
196260
2683312
-201565
-637738
95914
1418438
454817
55597
-135399
75117
471672
-1203750
-940651
-597059
-460055
-206924
597986
-237888
82096
788489
-1053015
-48989
91787
-543140
732682
-32239
510643
767274
-70763
-926452
-411524
511420
289126
183276
-672124
-271532
566659
39216
55880
-876225
-483188
842686
894407
480145
174354
-288247
435960
-604172
255325
405966
456060
1142947
214160
-1153485
-547726
295
797406
