#SpinCore Technologies, Inc.
#SF in MHz
#SW in Hz

[HEADER]
@CLASS=	RADIOPROCESSOR
@FIRMWARE= 3087
@SPINAPI= 20191127
@POINTS= 128
@SF= 21.670000
@SW= 127986.351562

[DATA]
-5041113
-227590
-5467399
-2761629
-3022630
-4519648
-1805691
-6818902
2800908
-4379939
4791800
-3018969
4246173
-63054
5086411
1141877
1854133
4504716
790279
4027955
-3116934
4846923
-2567781
1066992
-4747624
447927
-2515853
-1539369
-1104711
-4623201
328619
-3629276
1928985
-1344198
3346799
474296
4561204
2276743
2302301
3423374
362796
1659804
-1024306
1626995
-2636752
1130953
-3426626
654550
-1838820
-135911
-1476057
-610112
-737673
-1060788
-1339757
-1843784
592529
-444285
1511535
-1499499
833091
-101063
1508085
-578480
-1406948
-432156
772309
1429923
-646125
-259383
-271563
-790132
-690186
-826090
401102
-797614
-422371
500588
1477063
-1871458
162963
138829
1060340
-782409
22309
805230
78100
1793347
548622
1291401
803378
1187267
-725058
302992
508278
1040221
-653980
589718
-288740
877638
-8660
-1007415
-767729
-746359
-1116434
-142687
-8603
-369113
1382130
-1757010
1333374
-129503
303705
-63417
904908
-50055
353040
-13478
-248088
419509
995010
590081
-1243023
84315
-95032
58086
-822869
1134533
-12989
-210773
-452256
-217476
325578
-338683
157291
-943101
-1744052
176077
-91444
1021620
-238629
811344
327253
-608971
-1743744
487967
-646185
720612
-530829
43199
-464551
-570422
45858
-785271
-591691
25251
-1500481
-1214215
-320331
-666809
921115
-207629
747130
-382928
533174
-133892
51371
326622
-517229
665131
-737334
-108967
233116
-1005150
-218618
-193728
-1048530
958215
-976212
-73689
-601668
1591581
631130
-808068
143741
-721810
-234688
882233
621726
-345073
673520
-17231
-592971
791507
-615060
-560453
487383
276302
1008231
601894
-205212
1255872
935453
583468
478750
-811857
520560
807954
-475834
-797291
-124061
768009
722614
446890
-824442
338194
-1167926
-1411597
-848424
357445
-918750
-389670
75352
-313935
281785
-1482402
-548086
-1211097
-1397481
507441
270485
-786878
1874322
543257
-153671
95127
-282381
-473690
365248
-16596
797138
917112
590522
105255
332156
-2022263
921553
32254
540827
595745
-865654
-561507
293785
-2326
41712
-48819
