#SpinCore Technologies, Inc.
#SF in MHz
#SW in Hz

[HEADER]
@CLASS=	RADIOPROCESSOR
@FIRMWARE= 3087
@SPINAPI= 20191127
@POINTS= 128
@SF= 21.670000
@SW= 127986.351562

[DATA]
1215006
50852
813484
-1531438
194862
791262
703498
-405830
-558499
279239
-143776
1529860
-16985
609949
1034496
392392
876523
-395867
-1794397
-1797565
-1324916
-298273
-1116267
1227369
831062
1142694
34276
-1016564
-1251495
76611
-185021
-750814
-1584738
2237308
873023
139603
-758378
-608135
1476065
-241615
-819696
-2381686
1367630
482720
386049
72274
1049589
495428
1694632
-374122
-611210
954018
346609
-787696
54621
467483
2061101
1388330
-1319430
294121
271439
-1099270
-596248
-128796
-1780675
377527
640044
-1577593
-140309
46035
-1344996
-799853
873532
-239912
774710
39130
-572888
-100395
1562446
324010
884707
-1095221
-60480
1710702
335299
-1156832
-507859
-92943
-303389
85415
489343
-312587
535955
546250
656027
737600
2564
-524855
-1167234
-766918
849633
-421132
62345
30984
-579716
-15364
1453187
-626842
-118215
-505886
485849
-285858
-479118
290425
412388
1226440
-131759
30425
-264219
-639898
-421597
-942918
-420880
1811918
-1450214
-688927
-443337
1150402
566060
-1132079
-1262711
-470909
-418116
36512
484016
-323683
110328
420263
-316551
-1274491
-575976
-261707
299464
-123818
260976
2350758
1500948
-917109
-51374
809736
577826
662973
-824881
750011
415901
1157221
482994
696622
793084
-309922
-1353700
-1712866
600394
886319
-555466
-493024
177876
265664
437668
-999933
509839
1290335
785184
-408361
309875
-844046
-540340
800741
-1654529
889359
252334
993151
396764
735308
-893448
-1373812
-1138164
-768383
320772
1249613
2109
-332188
-617428
46221
-909401
-1126063
219117
-390243
843036
758555
1651388
-1007152
445711
1277634
192867
55833
791668
-935117
-404373
-354256
723806
548256
-255592
-59350
90261
362503
1392440
-301707
-856541
-396279
-806769
787289
-1743120
-217946
-512889
561317
922555
580187
35010
-1180909
-238551
-526567
-1161304
-344622
913569
168379
596171
564008
635975
269336
-696504
-219810
-19803
711159
416178
597385
-594187
-629924
645281
160776
1002448
415593
293464
-1250198
966320
1365178
