#SpinCore Technologies, Inc.
#SF in MHz
#SW in Hz

[HEADER]
@CLASS=	RADIOPROCESSOR
@FIRMWARE= 3087
@SPINAPI= 20191127
@POINTS= 128
@SF= 21.670000
@SW= 127986.351562

[DATA]
6712794
-12219
6045037
2914551
5880119
5861897
16431
6022923
-2883223
5998920
-5169760
4283033
-5124516
3442029
-3775650
-1109144
-3054780
-4580716
-690804
-5202091
-961161
-4048014
3979258
-3872082
4618656
-2385377
4265977
1149030
3404187
2863063
593412
4014788
109928
2784927
-1664026
3869971
-2339238
157778
-2471174
-72865
-742626
-1988774
-2251844
-1814961
479962
-2888980
2600712
-1144139
2344820
-926943
1335656
159344
1230644
1893098
-664078
585805
-334437
364965
-345794
1548308
-750207
567898
-1012882
-1235152
890132
-755660
656727
1086572
-32734
-685213
195523
-811712
371207
96440
-297369
546626
-180636
-775701
1576734
551774
1076176
50447
345838
-72693
-535128
542671
170698
1267966
157991
455010
-219897
-855406
-985006
-738128
328146
463598
-1097702
457648
-33685
303878
-105782
418067
979463
-798827
-421802
-338140
-1294690
-727313
1170554
-332230
666507
-209230
-1244149
-130641
-760064
-1204658
1572080
-773691
-159845
989814
-71886
-684475
-136288
239089
1462911
-589393
-263906
-1077745
-945728
-681753
1434485
1055227
-254119
2056985
-748299
123284
-911954
-492988
-818042
553988
-1643356
1153181
-78063
-934002
469215
-803465
-1195818
-117729
-243703
-1181811
780248
-1264112
532239
543786
310684
263694
2013164
-737683
914848
1214560
628331
541691
1486014
308924
-126706
1222326
990556
413131
-1388402
-733458
754329
245776
-1324604
883511
-571816
757326
-142183
-575477
-692297
-219173
-905809
657478
-980825
1178151
333237
443979
-1334625
335254
138145
-434755
-259292
-1198359
917252
-40405
-38956
-783032
850903
-560258
2318730
188413
474197
498368
54818
-347793
412504
416942
-1070849
2722914
-853874
-1023779
796133
-546821
405621
793665
-1736737
-448206
17992
-463175
681682
2599264
20361
1483736
-1123962
-2256621
1695702
549338
-709799
1102730
-520967
-819329
1325066
-427661
954406
1469784
-148281
-1065819
1596999
-1097136
419481
1496455
-757684
8952
589814
-666809
827677
-1055777
-319109
-429311
-1350399
-194117
432763
376191
-9663
471090
-710011
-1557893
