#SpinCore Technologies, Inc.
#SF in MHz
#SW in Hz

[HEADER]
@CLASS=	RADIOPROCESSOR
@FIRMWARE= 3087
@SPINAPI= 20191127
@POINTS= 128
@SF= 21.670000
@SW= 127986.351562

[DATA]
-4843533
999999
-5376046
-2965426
-2913804
-2943211
212010
-5828093
5580196
-3560517
3732152
-2674955
4881977
529269
4453850
759301
2672658
4371961
-1365402
4383508
-2579126
2832830
-2793031
370673
-4046735
-1618086
-2496871
-3226790
-317965
-3514548
3571886
-3232435
2290578
-2341752
2923908
-358417
2199544
67665
2737509
2146312
1239339
3044790
-2691058
2258455
-1824851
570029
-896870
505826
219876
-1529842
-1139792
-215859
-709312
-2871486
1738832
-458098
1102924
-2717869
1257467
1224274
1226753
-648769
784620
1349214
146232
683402
-436804
2784599
-2211134
610068
-1094242
183251
-1096825
-937455
-1055973
-147675
203704
-641354
457105
-973239
2009098
-328969
703115
-484578
440260
207537
627315
-757842
183416
-85746
-242705
76567
1102309
-13416
-937681
818520
-1423214
-212890
824552
1020409
48194
622343
659861
488851
-15830
-896659
871256
701571
1021997
-69560
389146
-1025337
-409253
-381831
1798474
754955
771584
-730121
83449
-851308
1081464
-606558
-506534
374957
186315
-266807
-361822
-435808
928642
-1502292
586141
554934
233548
-828508
1109456
-546397
2128128
-2206092
631271
1288121
654737
118808
1365898
2636029
915633
-2111713
-82668
1974966
-485932
-357013
2393891
1088593
797635
-1478516
663503
1229354
-1288260
169347
1131479
900747
177327
79836
-954526
2285939
448389
614996
325247
-593636
214304
-604887
-790436
1208989
-1159938
-71826
-535473
1855294
525845
645023
-1484152
1279448
20848
-1345354
545185
1521503
-321651
-508910
1120652
-285746
-2067789
-549794
233122
1347454
299193
-1298046
-60260
827351
-720564
66676
933180
-827567
-94252
-124540
510719
1110305
-1090862
-993030
231227
-626774
1327084
-692178
-712362
446283
1133080
-2132736
976444
137051
-542642
-693130
155383
1767970
-60886
-994620
-693258
-174966
-1358822
-1216388
167574
1814366
-979389
-1282742
197662
932669
-641226
437760
53805
1024666
-959177
-1219012
1675409
-1401142
318126
42211
76015
228404
-523753
357152
420671
-1518826
97205
-1143623
-1166757
682184
-36353
-423145
-239904
666319
