#SpinCore Technologies, Inc.
#SF in MHz
#SW in Hz

[HEADER]
@CLASS=	RADIOPROCESSOR
@FIRMWARE= 3087
@SPINAPI= 20191127
@POINTS= 128
@SF= 21.670000
@SW= 127986.351562

[DATA]
460582
273613
2116258
734695
421905
598893
-131128
-233433
516169
542067
-507893
2102609
1038971
469133
-320926
-744250
-14911
1168098
-292697
527995
819367
-458354
1143990
-463054
-1472540
67116
-1506914
1161305
340871
199865
855178
-327622
-883420
1742713
-1322000
-2953795
-1096747
-25756
364277
-565405
-1515901
-527610
-330914
-1413906
623121
939494
-446608
-496175
229386
-746829
1467954
-1424136
108544
-171606
-548797
378163
1061830
-2078284
1678148
26991
424531
1167960
-579476
273513
1545084
-1065921
905349
214316
-196139
-134464
708903
-504770
161927
885582
-555562
182104
-1006353
611458
572698
-398823
447110
583839
124171
-796084
-436547
-758968
890702
625840
331699
1383413
-349039
-596695
623683
45347
598509
1257332
-967085
1013829
-1541975
381593
587176
-178983
-251751
354297
-2381420
987513
943135
-344205
334872
1370139
746443
500675
-2058274
-1552527
928445
55574
139918
1424243
-538582
-318898
-585975
-2334293
561954
-775183
-1642636
-25191
12627
-426599
1185234
-582766
711438
787498
1342731
1031691
1200287
-376066
1763511
76172
-1869219
5509
-540774
-324540
1876038
714658
303032
1690834
-802363
-194098
731866
-1063105
1350316
801728
-1066877
732675
245765
-637183
279111
-1332184
-1139628
-551679
-849098
-25262
125208
-375653
-206289
83976
616279
283972
71454
-1780668
96568
-1478331
1080508
408859
-550126
489999
1028959
331035
1871804
-68765
-1030403
627327
-623197
506402
-662197
-1138779
793694
1061083
-58773
-209087
-226374
-822031
-1000073
72293
299335
1992936
-358015
-1564975
371865
660930
-616462
747019
-1427242
324807
691235
-646258
956711
-1208293
-1822703
112286
-1232450
-617283
986971
-797781
-722738
-153121
-239030
-1493112
-334300
-2193357
637404
2098598
209825
-34738
-1166776
-1126794
-117178
-660179
239310
597164
1176771
-421752
-1664109
456918
360228
-934857
146801
-272424
1427728
202198
2032525
841600
1443080
496736
1066071
-683678
-570330
926203
629901
1777912
653898
-226280
-401535
-901975
-1055001
2049891
