#SpinCore Technologies, Inc.
#SF in MHz
#SW in Hz

[HEADER]
@CLASS=	RADIOPROCESSOR
@FIRMWARE= 3087
@SPINAPI= 20191127
@POINTS= 128
@SF= 21.670000
@SW= 127986.351562

[DATA]
-672233
812227
-1784528
391131
-2722811
-2545309
138425
-3093262
-162270
-1253942
1818565
-1081326
2713834
-2158532
2591385
-589547
-358230
2899047
-983104
1857702
-27002
1184877
-1392297
393831
-2664931
-1013757
-2438922
-1716297
-702626
-1326988
282818
-334392
2169485
-1823380
843978
-1846023
2362086
-150306
420825
1888250
1479754
980571
1140466
375072
-1077488
593012
-820608
1521348
-1280326
1494119
679808
-172449
-2072772
-513659
-190286
-590430
-2204588
425276
1344394
276623
-231962
-197746
1944726
-937256
533065
-97813
-658925
260248
1522582
714090
879358
-631721
654113
552985
-687379
852702
542277
-358337
-147553
451661
875880
299891
378409
403272
1122193
-314381
45538
460527
-148627
404001
1667844
74321
-781694
673268
483426
-352758
-1735259
390071
117419
167360
-348868
906047
235929
649979
-4138
-277405
-564186
-160888
-917919
-23485
439779
-942986
909366
280709
-1221449
980380
1563363
142038
665427
536000
-100114
974048
-507399
827023
683509
812564
1012157
1491638
-629716
10006
750547
-410934
223401
-471170
253022
845620
279195
-264439
391740
-1436197
903675
-376710
-96768
393212
862306
324032
582534
-346561
900849
944765
484814
-620096
-412625
-953487
328511
700611
443659
1121817
-175661
262815
1239192
-1183416
-590837
1346306
-188033
782676
509765
683761
-135045
-925304
-764586
1105438
-1260249
-603356
444386
-607248
-283421
352345
-1074986
916152
-949311
-888942
325577
1040623
-119530
275627
-373256
-1576550
642565
357015
-659625
453759
-281272
608075
609301
-1213868
1613015
1485020
-1765409
-390450
549940
-206479
608484
1375590
1413605
-257214
-722708
-757004
156911
-1695926
963226
-103004
-450325
-359722
1250237
-138418
1161401
-205856
537978
-910383
-1257241
-763694
684015
-539436
-777410
2266104
-98176
-1811250
558621
-612936
413087
-362967
-604110
747269
-233240
-1151662
906375
994994
-1244529
987895
-92280
504121
-625371
-730185
551479
707444
554808
-1594
253099
-7315
-350089
-154608
27565
-349387
1243396
3296
