#SpinCore Technologies, Inc.
#SF in MHz
#SW in Hz

[HEADER]
@CLASS=	RADIOPROCESSOR
@FIRMWARE= 3087
@SPINAPI= 20191127
@POINTS= 128
@SF= 21.670000
@SW= 127986.351562

[DATA]
5968480
-1678159
6176975
1733785
4755096
3936117
1149050
4893652
-777920
4586303
-2265009
3280891
-3821874
607914
-3777552
-999352
-4204713
-4244051
1156140
-5153309
1461775
-3380775
3500322
-2281338
5145765
285180
3358602
-284649
3000311
2199169
82887
1916915
1121680
3985895
-2214279
902253
-2709075
625136
-1836913
-1764684
-2205209
-1805896
-1593482
-3512592
2011184
-1733757
-216395
-2235835
2585899
-1127209
1593747
-92963
2155529
1048405
-215610
1366965
1116834
163674
-741893
810533
-420771
-82825
-1883288
1019201
-2086401
-1617050
-565714
-947432
-40128
-1333113
218046
-794940
74456
-1441429
795892
-379637
1098392
-1653038
206867
745498
491747
1140492
1498284
1150869
-287269
1039128
692250
1202526
-1323460
704679
2087399
-491487
-396676
-201821
982004
2235583
835459
184058
710140
-1682619
-622046
-152782
780537
-470166
1414157
1246214
-111054
-2101258
-822076
788768
-85652
42045
692310
1314546
-2357968
-845648
-1956931
459353
-1307900
241127
415967
-789145
-98944
-801694
-323523
343121
881080
-55004
1252064
-166723
281338
-594051
-224003
1003377
-1117939
-470814
1727538
-960194
270826
63578
-1127067
319251
-1031282
-601205
518632
-126147
70690
-1057461
-611088
-712804
-390707
560724
752001
-869827
37943
-704719
118761
1104412
-389358
1236650
793498
-240528
-69519
112636
-1404062
99185
279154
236351
248068
-112566
-747461
-19704
30575
-158002
1712845
807163
-535544
-348949
434894
-111013
-1531049
369870
1127517
-686215
-281409
970494
-690560
-544900
-604934
1412350
447747
-610515
540662
-114767
-172959
-696065
-162647
599126
-1048403
74464
794518
-87808
224935
-962895
262996
1256954
278099
-807080
201319
-1136716
-722269
-241759
239587
420782
-481616
62947
425869
-1041700
-891054
-907420
439276
-223062
-337519
521422
463446
338410
-1905896
762862
198409
-606680
352117
1263398
157712
-1348461
144466
2342017
273595
-1709157
492852
-576647
-305275
-414046
-654393
373979
-233857
-420712
1148488
-151252
-1410583
-1732188
346316
1507944
-760172
-469884
1782641
-99437
