#SpinCore Technologies, Inc.
#SF in MHz
#SW in Hz

[HEADER]
@CLASS=	RADIOPROCESSOR
@FIRMWARE= 3087
@SPINAPI= 20191127
@POINTS= 128
@SF= 21.670000
@SW= 127986.351562

[DATA]
-2394414
-620877
-2616288
-1065998
-1285308
-2474329
-2280247
-162543
-608569
-2264883
2182259
82726
3062651
795808
1761381
-981460
7270
1485538
-942202
3463005
-1346227
2378067
-1003954
-904169
-2588644
-313729
-2144922
-1838772
-1100443
-1873950
1530871
-1561801
2269670
321072
780226
-1508059
2995343
-1297976
2394469
596320
-332861
2634931
1370669
1306065
-198990
518947
-1892080
859359
-1560823
339765
-362310
317359
1420032
160154
-1218287
-1239917
-188440
-1027421
269088
724975
-814559
956217
1158963
515093
966614
714480
439158
413389
78474
701002
-998992
1109130
16744
642369
-1142274
456222
534814
1782053
-397355
-1853298
158922
529077
407366
-1293171
870566
-533189
635172
282332
-175633
118741
-274408
-217281
311716
824396
712461
454015
649315
-583596
179801
-465763
-1150903
-772779
-1556843
1060368
799663
121632
-1112110
-1629057
-533497
375046
-263081
-1513599
-546638
965920
1393482
-715998
868305
636455
-569877
-1475929
-1022291
12603
754399
-264144
-21539
1084248
2060989
-2365275
-351244
-1747282
512333
-1025156
-2392109
-1055342
1085102
560011
884535
1349003
686092
-173203
-1691231
174745
-238917
1151058
-998716
330676
-452292
-162418
375729
105946
-550167
164770
-639858
-142726
388914
-1633389
-420261
-1282917
-661779
-151846
1208909
-166159
-8434
-702098
1559117
-1008464
-1297252
1420040
11280
-33054
1141332
742523
-12216
1272426
-1454456
862604
775199
682372
-527202
490044
-1029176
2021557
-735169
-848174
-136434
1327969
336999
-770332
-1808192
-370655
-29231
-192356
687606
1020389
-785777
-766610
-133203
-1087544
781368
-578329
-686173
-979122
-1132671
1093058
1155776
-970986
-1049899
-1478174
1840486
-1170174
-173230
-357897
-51244
20432
589786
60784
405548
102941
1188910
-590899
750260
1853769
-919952
-1012436
-703116
889903
2179055
-208699
-1842513
361733
-797802
362157
100414
368079
-280599
2143806
685439
-90724
86334
-1551665
-1381215
83746
-60445
357859
-542172
-478089
-865027
1048354
-71033
-376606
-1181783
-904258
940611
-794371
198226
1346484
