#SpinCore Technologies, Inc.
#SF in MHz
#SW in Hz

[HEADER]
@CLASS=	RADIOPROCESSOR
@FIRMWARE= 3087
@SPINAPI= 20191127
@POINTS= 128
@SF= 21.670000
@SW= 127986.351562

[DATA]
16375930
-5463676
16201402
2340167
13738504
9618549
5819612
15776490
-1108620
16221769
-8040646
12717034
-13036841
6687697
-15377276
975712
-13115524
-7538102
-7410169
-12092190
-206411
-13244405
5609971
-11656089
9702137
-7784238
12571239
-1705443
11427616
4073088
6954889
8585414
1889133
10063117
-2166613
9955868
-5675351
7898158
-9121910
3012400
-8679228
-1633456
-6803186
-3865045
-2871812
-5531640
-422259
-7768166
2495909
-6468222
4772485
-3762048
6097733
71767
5343760
1298133
4112705
3337411
1146173
5089850
-1207225
4209928
-1530022
2264025
-2164876
1587062
-4259438
-528650
-3891406
-1503031
-2201552
-2132342
-336262
-1362826
322668
-3131544
499217
-2352278
1837464
-2146380
1923509
861012
2202474
226735
1295848
415619
953834
719805
-36343
2168710
-157730
1280230
-1076690
406138
-1156586
204049
-1319759
578383
-1014193
-917690
-891210
-754638
41532
-1194018
-703030
-530543
628097
-896665
1317941
-1499478
2176615
-20947
-12465
352722
535560
646366
384935
1014421
631694
852385
-1079808
221757
-1195399
565487
-476793
-153668
-737012
543389
-696213
-395413
157525
-895292
343292
-347515
545242
292544
1214446
-820407
521249
-114009
950560
-7342
-89859
1233816
354106
291901
762778
-57106
268329
-367112
-545231
1431109
4615
-482463
424989
80349
247347
-235875
-167817
-257127
-530263
-91593
1080526
143432
334749
-425429
-196306
260635
476481
558382
431157
508835
-540813
560243
-176310
632675
-906656
-244594
-169431
586521
-326261
-137592
-221911
114254
-160236
428608
323362
-146614
-405279
-90758
42203
-940156
-10321
413935
-2672
97290
-162359
-368501
-246866
-459891
-20969
-217128
48038
331014
-755029
26614
-400481
-59696
-447412
-251254
338872
159839
-316145
-202078
-185368
-239481
-171172
-410575
100545
8767
-124191
30793
304291
-244255
85297
-369356
-349799
159145
456702
322482
-264228
426179
75634
237454
-461615
340707
551858
-196426
223881
-430997
353896
-244180
193500
-471441
-152588
-133182
241765
656526
649347
120649
337352
-94664
-263724
465395
77960
-78163
