#SpinCore Technologies, Inc.
#SF in MHz
#SW in Hz

[HEADER]
@CLASS=	RADIOPROCESSOR
@FIRMWARE= 3087
@SPINAPI= 20191127
@POINTS= 128
@SF= 21.670000
@SW= 127986.351562

[DATA]
3591052
-1704973
3371047
1738310
1084821
3974071
-437658
2966694
-1067745
1292365
-2722090
1438648
-3842394
78865
-3032755
-2325443
1132238
-3238191
-74545
-2832238
831676
-2762439
2677245
-2543400
4218339
192717
2889815
1669168
-68812
2314345
-621648
2099672
1120007
3611510
-851051
2404857
-2934353
99473
-930879
-1735256
-753225
1137122
-939747
-407299
466328
-1665264
1623375
-1649451
1500529
1461663
-775122
1416288
850726
512069
-658044
1039732
525764
2922971
-2019707
542902
-1003857
-741970
807724
344250
-577115
519983
-1663382
-488261
344345
-1201842
495580
475783
274077
326420
-445456
-1014281
347019
-1410976
-51947
864777
-663430
432517
108424
-1305943
2117569
-301379
-104532
173067
-717455
-466328
-159134
-1268020
1161342
-962222
-74439
-1296841
914024
-238031
-781146
-185576
564281
575377
738025
3984
483283
253411
190216
-756026
902911
641786
-230272
719573
-722965
422977
-306452
-835497
831484
-11819
-987021
-913783
-1226221
938141
713847
-135867
-140922
743457
-901173
-863877
184992
755246
1738696
164648
420645
1901154
-1196048
294686
-298529
1238155
-581672
387014
-856386
556888
-741820
-818239
-835532
-1198071
621268
349846
-162876
-433450
1038184
-372047
-223573
9038
912926
927494
-748000
-323104
-130947
-517446
274315
246258
606545
-858061
588379
702850
272069
72156
88350
271484
813532
-148476
-1120007
279303
-101010
-502424
-189314
54481
1124252
1316711
23534
-539782
1036496
220574
712897
795506
-486352
1057847
-918614
-297675
1032446
-9619
-277130
1736043
-807275
537810
171201
-1708378
562866
617528
148720
365920
-401596
213788
-120196
-985837
1657517
964532
-623245
843571
-1178424
958963
-592381
-411875
1367663
748459
-431433
1175897
174652
-83466
-753672
-1095664
774508
1471212
688645
-392860
-915003
-1200130
-30470
153996
807712
1240526
-746228
660065
652593
-564875
1622912
462678
2104078
-211905
-804680
206189
730709
1091811
-822020
627417
-274805
833964
-1009721
1043297
274241
-826545
471030
-441774
-610024
1935982
