#SpinCore Technologies, Inc.
#SF in MHz
#SW in Hz

[HEADER]
@CLASS=	RADIOPROCESSOR
@FIRMWARE= 3087
@SPINAPI= 20191127
@POINTS= 128
@SF= 21.670000
@SW= 127986.351562

[DATA]
-5372452
-1146535
-3934101
-1367276
-1946286
-2941377
-245995
-4831880
-71937
-4994970
3969404
-3251822
4443748
-975756
2447190
862241
2770025
2311717
958487
3004633
-1030715
3647073
-2937340
3208934
-3214763
291926
-2935211
-1810785
-1699058
-1377909
-489939
-2093862
704325
-3275641
925517
-3391258
3078302
1147773
3248528
2024992
593212
391900
-557845
2506369
395106
2357717
-1078392
956410
-1871261
904787
-3508357
-1212870
-849253
-1056763
1203388
-230287
-120122
-850208
-1607372
-634327
2112908
-464773
1991262
270685
408435
2190653
-931676
1705922
832256
1081108
-130685
581221
-696920
1480088
-2706537
923891
1240253
-215087
-418347
-387358
-487918
1664021
-2073153
302262
618702
-1489969
1186309
665650
1407772
563665
46771
-273222
-1320077
612688
1040073
295163
-595801
299010
-244405
730532
673253
528111
513167
492542
375617
1864306
-619833
-114598
34848
-434734
1674477
713780
1619843
504646
-17836
614120
-558752
795209
500961
-13561
1452079
5461
-1025702
-94310
-399802
97461
1336536
-956544
-285699
-244295
-198218
2053141
369374
-16743
318305
-266245
699773
-283613
791683
617492
98071
7095
749291
-556624
393376
-308507
74729
1085704
16280
-1001595
840485
784460
927557
-67022
-378921
831821
-648104
-1158423
582424
966317
343519
-603532
-185760
681440
-1194945
-1333738
1198377
314868
-128958
-931776
409684
103213
-613996
-278603
1108214
1455362
1328321
270592
48592
-150684
-124881
-459995
1241885
663541
-401045
-439084
1289055
840520
-576587
639960
1139229
1014073
335783
489230
480245
-978695
-605711
-1010282
1379653
1074522
-449791
-1506767
-514364
-834880
402407
797569
-91589
-320105
-923741
-1502550
380103
-378465
581482
922678
646994
364323
-540102
827688
-265560
-2070850
1589680
2207527
-109570
355229
-676504
1778449
-578370
-367038
1694658
1674625
618078
-589539
-219552
-163863
-953271
-933675
1675060
223159
-253983
383718
203947
-696695
105968
-439761
1632948
365712
-6535
1090648
-459798
-1103544
-366838
-1426476
523251
126600
-49415
-249037
