#SpinCore Technologies, Inc.
#SF in MHz
#SW in Hz

[HEADER]
@CLASS=	RADIOPROCESSOR
@FIRMWARE= 3087
@SPINAPI= 20191127
@POINTS= 128
@SF= 21.670000
@SW= 127986.351562

[DATA]
3460314
-2286559
1940063
104151
2406298
1107520
31200
2649397
738047
1662565
-1178065
2947524
-1185052
1615926
-5105381
793763
-3422130
-2194884
68034
-1406284
1343995
-2735514
-1027228
-1349101
1328177
-2459161
4978600
1242090
2179738
770285
1039763
1266055
1484461
1094799
226626
3007224
-2699168
2686370
-1706727
997805
-531013
-1074563
-521210
60951
-1089407
-1196143
-261526
-1747203
1006303
-582480
1147772
-449175
1051595
-417129
998353
64312
839122
1516096
-218981
1670554
295551
1813092
-61884
89185
135709
639613
-1484356
801343
-827872
-317450
-1457443
-307708
249830
256190
154082
811306
-84857
-794589
580079
-1198768
-287169
1095960
11929
583056
-136997
127862
-200532
-1140503
-1978977
950840
-231637
-141366
-477486
-1838869
1453968
-359902
-3099696
-33342
-564430
-312671
-409207
-2224933
300497
-969301
-257244
-914448
-367540
-1210524
971415
-1631103
885418
1133142
-1085656
-273860
-346510
-1701513
-833878
-1426624
581467
496106
-1171618
333450
72040
-2296356
448344
948294
-227500
-91617
-123753
678849
1311348
-954349
1755733
910301
-1336210
1250738
420510
75005
1567911
-186576
1269982
-132320
-1321448
482216
968129
682411
13068
638278
-400992
-129787
-216780
-12304
233992
175592
514697
-9072
197486
750911
-1557223
-1093417
-1558677
1454312
-737705
692213
-285641
486615
-217508
795402
434504
-161584
-2024131
-822495
82068
660230
-1672284
-1428523
425
1366763
-652096
-1263368
1001302
294469
-1141021
-64144
-654283
823771
-310086
-1949259
-555324
-206065
-802348
-1273272
150342
-497197
1020334
-1631776
-745779
287437
-137259
-1626746
230019
201819
1803666
-438819
-276069
712672
147721
-1463805
-145756
358074
163643
-832062
1003925
-731243
-996594
-678184
-1268640
-225574
-9141
167992
621994
158732
655991
-302147
-1851904
-1159398
-419211
113255
1117545
-416431
806980
-1412093
-541661
-625343
366279
882870
-383487
-283115
1217033
-640925
-140653
-334131
309011
233096
-797440
1608464
95338
911543
1211037
490380
-880778
1125626
398763
-163870
1327659
1208959
