#SpinCore Technologies, Inc.
#SF in MHz
#SW in Hz

[HEADER]
@CLASS=	RADIOPROCESSOR
@FIRMWARE= 3087
@SPINAPI= 20191127
@POINTS= 128
@SF= 21.670000
@SW= 127986.351562

[DATA]
5195541
844386
4204483
2225440
3972731
4299796
-1458827
7299311
-3361481
3717817
-4284097
2530329
-5754738
-1572256
-4153257
-2131549
-3467554
-5792416
1998684
-6000274
1134137
-3746755
5557403
-760899
935273
2218721
3025567
1938168
-29099
5700689
-1512747
3850148
-3188149
3245790
-4457285
-745971
-2893503
-812136
-1706239
-2826342
-2266554
-2673459
-717409
-4604436
1477607
-2172069
1794062
-490085
2198048
660844
591324
767026
-314126
1836739
-107503
1429681
-2945738
913038
-721605
-1961643
-3100457
-212814
914893
-2039505
-2019883
-1488564
392583
-3575311
1154615
1220677
1341128
-1417372
1048419
758370
423552
-1533135
2695
1559416
-2006822
-647316
-1535466
456809
-531261
-549441
-10277
1512757
-1718778
-940218
602065
-341186
1944111
-592018
-23920
721682
-62115
284960
1133026
456026
2244497
511092
-229673
1303791
213745
-886938
-712037
1264248
578825
-400611
-1218856
1859617
871241
-1900226
-251296
279237
-451226
-1397239
397772
963044
439615
-1417141
14491
1225255
-103960
-1035664
1848084
-736443
227669
423426
320552
-953896
-1593385
407789
930093
30137
-353797
293402
-731451
-524422
-45808
-1709851
746393
-590016
327002
-889841
-1071394
630207
835226
-2246309
790696
828203
1288513
-1342232
-80061
1637154
247470
-3184645
1586205
1129042
-1321766
-540937
271742
14424
550385
-1949199
1622094
-562399
-329611
-255847
410162
-432498
172976
-543965
1874853
-175126
-880570
279089
-337376
-1335929
1016684
154083
-273270
-850026
174329
801682
-843457
-298296
1226341
-441181
1766134
1362648
-856624
-401168
261098
784762
-102871
-1511473
1116169
1517216
-659784
-142128
-293513
523242
-432533
-762040
2475009
1022763
-1889069
376386
237946
-1171654
334401
88126
573066
-107450
-636733
1102990
-321883
510842
327002
456873
-318232
97006
8612
-6873
-1524983
-115916
34465
517932
-157358
1906843
984795
-1131758
-1215175
28049
513444
-51770
1337410
2168515
-772936
-1646175
-144111
290160
-180471
1232052
1164711
1667547
-973714
-1279043
1383980
723299
-451938
1702913
212845
1499571
-6175
329528
