#SpinCore Technologies, Inc.
#SF in MHz
#SW in Hz

[HEADER]
@CLASS=	RADIOPROCESSOR
@FIRMWARE= 3087
@SPINAPI= 20191127
@POINTS= 128
@SF= 21.670000
@SW= 127986.351562

[DATA]
-3544958
1213844
-3945646
-1676798
-3311160
-1957477
-1874702
-4809614
901654
-4990954
4559489
-4193321
4683100
-1669461
4366576
396205
4073641
3909431
2524890
3276123
-196829
5040020
-2457852
2391038
-2744241
1716482
-3823637
-1135508
-2399839
-3242317
-1849513
-4126688
54903
-3386204
1135126
-3661335
3382250
-2329709
2662937
-1151136
3171425
-194966
367353
1651897
1932121
2890918
-431699
721579
-847093
1535203
-2552692
-14940
-716096
-170698
-1930511
-883943
-1174622
-1924082
-765185
-1171702
1939750
-479037
-1340737
-818311
-75065
76059
499927
1547217
1087120
-562231
-364769
1943630
-625847
-78993
-1408504
1979449
-1638793
-278069
811185
1372665
-1150349
-460298
-923095
289223
-1655484
-1865706
983452
907710
399483
-634578
-591784
874809
-1029201
-173019
753108
908950
-917368
624161
-12371
754841
-1398088
-284828
-375025
-811397
-494569
824243
434181
991384
-1838740
185900
252691
-59245
-183680
174402
1281999
1241834
-387528
510588
496465
103683
474008
-573290
2390414
-1725592
-851876
900550
-250049
67486
-9792
1213416
1616380
-645348
-1361156
906970
-1596006
229006
-388983
1910654
347067
-1250274
547422
-487716
-682473
1792471
669272
115220
833700
-336797
-24435
-833089
-188724
665128
1227457
5103
720452
-1166060
826186
462318
960929
343865
73130
-1398107
1020455
-1627722
218204
-442738
-13387
838650
-74964
-323508
869862
-825542
1480471
-1344361
2164267
1185100
520138
-771823
-596279
-40052
462473
-486628
1183100
1077248
-687495
-471005
-1155210
393924
-234425
-3174780
2217856
445245
-804678
-181642
-609030
638299
-1370005
-2817295
1414107
-311724
26765
381987
-446662
1482280
-1371964
-2662731
1625185
-1176155
845891
-2127
136455
221979
-2042717
474328
1506947
-1220113
587383
-327662
-305363
651296
-1609222
1286628
-762817
-47013
11624
-789089
-1198208
422085
-1104699
1532546
-1541765
178510
141917
-2419995
81389
468838
-816741
1343576
-1442161
-238878
-263475
-491212
-138577
-53486
377083
2833172
-956367
329555
-1569432
-620398
1137015
291696
1012899
1523581
-55579
1280330
