#SpinCore Technologies, Inc.
#SF in MHz
#SW in Hz

[HEADER]
@CLASS=	RADIOPROCESSOR
@FIRMWARE= 3087
@SPINAPI= 20191127
@POINTS= 128
@SF= 21.670000
@SW= 127986.351562

[DATA]
3426708
276476
1789637
2348236
1661814
4047562
1103771
2610471
-1839836
2654322
-3834149
3422050
-4396484
-716919
-2591254
-2274509
-1747742
-3375079
-1971320
-2114501
201558
-2548128
1845088
-1929035
2399812
-1996341
2123954
78219
1389315
832810
91153
1127586
1814130
2208120
-1928446
1174921
-2512602
-895039
-407879
-936495
732383
-1690365
-975657
-675141
3295326
-1997406
1059420
-2139117
1873931
1603045
1825346
-241861
2580408
-684518
-44997
1452534
-897283
1611180
-1185707
559703
50674
225432
-1687294
-595413
-1720680
819657
-1025898
-729760
264346
-850418
155034
-18479
-572979
582064
-502611
413613
72201
1431016
688749
-452763
-1804170
-1063729
-505385
-604360
-330613
642793
-394282
-744890
107189
349318
-729605
-247894
-461174
468050
-853758
-630259
163625
-167584
224478
-1006844
-673031
-1002790
288426
-790481
258341
286457
649522
-579746
-308038
-3992
201822
-1252869
-190482
479891
461513
97368
-41453
-160547
-341962
-1072706
-14627
965316
1046792
374530
-983584
500458
713674
-784751
893432
-672707
-624930
-494642
1399461
-1248049
537347
700223
-97981
-167788
413026
484595
346191
834136
-352595
1831872
150473
-416158
370632
1166062
904474
428571
109468
849798
632616
-1157859
15017
970955
171073
-105091
118523
402410
815970
-1138854
-970735
-148387
1252209
240426
855241
1003033
1285728
-460557
40870
606430
-161224
-164831
-259432
1823544
-967256
482342
401420
834553
-810200
-404586
960313
1165296
-398558
-570807
-2131921
103951
1803637
-454711
-509584
-478547
-985359
293926
-727013
278683
191743
-1606106
304128
12728
523143
-138260
-2010551
-154062
615232
-910378
-353512
-1833963
727399
356252
-727810
-1486577
-568514
-90957
365527
-1375693
792475
-791023
-1343875
-1478828
-45025
505148
537211
30889
26816
-579997
394403
-1490196
-139123
-490906
185577
586965
1140393
703854
-87240
-1955965
12356
-352063
208680
-1371027
-1350318
144655
1051214
-59994
1524133
414043
-1585538
-1642007
378582
1317386
450141
-1358089
-1498467
367199
-533772
378279
