#SpinCore Technologies, Inc.
#SF in MHz
#SW in Hz

[HEADER]
@CLASS=	RADIOPROCESSOR
@FIRMWARE= 3087
@SPINAPI= 20191127
@POINTS= 128
@SF= 21.670000
@SW= 127986.351562

[DATA]
6450709
-302251
5334595
3510040
3421869
3929195
-24811
5277256
-2720768
5957165
-3736342
4430590
-4207491
588829
-3030784
-2626359
-2973458
-4508651
-121028
-3134006
3270475
-2980295
4950971
-2302148
3268030
501677
2308357
3432353
298799
4456842
-1035597
2846509
-3180237
3172697
-4063078
807619
-3826454
-20200
-1388415
-1638654
-654897
-2843287
-149927
-1943264
1254535
-2976623
1848068
-443769
2781384
1152205
1066832
784563
1181222
1794755
-56517
1067067
-1059183
2053255
-1841039
-127904
-1737884
257576
-508500
-1237503
-283085
-1113543
-8721
-2237264
-369078
520039
986551
-637030
329630
56078
1766713
1130609
-208447
-389076
836000
668415
-364645
2215934
-1612464
462494
-775802
-1173261
1344456
-1263202
-1653050
-404571
-1139383
-641789
443900
-1395916
697820
213528
-10798
-1119609
-1050590
-1324879
2664853
32383
-248193
1204716
73819
-321923
-569145
-532309
541766
515194
-1089648
2693
1603682
608284
-1072639
-745101
-387309
-532016
416599
-1123714
248141
857440
754549
268494
-210742
380656
-69653
685807
-410944
-8169
1443149
657774
-103102
517338
-1049391
38113
-868872
-230801
-2291248
543084
-241786
419314
-1466614
-205699
-1151930
-694130
134454
-517618
-349224
472785
-14003
-1102408
-437039
-447579
829628
-754800
-1081736
-733835
-1109821
2316190
1000707
314992
2994613
620422
247174
-714610
846720
465108
-162157
-557593
720141
2321502
1281441
742605
132825
-76605
-155363
-1492327
-1037506
1044752
491559
1020544
1331527
256966
353863
-1838629
-457847
-1036788
-153139
179946
-1467076
-148242
91202
-124396
954102
-262845
-173689
-1318854
-1836725
-246279
985686
-733426
1613252
350157
838368
-92604
-833108
-1697068
689596
-223743
386912
406603
1186795
713225
1536099
-1723460
-160595
1485859
-459370
901489
-1569464
1558153
1607163
-14396
647749
1354785
-1576681
-1196169
-2637470
-331404
1399231
1925579
-116899
441281
1025527
-1047870
-229942
-1156694
-605554
-366750
-50278
-841790
540806
808252
1039945
160992
-63971
381005
307721
-1006553
-144945
1700490
-702312
-36608
93679
897084
