#SpinCore Technologies, Inc.
#SF in MHz
#SW in Hz

[HEADER]
@CLASS=	RADIOPROCESSOR
@FIRMWARE= 3087
@SPINAPI= 20191127
@POINTS= 128
@SF= 21.670000
@SW= 127986.351562

[DATA]
154394
1239551
-1528644
823346
-2620105
-1649656
-30394
-902062
2317252
-3079329
2671886
-710683
575424
1347591
877931
329990
2617934
1966712
1988003
1373577
663152
4619407
-403294
531426
-247125
405516
-220879
-662029
-1177672
847494
471350
-877688
733473
-2818730
834328
-1260831
2331090
342163
1812725
-914630
640581
-563379
-820011
-312554
1565244
744086
70688
775580
-506036
-1151232
-717158
-1907153
-326960
-1442163
-276620
-593345
-1821660
-1462443
-2508238
-858532
1085928
-972319
595806
-387661
371052
-347787
-1234233
94161
456052
-887563
-457624
-614458
-990598
763970
-1631520
-116814
-822446
-2029849
-245859
-145414
-313278
200271
590347
361318
-2311749
-479160
-942266
-759705
-257493
-863968
-75991
-40385
-1396481
1449719
-811709
-608852
-370771
757656
1093044
879340
422602
454312
-1641458
592026
-462201
-491956
462096
83069
-692837
362276
-1054781
558574
-132005
58976
77782
441295
820088
628179
-937328
712292
-1609729
-366598
752094
165398
865588
741547
180064
1015484
-713900
1366193
734009
1253118
716010
-137115
140361
422407
-1052113
56163
1551113
41551
257318
-634646
557376
132790
735138
1302279
1386923
-53805
83831
124919
283693
171599
-159065
1914748
592816
-624137
715615
404219
1296636
756063
141674
1039308
327869
-114452
1071487
-746644
416646
645801
-371585
1126520
-357832
-528823
-588912
185196
-88713
232907
1727066
1062854
224222
387458
1588853
-941569
-1239336
-163245
880765
-199205
-923508
-871938
-1118777
-833224
-123807
1261997
1127436
52531
1156714
-136628
816676
-1070910
453088
227420
954045
-701667
547077
-135214
-1173608
-1444965
556786
44531
1007859
-1535629
358397
-880434
-501506
-963742
-332077
56105
-893714
-2413253
661877
-282654
-338887
-1273345
-5567
1038178
-458733
-1451080
-260839
1003686
-210221
-50154
-638589
-312580
-2228793
-1165487
121046
-903210
-1142326
755160
-450277
-525293
-1773921
-1228133
-261507
-827419
651361
811716
669109
-580942
-440427
1343723
719844
333601
-1150192
388389
-309208
-913767
