#SpinCore Technologies, Inc.
#SF in MHz
#SW in Hz

[HEADER]
@CLASS=	RADIOPROCESSOR
@FIRMWARE= 3087
@SPINAPI= 20191127
@POINTS= 128
@SF= 21.670000
@SW= 127986.351562

[DATA]
5798326
-1519770
4288735
1082133
3610217
4704427
681158
5446144
-1729789
5320871
-4866559
5150460
-6177405
874002
-8850248
-796576
-4648101
-3017701
-3565198
-4649634
1403329
-5248544
1442849
-3809948
5810187
-3712309
3392294
565988
3855127
3257705
761317
4614453
920816
2406653
-2510383
4768529
-2824413
1857308
-2540530
771542
-3284251
-1430226
-412880
-1778934
-1099477
-2529331
1350829
-1676592
2128999
-2054640
3191156
853223
488290
2482233
1121458
446318
400552
2795389
-674392
1170873
-335226
2899990
-1860727
141845
143145
174839
-1292609
-361797
598660
-931895
-505678
-1493580
1630293
285236
568821
-1456257
1619450
227187
1018674
376235
3137669
-594650
482821
-982762
864216
1297519
-371828
1176928
826955
-471181
-412396
359153
541839
-476999
-792821
-419970
661762
-823961
-795434
-871189
1054191
-235402
-890413
-791761
723343
-105438
-262687
-875041
983616
-772449
310498
1307735
1328094
916759
-574479
281215
-744535
-648290
-965609
466554
288263
-428751
-1165114
274126
-1801859
-786710
195032
-654384
730238
492904
-1909725
-545726
-184034
476390
-1202177
-1081405
-201790
822761
-408771
702335
-129816
-483232
-749196
-51093
930796
-1083059
-10595
206643
-1750413
256244
-864319
-525098
282687
944905
-676451
-888097
496751
602943
181400
222585
1514295
412732
-883530
265359
1926246
227481
543828
3246480
1544597
802810
-1269110
359819
19954
-761774
-880713
1919295
-1045829
-641035
-889548
1167663
452567
-1962014
-594101
-383627
1055381
938673
-66683
885046
-618201
396072
43976
895499
271646
38248
859991
691409
840649
-391257
47589
1762306
396176
-984710
1095302
668160
320668
-361816
528313
851372
-686129
-630255
48075
-946429
471835
444790
242756
-455426
246487
-117837
-511254
-862702
-801009
-406138
965212
-21770
1165121
-1853131
-1631793
-444045
37544
-52223
776710
-501181
427482
-2790508
-600811
-633796
1424845
-39879
1361850
677687
-939928
-2042544
-1469773
-628661
910027
100615
595263
783188
-1504655
-1486546
-588261
-197648
924286
-655220
1413331
-305928
