#SpinCore Technologies, Inc.
#SF in MHz
#SW in Hz

[HEADER]
@CLASS=	RADIOPROCESSOR
@FIRMWARE= 3087
@SPINAPI= 20191127
@POINTS= 128
@SF= 21.670000
@SW= 127986.351562

[DATA]
1324784
113573
1161725
2363617
1190617
1236762
450965
1076082
93855
870614
-912741
2009004
-1847599
1557943
160093
-447395
-582601
-141011
-121991
154496
-151235
-1159181
85525
835268
-197656
851838
353952
-307584
-857005
-741636
-727423
684119
-598279
-240901
-1059824
-433880
-705818
-20207
-278122
-997603
350566
-1766978
667795
-1453713
1239479
-1165863
37972
-1197859
531057
-349616
1497986
1032087
512197
102829
1043393
-519881
796771
1108028
9770
2074210
-595894
243964
131775
696440
1209674
-81798
-392075
535333
770
-1622796
1263856
-331118
720512
1958571
-753525
-189441
381799
78422
366980
575498
-1030487
1384693
-1074857
-711850
-648509
-93664
-434302
135039
-907783
-177744
798260
-1347936
-82368
-308647
-217515
1698890
-600002
-1436126
505662
614690
470231
1105290
354252
1358320
815893
-1748199
1737296
-143798
136833
-58313
-166604
-1514646
-242816
-199307
526750
918936
-925083
-698673
64851
-490631
1482634
-1103303
-484071
328485
-832661
-1249267
-144095
-230598
1061729
239309
-493114
-498324
-258655
-710810
-154155
431761
527056
-505864
277028
497937
1743968
-1201829
-850525
457267
-991249
-565886
-210253
-124881
834785
-219425
-436933
1201341
-1027751
-213303
964886
-632809
221536
581857
317591
-769472
-1019657
-613655
761856
36870
753798
946548
-143405
-124740
59473
-1744641
14126
1124019
-381327
1792930
930950
21864
652588
-214888
-463480
-352279
-813689
1635188
2405222
692633
-522620
976992
-413877
487485
-1660914
238996
562671
1296206
-1220594
-247640
1382312
639
-461401
-1007006
18968
1977291
311863
-1580296
337096
136211
189689
-625099
-342928
-400580
206006
-1000307
-44368
744591
608449
-588827
-2433823
437597
895451
-465418
-238854
-361451
900328
239744
-1764130
-1244753
1549194
-596998
-961668
-227670
-582134
-257953
-426352
-604130
926289
-2388158
-470991
195526
-749376
-245966
-461449
-701551
143759
151763
-882904
286318
220193
-423549
286044
683276
-443020
-103568
659446
-729210
313573
-501093
-71161
-815281
