#SpinCore Technologies, Inc.
#SF in MHz
#SW in Hz

[HEADER]
@CLASS=	RADIOPROCESSOR
@FIRMWARE= 3087
@SPINAPI= 20191127
@POINTS= 128
@SF= 21.670000
@SW= 127986.351562

[DATA]
4615740
-963239
3547471
1106793
1862860
2268041
838380
4381371
-481518
3951346
-3634022
2287235
-4404288
415891
-3469800
389775
-3184354
-1099395
-1107279
-3808531
58463
-3744166
1934794
-1319155
1927219
173054
4358345
170082
1017810
743727
-822772
3351512
-836688
2697149
-140237
2560151
-1283177
-305042
-3770632
873477
-2198576
-232946
-1330302
-1446292
1340466
-2872816
41405
-754844
422596
-735497
1929496
1091809
2783730
-228160
335071
119692
-1372346
1151082
-740976
1972476
1268503
-55344
-1024275
556427
-989993
-13383
-530597
285311
671367
-1682969
-708891
-368313
492623
-789829
111939
11542
645925
-352129
-273385
-1077262
-1157672
-1111048
187331
722037
669421
1280579
1627953
-25254
-866000
-1162501
576793
1774542
-199375
996556
1120195
-387956
-1106972
-1803144
-993250
430098
-201943
326727
1394534
338106
-444312
-1105575
427733
194358
744027
-2090
363310
994354
-693954
-130820
406678
8364
-1156746
1337197
46901
355666
1282942
117341
-1912321
767484
-1939693
995520
-722944
642224
428529
-832127
614637
466753
-950365
219526
-581776
1726004
-766154
-346840
1281820
251438
-1987439
1386290
-1043261
1068253
-6832
413718
-1191692
-459346
-821329
388667
-279714
-434359
330984
791707
20546
-254604
-243763
-1272255
-94552
-560480
-406628
297117
-652923
983471
-707818
200987
-1581771
714515
-379923
151549
-706029
584672
-591053
-794920
-642160
1036193
643172
612808
-36340
-466079
190484
-357648
119407
525649
186603
891642
-392186
-380352
-549671
-1257853
117810
72330
-399242
548421
-955439
-278353
96476
-2024496
-643830
652690
-1401151
-623572
580703
-481504
16059
-1451639
882542
-303942
-1875039
-944103
224645
-1132721
362101
-1198867
941355
813537
390066
46841
773285
-812024
-176437
-867992
1277984
466169
-1346141
-149706
882543
-299793
483233
-634972
518254
149325
-214597
-1157446
1540212
-319281
-32377
-490837
451278
319008
-1176236
-394354
426353
-220480
194194
-940252
123876
-54140
-148949
-963792
1124168
-1001565
617102
1740937
1217434
1106346
