#SpinCore Technologies, Inc.
#SF in MHz
#SW in Hz

[HEADER]
@CLASS=	RADIOPROCESSOR
@FIRMWARE= 3087
@SPINAPI= 20191127
@POINTS= 128
@SF= 21.670000
@SW= 127986.351562

[DATA]
-2382618
1369053
-2529368
-544421
-694774
-738036
-874029
-3145667
1199987
-1470105
1098230
-665648
2568901
654462
555694
1143948
2423087
1289099
-732164
2162692
-1088387
1262735
-297673
1717685
-1811533
176505
-1962277
404732
-1889963
-1102799
-1374857
-29786
239742
-766445
1126335
1213956
376075
89754
458332
1059140
1224972
1049023
743064
4023136
-1280071
1365993
-786734
999800
-1267023
466917
-1969133
766822
-2142965
-411041
-871100
449992
-576122
756025
-1568376
900139
-157120
-191529
306770
-242248
478591
234740
71772
440210
326023
-1182115
-11984
1063343
-423248
759238
-2045598
238120
-1469673
297166
681756
366893
891261
1099978
-1075748
1711141
-360057
-545657
174404
1792616
479608
-606360
-189723
39129
-797320
485890
-641235
663714
1494630
13242
-966824
1488748
-443113
569127
-334057
335436
296871
-232187
561399
573354
-595373
1300307
-447053
-437208
-28842
955352
-218317
560898
-128117
824772
390311
-218002
499610
1350495
-54649
1077777
-900813
1258017
-170996
285828
-200306
711499
-711504
1627820
-890631
592166
-801208
203482
936329
649096
-461759
-319634
-2056020
-706103
-644597
-831526
84363
-706428
-619625
1502820
-1873136
-428293
-16832
467174
207997
-921556
437983
1351130
-728711
449556
-248488
-211911
341554
-964482
531323
421604
-127919
-590361
-443107
-116574
-417774
240221
545885
-928975
261497
349665
-1171914
-744764
-263610
-725704
865588
-500717
-296591
869745
272393
12173
-124731
-21381
688954
122011
543015
927518
-2329679
780925
-1508069
-385628
-144462
251963
808198
1147928
-536203
-403606
-1762439
-296725
1623339
-908644
530586
1357239
-1171935
65824
-453419
214598
829313
-883943
463412
1726612
-1085478
-907439
-486878
-1429866
536603
-145271
684161
473276
-561002
-866155
456030
-739773
-32336
-626234
-14572
137387
166551
-657479
-832733
126093
210165
3501
-329180
1130593
-314118
-1137205
-1542052
-132761
-381732
625594
1174769
-589202
-1878513
-922656
-225903
-411424
-504520
-680280
399285
-1115292
-673537
-975098
