#SpinCore Technologies, Inc.
#SF in MHz
#SW in Hz

[HEADER]
@CLASS=	RADIOPROCESSOR
@FIRMWARE= 3087
@SPINAPI= 20191127
@POINTS= 128
@SF= 21.670000
@SW= 127986.351562

[DATA]
-4544854
-1868818
-3071594
-1817559
-3631881
-4463709
504260
-4670552
1816238
-3236948
3971906
-3406435
3441900
-776516
2093475
920356
2157267
3443968
-2368490
3682258
-1020263
1935388
-4203476
1221326
-3067385
-1578151
-3514135
-863622
-1986712
-5090985
324994
-3044629
2877520
-2254949
1214993
966778
1783592
-547174
1750336
2329283
195146
488177
407321
2768880
-1827103
308568
-2015802
-530827
-1544648
-265083
-880711
-185026
-860224
-3028020
85700
-1461155
649347
-650051
466852
-140929
977881
-1950827
13672
1135497
374944
785277
287735
1213501
-1123463
-394307
97739
1797643
-2477387
-458778
76001
253399
-950355
-2084139
1170885
-322461
-1366937
27792
795169
-1647564
-407903
-688122
946058
-1468438
-650052
1982406
365771
-583692
-321333
943232
-295439
-1672566
169323
942945
-454186
-1262392
-408557
-274939
-1276391
-444452
1358668
-387639
-248074
-91777
881571
-841844
636707
-438256
736160
-600059
1340248
-1084617
-192282
-1344917
-21908
-495022
-522456
198578
1121600
-1155914
-499191
485332
528285
-1252659
-281060
146110
-240376
-1362407
779734
467862
738417
-1014570
946013
877842
-887792
-503158
1785711
848590
225193
-1446599
1854805
321305
-554429
-75436
-926
-676541
160733
-434830
237522
-507959
-464350
-58090
862910
-378973
1158788
-555949
180535
-802163
1293875
940446
-3106518
140117
-932004
-751336
-1222352
-945720
34493
-1206606
536646
-85555
-1265818
-308153
457555
489789
-504934
390072
506300
-304573
-1231028
-290852
1609021
-90075
-1159385
-637375
-796334
-2162392
-1364821
618624
588819
-1520355
-378004
520945
92183
-2016874
-16643
-136996
-358893
35687
366264
849739
-1824234
-406864
-953821
204535
-806069
894468
675737
-350156
-730313
-381878
-1616649
-789873
183763
377197
-332010
-1902699
-11538
-1053902
-518891
139264
-1017460
383203
-74538
-984769
-239017
132623
-1340298
454889
-1221284
263637
639584
365367
340739
-996232
838194
1788097
-1458293
-362758
-404034
-405256
-966572
-1676426
888408
284097
-1813631
514800
755087
219700
28723
-454685
551769
1332507
