#SpinCore Technologies, Inc.
#SF in MHz
#SW in Hz

[HEADER]
@CLASS=	RADIOPROCESSOR
@FIRMWARE= 3087
@SPINAPI= 20191127
@POINTS= 128
@SF= 21.670000
@SW= 127986.351562

[DATA]
-3468483
-612186
-4838227
-1518016
-2636604
-4358366
561294
-4334679
1959138
-3760979
2162075
-2135503
4812192
-889822
3826570
1912371
2767644
3565775
1814260
3794316
301610
3802896
-2410723
2979455
-3689407
257067
-2924063
-859567
-2485651
-272960
-1416828
-2423797
-1184136
-2248097
1211381
-2023432
1287459
-1315486
1792671
-1706366
1808988
257932
831855
1997616
-206670
1945422
-124835
-217797
-206294
599483
-1919385
-284425
-1489724
-545201
-1515
202934
-56428
-280337
-119951
-1071924
247753
-708234
2098881
860501
1294910
1453952
659876
597753
-219132
-172590
-1289255
1608457
-237006
-596758
396139
659900
-55804
387649
-999407
-906458
-512543
-857551
-1026713
46808
-358992
-1022455
76353
-546675
1630576
-222882
-696153
571277
1848430
-461031
1367293
-436279
1068038
1301097
-718032
16648
-979235
823145
790535
703351
158564
135507
451540
-47371
-135532
-1003833
531059
613931
389145
1357749
86714
546762
244201
390481
-404017
-616652
-1669688
130259
726953
-1149223
951275
-111409
-163149
-364478
-1078763
-695973
-1539143
-63887
753183
-1349600
-355252
1133423
-952040
-589723
614923
-1669190
1024586
526069
450567
41357
-175427
-529032
301402
160642
372188
1069557
-340464
821748
651482
-608021
256880
73578
756372
1238720
-1876695
-1464768
-612784
-1244607
274326
168279
-146714
-946617
-817970
-1575853
-195533
454081
333377
458744
335988
752848
226866
-101835
-998905
-96198
108714
137398
-1170769
67803
1020283
574980
762200
55682
-119919
-197286
250483
-174293
-474731
745737
-26811
379760
-663339
-181108
2092853
774884
-1921572
-1303235
-393803
-545617
734619
310418
1107482
1669384
337269
-503322
148219
-1326422
384889
725454
272583
2245457
-224474
113095
1534810
127817
-459865
-243735
-810140
1502312
-520673
-1174414
747460
415258
671168
-1327264
-864065
-1203377
307614
545830
-514797
1643917
405546
-177687
874103
-2450957
320642
-1174864
-2229908
180700
-72572
630088
815153
-756520
1801589
1346860
-985341
-612918
-584285
-663692
-568797
179812
-556666
3108
