#SpinCore Technologies, Inc.
#SF in MHz
#SW in Hz

[HEADER]
@CLASS=	RADIOPROCESSOR
@FIRMWARE= 3087
@SPINAPI= 20191127
@POINTS= 128
@SF= 21.670000
@SW= 127986.351562

[DATA]
-5793551
1572752
-5800773
-1815483
-2489468
-2342683
158703
-4300874
1588037
-4905144
4394940
-2728728
4960887
-1476798
2626803
2933180
1954430
2525626
1405958
3174770
-1723539
3474014
-3573112
2122169
-4041666
107099
-1638343
-2805709
-2619268
-2426945
131542
-4720103
2278822
-4135040
2474358
355265
1938071
923942
1807517
816784
1891780
2046393
-1156846
3832157
-1198770
1247496
-1538043
1282370
-1608944
338932
-2499427
-1050779
-82184
-1885177
-541819
-1528978
313405
-1541747
468551
-388935
1598315
-1757008
2730939
-256101
1221606
1282337
402923
1250269
-1417228
989925
-788024
-424804
-521820
1567158
-745889
-121226
-1174762
656182
-860510
-1858947
-571982
-365132
-1196704
-631180
-624035
-624916
552645
-1358843
865541
130682
-156050
868218
-1057632
-770269
49915
440533
-359704
1123082
-772279
639719
644229
-599182
140545
814614
-99168
-176709
-287121
-1427346
251862
1156637
-1416842
-482960
923207
-506412
-598339
-1227240
2033093
705840
31621
-506774
-475874
-54289
6553
-1192878
1974039
1619722
5254
544180
-869872
407878
-305270
272446
-675144
748395
1126283
910574
-889101
-1415764
462046
475128
-1377592
-52707
1880468
-692495
501406
-335549
-229513
-527916
1007646
-266870
1395832
1364151
-420263
608689
-1365800
-224142
-122262
-1153538
-379678
2237839
-755134
-231304
904162
649619
1574216
-607324
-205275
-22605
588676
-1288273
1539812
-402178
-1837924
1314358
-19813
122404
1747934
173721
-96419
345146
12153
921014
-113196
-1042371
781903
-693844
113061
233346
-1026939
98308
-72360
-141723
-708492
1248191
-132714
709093
-635167
-934463
-506803
202168
378920
-168571
-1069155
-1339072
225832
-654124
-803213
-663314
275634
-900153
-301931
158668
307306
-80116
-16704
705027
676041
-1411132
-11135
-594187
96922
220652
-119646
459139
1936754
83878
768009
-115905
-994661
1171516
325432
510250
-1086670
399654
-423185
805665
-658508
-236108
1380642
-778510
-484971
659954
-709812
-161194
916942
-259881
-53379
851642
1879804
-266144
617079
-198509
485836
-196883
-512827
-79813
