#SpinCore Technologies, Inc.
#SF in MHz
#SW in Hz

[HEADER]
@CLASS=	RADIOPROCESSOR
@FIRMWARE= 3087
@SPINAPI= 20191127
@POINTS= 128
@SF= 21.670000
@SW= 127986.351562

[DATA]
5435445
-714642
3658375
2217190
1155634
5309682
1188285
5999954
-2948908
4560257
-4784792
4069234
-7310832
-731091
-2988044
-1726470
-2011049
-3155141
427913
-4370148
1646782
-3196983
3922439
-935836
3972696
357186
3753278
2143217
647222
1669163
-1744155
3073558
-2114422
2627961
-1682767
590355
-1418310
-2133994
-1849805
-2211268
255414
-3222650
-237333
-2864841
4309800
-722994
2848106
-812893
2117487
652283
404952
1839763
1349769
3627284
722697
2214540
-868252
1750799
-2754665
286137
-793656
1894866
-2190598
-1681851
398184
-71
-1196004
-2025804
-7498
314547
2011451
-1018907
114197
685005
-282818
676152
-608461
-43740
1298796
-158213
-1053875
328562
-166095
-575588
1186024
-627584
360179
-251124
-944617
-910597
294880
-309944
-810393
-1018880
1658271
1118237
380508
-1141206
482854
-888160
-514874
-598537
-534776
2342584
99463
-495421
-158635
1748176
842856
-548959
-596421
1152163
141940
-172579
544087
1060124
167391
-262523
-2240169
-945246
-1345618
-589725
-818662
889263
95139
-586747
-432709
52684
-184219
-502412
-1392982
854161
146367
1521211
-716613
42329
-54267
-783550
-239403
-213714
-237465
553831
336241
-677166
1411301
1361670
-72789
-233154
464564
-1549173
880866
-66769
1567872
1340973
1001559
-120318
208712
501466
-416059
913406
-812417
340864
1026355
1526418
654374
583406
-1068100
123567
654481
251169
341909
488470
70550
254864
209574
200898
-1432448
7332
-1130216
873739
361645
-754362
599022
561178
-222351
-633421
-1586739
-1107124
-743774
-525285
-279340
60248
-10709
-668925
-436004
-1656754
573909
-328783
-960280
-150845
751999
380797
1456831
-1223224
-963653
-820676
474820
-304437
-713909
921120
592344
-1228645
-487767
-160528
-1237720
-1724920
-1428772
140515
-703976
871320
-374746
1630997
274963
-517179
-687006
330897
284462
-420162
36417
914967
1688641
-318310
-1020260
-179102
311310
-626586
-2051364
1134349
-504171
719440
677025
-343101
-822005
44373
-860655
329278
-1492854
143879
493879
1041333
-274741
440651
1187064
12199
-2603121
-549082
