#SpinCore Technologies, Inc.
#SF in MHz
#SW in Hz

[HEADER]
@CLASS=	RADIOPROCESSOR
@FIRMWARE= 3087
@SPINAPI= 20191127
@POINTS= 128
@SF= 21.670000
@SW= 127986.351562

[DATA]
2861026
1401909
2649490
1618451
2640207
2794653
360249
3136655
-692845
4770097
-2397222
2123364
-3469101
-45533
-2652042
-1077513
-3309874
-884536
-1894968
-3609564
1608509
-3473670
1853708
-2058578
926857
-208496
806119
2421788
1805731
1010181
528588
1027596
-1451993
2128167
-1544001
1963690
-1889631
1177088
-1451902
-1576904
-2455889
-1722783
-1127627
-2334165
443217
-1179330
1765352
-1431751
-20280
-228186
2244461
446817
633705
1724358
945900
947829
-1691008
431722
566290
64842
-919036
1184142
490520
-136152
-806622
-574072
-814603
-1257624
-888035
-263704
1370642
-1371731
-414102
-730892
-409024
-1035266
-469512
349616
772077
460325
-91140
-486564
-738536
485449
-41570
1343078
750405
250867
432134
295569
-729898
-1386343
-419967
731192
-727142
-783294
213639
-1027052
-375205
-1090401
1174372
495909
1355401
456070
1266719
-623655
605107
-540133
2115388
571955
456908
-495974
392008
-2057880
-12240
-990401
-1225282
-767702
-357783
522647
-218034
-1674013
1488450
360766
1136536
50433
595161
126638
-1841474
-979009
392655
-600933
1356624
238649
1346613
126872
135291
-781610
-160245
112755
636626
217203
152393
-905464
445977
240690
166480
-772675
644263
-383398
901821
-674831
423096
-1796659
443510
242209
-541418
-836583
1073060
1334844
-91681
-25106
-166385
-1293717
-188477
-667029
301493
921205
1904858
-473464
1502519
-460269
-133894
258266
-581026
779725
1580154
-376464
1591814
-535436
-7013
276237
181843
552682
2288909
-239862
335625
-656782
760105
-839474
-465922
885881
1817759
-2042484
327111
532864
182822
36117
-488010
1985876
1569276
137950
552894
373553
638870
-952850
-666286
147379
2017991
-1068011
143865
666852
-569224
835772
-363887
189526
1308632
629227
-232702
-1436756
573509
-148845
-81380
553844
1406708
-61669
450796
-872924
-124989
-785701
-200427
-21175
-562189
776371
353081
18618
922459
-1573792
89662
-660813
-290859
1948265
801142
129272
80855
-1234961
-102641
850970
-305154
756074
-368789
1665474
1440015
-1540133
-308563
1710978
