#SpinCore Technologies, Inc.
#SF in MHz
#SW in Hz

[HEADER]
@CLASS=	RADIOPROCESSOR
@FIRMWARE= 3087
@SPINAPI= 20191127
@POINTS= 128
@SF= 21.670000
@SW= 127986.351562

[DATA]
-3880767
214351
-5322737
-2241245
-3560022
-3647228
-1997455
-3851754
2209123
-3618174
4926609
-2008479
3213080
-614373
3287925
3456430
590469
3496151
-286486
1922896
-3288072
1629909
-2720267
1033909
-3466828
125564
-2328185
-1519666
-2149737
-3147368
1184119
-3357163
1322841
-1790959
2316266
-958853
2118198
1386300
970900
693745
1316988
1487999
-668877
1439842
-1610596
2098589
-2880502
1053995
-1645403
-1962951
-893508
-173765
-1922261
-3157231
-919814
-1325594
395522
-2717595
1527517
512329
-841611
1369284
753846
-650218
-524670
1608420
-279240
358417
-1173606
2211882
-2009413
-1413695
-453090
2161026
-1241974
-650437
200729
292239
-2274990
-1096465
1075544
584028
-1986722
-348736
314594
-213307
-750520
1176404
595614
-207460
-682620
951034
-967350
-687347
-562629
1820452
-552751
619854
-328457
661085
-2590917
-787466
-779395
-43398
-805780
288648
670179
-1263828
-443515
-454924
-272948
-1386017
-426049
59208
650654
-1549728
119457
862521
-921555
-444106
-998831
1045259
-917062
-1109588
236168
483876
-2407678
-889076
288170
-1060458
-299342
183834
-933775
-745343
-1415079
205432
-439266
-1328394
672600
-923246
-712807
492165
-153106
-122880
420413
358522
-407382
-948264
-638756
-151847
-490783
-1106407
-1286052
95818
-1705345
-318807
550069
-157733
-299397
-595324
433457
401616
-2498999
236297
981257
-703838
-972031
-276288
1044096
-695939
-700656
131721
772460
-141075
-689827
1668907
173304
-877201
2001721
-289231
-703995
-887191
35973
729315
-779701
-816379
701876
472120
66903
-1446894
-582850
-1235010
-47113
899137
92491
-1101528
-126715
-401233
-714243
-2085322
-458844
273269
958827
-614694
554586
342165
-1626989
746390
-1201399
-1238781
-282796
75036
258413
-813267
-1057130
484841
-1302129
-1732583
1035194
216846
-141193
-1170463
2048745
1540153
-1507804
-632751
1275126
-255482
-1124552
635624
1132700
86897
-1468552
220484
589217
-1133454
-839885
19918
-387606
-1489466
-137777
-842416
-93691
-274846
77706
86647
551572
-815326
1036146
17902
-364717
-207291
-1382206
-439397
-402065
-414824
