#SpinCore Technologies, Inc.
#SF in MHz
#SW in Hz

[HEADER]
@CLASS=	RADIOPROCESSOR
@FIRMWARE= 3087
@SPINAPI= 20191127
@POINTS= 128
@SF= 21.670000
@SW= 127986.351562

[DATA]
-2138631
1009091
-1693501
-1393013
-1055535
129957
-103069
-254242
769511
-2606579
2034398
-738122
1544752
1273025
2114711
1764446
1272876
709077
1384367
1184754
-3297352
539768
-688131
-402631
-1237196
505604
-877984
-1584351
98267
-2267935
414477
-1906291
161105
-356586
1502002
-1197370
2375091
1543412
497208
1287703
1452338
-168492
-154428
1469446
-1966736
2300641
-2154920
-525034
-1207868
-258093
-1621887
764919
-776217
-2423920
387301
-1029344
447266
-144086
424023
-1130701
1194822
-93872
763511
443773
171800
-936853
284326
1274431
-141280
1683493
143328
-1945276
2062114
458193
-185824
-262214
-2037406
-895663
1701881
-80586
80801
33262
154149
-926828
798272
-1427962
197474
378276
-1795692
316248
1327174
-1093173
463626
1194225
-231471
1256394
-186470
-1301286
-714794
865771
-662933
-892167
-535489
-1037479
322956
2318572
-815400
93951
-139355
-845393
1403787
-1446438
180455
423365
-78808
-104042
99660
-423292
1462913
-406425
-924383
392819
211680
95194
-992036
-967975
-952195
-168610
183418
277321
-335420
293524
542682
1276062
724874
-973574
-495887
-461190
-1031872
805431
485923
634349
1556021
571730
774067
428396
534231
-818094
-1096127
758325
-472843
-340768
1137300
191961
1421406
142651
-137954
-216312
-325407
-365410
854591
694694
399687
1721254
-625041
-384431
-480239
1013727
-474909
-862471
-1113488
338110
787180
1056059
-513265
-1479829
-551171
116225
213026
155055
-1303674
209118
1434092
-1310571
217174
-471471
188586
-518019
-1127084
-213019
604945
991349
734823
111036
553533
826496
7156
-1685579
-1080425
446105
270943
-532402
-218431
-1001348
254001
863911
242920
-269581
-144846
731333
-673851
-431394
-378875
-235523
213686
-722147
11293
861448
882059
-848135
344998
-638377
756837
1637332
-1503989
-2093141
209481
907611
727468
832110
-53068
67102
360931
7821
-425537
213089
-456607
1081413
-464447
-1495662
450610
1330731
10949
-555544
-82740
501757
501464
-1476751
-1315670
554555
-64835
1708126
188786
-1305285
868926
850853
