#SpinCore Technologies, Inc.
#SF in MHz
#SW in Hz

[HEADER]
@CLASS=	RADIOPROCESSOR
@FIRMWARE= 3087
@SPINAPI= 20191127
@POINTS= 128
@SF= 21.670000
@SW= 127986.351562

[DATA]
-2811163
1341209
-2606565
-2647279
-2050026
-3342432
330475
-3618067
-59875
-2038473
1079709
-3179300
2441107
-1420388
2739782
-558213
706512
1970570
736545
1672911
463368
1928173
-1604678
592067
-2618212
1274527
-1459893
-395911
-1302454
-1222702
-1248897
-3246678
200306
-1279759
1168434
-655663
2341515
-1506665
14234
-892901
1466284
151369
1403176
1583197
1812271
-163753
-327738
1684985
-993277
1520160
559473
-293449
-486672
-2636109
-964302
-824633
-899764
23531
556645
-1388454
874654
-2536707
-796383
-427220
1185580
422589
2295198
914512
802355
-2077041
-209498
2330160
-858563
1057156
470946
559489
-711604
-1990835
162623
-146187
-565364
-190164
391185
-1013405
-1289675
-657803
-54906
-150632
-209442
-641005
1030674
-604199
-966897
-2018678
174940
-846951
28842
463261
769968
-778360
796402
-708552
982544
-466085
-1192654
337160
323914
734528
1586414
-1002052
-108464
875153
-563429
701356
-98763
-285643
970826
-160125
642926
-44588
-1092724
-170252
-540633
828651
1372492
418661
38053
257999
157982
770307
-576577
902219
-22582
341705
605508
-964860
162166
-798539
-499921
282930
1267495
220376
1333766
-554090
867144
492113
-486349
413890
1089131
32537
696518
-77698
848450
-114332
-90044
594281
788349
-227749
1042320
56482
458283
-760663
-383737
1251676
400178
-443704
1285496
-57483
-287269
-404956
-495202
-587673
1033465
-61199
817576
782010
-395289
44214
353680
103262
1767505
376062
1511762
-144027
161755
351987
665176
402018
902547
-743878
473497
111251
361172
891736
-2314815
914279
583824
-676387
1124584
-1078778
517359
-277221
-898201
1295313
504273
1186591
1446537
-1921570
-239663
-522403
-999166
964887
1374168
655501
1041069
-523446
591586
-436698
-79602
1182980
948242
1333161
913589
-419570
353216
-1388812
11092
433975
1447443
1129829
211031
-1247870
1576063
-1285069
724120
419210
301739
1900040
-76165
-104508
62081
-273950
-834402
337299
184201
15346
-560716
247603
560519
-918670
423587
691085
-86050
1649769
-576477
755837
