#SpinCore Technologies, Inc.
#SF in MHz
#SW in Hz

[HEADER]
@CLASS=	RADIOPROCESSOR
@FIRMWARE= 3087
@SPINAPI= 20191127
@POINTS= 128
@SF= 21.670000
@SW= 127986.351562

[DATA]
2049418
-95789
1638850
-274373
625719
1988695
-2140636
806666
336577
1554144
738307
913542
-1688368
1624503
-2078256
182756
-963412
-21708
185789
-172044
206487
59285
-871410
-1409046
-451567
-809290
109111
1328182
1100221
92265
-1275422
429253
-192130
341647
-1643645
862741
-865749
-53025
-53230
-1677167
404725
-309672
-1767484
-1191301
-81359
-807892
-276731
24968
846098
-1076296
591002
-638929
-289114
-954666
1039999
448663
-54255
-57751
-1036955
-575843
-542050
868131
1493031
692954
-841574
-673915
248241
-1032360
-1633878
118474
-19868
-334799
-297638
-292782
1238204
-871867
-1971503
249457
-730631
829658
1035382
-339737
163990
380240
-260318
875450
-1263112
223857
744221
229171
1667222
121863
-1542749
138620
-461831
145184
948703
315215
-182850
419424
-588626
563324
-1256327
-690209
1292961
14946
1344123
987961
-1042546
212415
715204
-1913747
210030
1112563
-1713338
925514
17878
921530
791539
-368313
-1755809
-496062
-1033476
1030952
-713574
-134632
310636
876536
-324806
115908
-910099
-688623
-1107379
327416
789946
1338904
706804
-397760
-372354
-441228
-1382624
-1279677
459792
697417
568915
419220
-138770
-99299
1298670
-874343
-980599
432984
1162930
1052307
-1450330
-1167371
1008598
-1043499
149591
-610847
-634647
546097
-442786
-724081
1821788
260371
17598
134233
-1035529
656171
-188490
-755409
151341
-318670
748030
1151276
-1047904
-927122
927010
-1532666
-193931
1323161
-919461
2057085
479259
-72312
1075253
369459
-237395
-296455
-1782720
1707570
1290963
-1692247
-208496
999181
-1393852
-96082
-1003591
-31236
1064594
-1064836
-751631
731419
-268682
396362
-1506176
-1577241
2156202
-1018729
-475807
711780
-1188813
-281415
-1523123
19755
2154554
824373
290976
269059
-1022573
239047
-1323211
-1503163
547497
831703
371574
375677
267899
-848997
244633
-441853
-1044855
988552
-14717
1402701
-543974
-1889206
175890
-1857188
24133
646068
-879814
1270723
78284
-1158096
351727
272681
-552952
388979
-658898
838338
-151852
-1494554
804857
1697225
