#SpinCore Technologies, Inc.
#SF in MHz
#SW in Hz

[HEADER]
@CLASS=	RADIOPROCESSOR
@FIRMWARE= 3087
@SPINAPI= 20191127
@POINTS= 128
@SF= 21.670000
@SW= 127986.351562

[DATA]
5126071
-2072904
5530624
1417119
3867322
3509587
106918
6620935
-984822
4346908
-3871925
5056728
-4838391
1116050
-4146647
-2553161
-3801193
-3742517
-1738084
-3571395
2278916
-4835283
4891490
-3089334
2581904
-582884
2050638
1056701
2979652
2671697
-151509
4561418
-1137898
1768830
-2103133
321087
-3392898
1794142
-4754708
-2123830
-3449737
-2327101
1413701
-754483
452426
-1061871
1472275
-4154101
1802940
-1680129
1458765
1035241
-635251
958553
1938983
2377499
298817
2578184
-1879920
1503764
-1482628
-1328267
182089
1434746
-992758
-67571
-1630056
-1943905
-466050
-1837083
-295785
85443
-729742
-141241
1450961
-856542
825435
961028
-741302
762954
125665
692023
609594
241103
-1765722
590356
4185
664064
-443281
104540
-556656
-341052
767844
474809
-1089965
-2138681
-112887
-2399819
-1012986
-2231306
548314
1269787
84311
463368
-156632
739917
551075
425164
-1117064
55414
55888
152003
-477676
-293108
-522947
1649855
855924
-1493595
-454771
652961
275157
-784805
137304
-1019097
1190280
-176456
395826
980959
1384235
140225
-229250
-1364188
1470971
1440824
58557
1797271
-378810
1600754
703350
639876
-1940965
421261
371165
-627104
-2148781
191715
-1368431
1445805
243941
-299574
278094
426573
1182803
-1218108
-827743
-1649128
-482442
-20645
-62491
1255527
1270346
493070
1137862
-150386
-233833
-624071
-1155903
472880
-1401158
1070966
150915
3175353
102306
-1067739
-1371685
-740563
-800410
-1644152
-2635645
-1755769
188492
158720
666353
-1063951
975813
1319303
279484
348708
80070
169819
441314
750101
294610
940908
929037
933290
1280383
1706778
242241
-124077
-932908
-611636
-871072
1345640
-1292239
2145855
-1132858
-902375
1082003
1215327
-1334301
-277526
-2430758
-862542
736251
-177723
-76338
725924
346485
-1728123
-139946
-2363057
-713026
254590
-647007
-218859
1061135
-62024
1675858
274164
64385
1384264
1226064
-522357
-308693
649279
-179222
-3121
-916148
1126973
-385782
-258776
-288574
-596793
-749019
-878809
-71541
-1654852
-22817
113653
536589
-1184025
271998
-360151
45267
-706741
