#SpinCore Technologies, Inc.
#SF in MHz
#SW in Hz

[HEADER]
@CLASS=	RADIOPROCESSOR
@FIRMWARE= 3087
@SPINAPI= 20191127
@POINTS= 128
@SF= 21.670000
@SW= 127986.351562

[DATA]
1442516
-1448750
3529755
483432
2444251
2769720
513119
3800265
-2799862
4882637
-3622564
1342328
-2612895
1362111
-3109264
-143138
-1149214
-893267
-2765312
-2761868
1149427
-3353528
2058798
-1442602
4181008
-1131705
972356
2157685
1916204
704175
426281
2599209
122083
1669051
48707
1878313
-3138913
-126658
-1323679
-1064622
-1623387
-2447313
1081950
-1307527
-649261
-561680
746449
-3083252
16620
-852719
1786617
12074
275333
1196612
-208985
-264825
-706322
-307821
-431518
-419120
-782637
-1347039
-2412715
156149
-365023
-749336
-1959182
275851
-449443
-1535407
-205329
1072705
2284001
-496762
294900
2448908
-538780
-305188
773597
1050580
-18854
445323
1791606
1662641
-1515414
791340
518109
791305
84220
-371937
958038
-116301
-1146159
-447583
1273598
-75737
-253948
-1627508
879882
-1771060
1603925
-225954
922090
-736884
638985
711625
160838
-1337486
557300
-398230
1597646
780083
-118862
-401050
-1498482
-251851
-58521
-422822
-118479
212253
-1198383
-174670
-1614810
-278200
-310259
-339028
803164
318561
-1184048
877214
-1700217
652915
1288917
1425579
-268181
719859
-835717
255770
-646379
1484340
-401495
-528572
811675
201572
-1030868
-810281
20730
748454
276701
205956
1429369
466689
-26730
126198
671587
-620068
569056
1008810
357425
-980491
-680325
497258
-631649
-419214
1965387
-765508
542336
-262548
-401256
1076518
-42230
-418908
-58348
-1293930
-317068
-1140594
305221
136560
-1437864
-405541
306721
-1191128
-627096
172265
165643
-1298047
-951471
766230
-1619355
1247716
-390602
581047
-936854
-912378
375433
-576989
-650089
12385
229970
175933
-771813
1115151
730072
-1414721
595337
1411106
-452462
-33283
873213
429232
-1299482
-1072651
683771
1099809
41382
762262
460128
-106314
-1753039
2006388
264202
-1202002
524323
230519
862913
-155743
599644
1504838
-220735
474901
278179
180682
246370
264060
1073139
353214
363641
238791
136912
-958638
-250405
-371024
1927192
634269
218035
-599682
-663884
-54321
-486250
138606
297824
-2662130
-185152
-536471
-1731950
-930858
