#SpinCore Technologies, Inc.
#SF in MHz
#SW in Hz

[HEADER]
@CLASS=	RADIOPROCESSOR
@FIRMWARE= 3087
@SPINAPI= 20191127
@POINTS= 128
@SF= 21.670000
@SW= 127986.351562

[DATA]
325937
-1002162
291719
-415845
-349203
1553328
1568667
2348752
207279
-386442
321030
-598985
-465263
-408792
-757177
1738120
-1064406
177150
10280
259903
-137141
-638287
-913087
-861655
-465010
-677705
1108003
1993996
873447
318468
-466844
283255
343843
84496
-528020
1432919
-240702
-77610
469465
-822062
-270681
-1583680
-1297579
-1070588
150881
-1433545
3347560
585462
1054055
218426
-442788
-1695586
-268429
412833
47974
979035
1377183
396476
1635688
-679775
540075
-1574919
-1104413
654384
-290714
532056
1433306
577013
2074135
207888
-577584
-707831
432521
-472998
336946
886498
580856
1717773
-341620
-2230837
89075
398562
-540814
1119394
-1241665
1459603
684550
-617591
-736209
798598
-1002464
12619
-861808
-708419
660554
1238390
-121067
-518034
-1961997
-1353915
-8169
-153388
846127
685915
459433
-60815
-261152
-70258
1090728
-145405
-94875
164675
-1114914
408547
1119062
159400
714183
1393066
297953
-1148922
-229859
563992
-369638
421148
-621301
7819
-965978
-771827
642703
349823
-882539
-693323
-606267
1464153
255629
-337143
429980
595393
-226728
171699
-606201
-739269
-1077060
1118
69163
817924
120779
-470707
679923
-1196891
1098244
-1729041
552767
1312736
213368
-473539
945875
825599
445262
-1751473
-585717
418088
-594906
-510274
584605
199759
298431
1188958
433860
-340957
-79077
-293086
-609159
487006
99064
302059
509923
-529915
201248
43043
-919127
716561
-208619
-406977
449583
-2062109
231339
-338329
-1504273
-1764067
-499753
-1147319
925760
237192
487660
-683876
621721
-1901003
105954
-261964
606062
-606252
519022
-846902
926833
-888564
1069217
-329039
335696
1462139
-524127
-1011212
2390999
1253725
1056698
1303913
-421814
1366581
153160
292518
627986
1237766
-485314
-321695
-1324716
994040
127918
583290
-1393600
584884
-168209
-10076
-391709
-787635
315466
651240
215199
164059
94968
-1213808
230881
-368155
229301
724260
1034887
634830
168483
376269
-1436796
-890242
-374178
1455705
72724
1956478
-100544
1097239
