#SpinCore Technologies, Inc.
#SF in MHz
#SW in Hz

[HEADER]
@CLASS=	RADIOPROCESSOR
@FIRMWARE= 3087
@SPINAPI= 20191127
@POINTS= 128
@SF= 21.670000
@SW= 127986.351562

[DATA]
16843566
-5704079
17964440
2897454
12954353
10781130
6389610
16221180
-1917142
15896256
-8731583
13242893
-14364573
6256354
-15326601
-688362
-12350071
-8154306
-6916587
-12584939
-278085
-14655380
6766170
-12635007
11118236
-6990822
12305362
-1671769
11127546
4831484
7359581
8416781
1707393
10642442
-2836825
10378949
-7530016
7212605
-7995152
3012698
-8778962
-1358339
-7352205
-5399997
-3316010
-7618417
1243748
-7218724
2621085
-5429833
5701899
-3613250
6212008
-270069
4792012
2847298
2752396
4239135
1422355
4854191
-485867
3929563
-2417079
2457641
-3804493
495698
-3520375
72289
-2549345
-1882923
-2031510
-3174135
-42377
-3703949
198744
-2707507
1235028
-742199
2406243
-644808
2920955
-209046
1655094
571079
126899
1364941
1167833
1952143
1442701
2464023
-684413
1218957
-1114696
581783
-1686115
731229
-1839305
-21691
-1565705
-1038689
-948488
-698210
-800191
-1891972
274434
-1422143
403118
-1105508
1018216
-234037
809565
-252793
910923
297851
779715
-135080
1265615
1248205
73871
1319765
49172
1072136
-293386
469145
-554394
-825137
-828586
90948
-466877
-402734
340669
-1267394
897682
-418860
388141
112447
525587
33629
802128
-60758
714246
418478
-438630
894020
-96672
1098173
-972304
802969
-876808
619335
-647912
-547234
-73284
28601
-649050
-370466
-258178
-612909
268961
333112
444443
22773
163956
110095
883196
338720
85366
886279
10577
605929
-135264
-794843
316395
-138830
-1044307
114369
59126
-339115
512048
-133782
-195014
504729
-186264
-611697
313572
347112
879633
-377125
873027
36537
754602
-100239
-293825
-82994
423041
-142855
168976
417542
-301023
34750
-694132
267132
77143
628473
-351734
186078
-669819
-675885
-579934
-789160
-634625
1095320
-401156
-472383
246085
-1353182
-648485
-279663
-755751
187645
-213303
-770671
902876
-711733
523949
-483260
-1157665
47087
428973
-583463
668092
551861
291356
329254
-656122
-1144044
293036
-839284
-20797
1065147
-34124
344305
346638
-378221
195290
366066
-680498
49292
-318509
225416
740400
201248
-276390
475537
375816
-25084
