#SpinCore Technologies, Inc.
#SF in MHz
#SW in Hz

[HEADER]
@CLASS=	RADIOPROCESSOR
@FIRMWARE= 3087
@SPINAPI= 20191127
@POINTS= 128
@SF= 21.670000
@SW= 127986.351562

[DATA]
6263848
-2075395
5627128
2277159
3902396
4685432
1543851
5864411
-1231691
6165371
-3655706
3692251
-4772085
1348185
-5344518
-762432
-2839505
-2082482
-769598
-4351102
722249
-4451941
3332530
-2478027
3203584
-656949
4762365
2337842
3050980
2442287
-693541
3638706
-1452072
3055430
-2066393
3097052
-3595880
-742069
-3663215
-1480028
-2698177
-1822685
-1023411
-3243117
830387
-4615395
2091081
-2374975
2406081
-1480244
3039736
339919
2431146
703164
1337915
1775922
-260223
1077961
-1279525
1040935
-313522
1422522
-1054765
818179
202130
-772801
-556159
-611239
61030
239828
84454
84310
2369895
-1198596
703805
910273
367818
634668
809733
103410
151386
-321088
-625503
2213819
-317537
104255
-1196722
-113356
-1454146
-999654
-2243048
-659726
602444
-1744214
130717
-1747842
-187329
-200109
-124219
-2274507
1190095
53254
2073255
-78986
-263048
-169611
630915
-1005732
140887
1382360
1280164
1702386
702494
1203900
890347
-1380979
1045605
542919
-615955
1005077
-386800
371387
-274120
-715752
-957176
-17945
-926420
-412179
-265314
1178473
372812
-693765
723627
69085
1061323
-761629
-860534
-556376
668337
-1548454
838333
1359053
-1152534
665567
-784610
-1766686
276730
-695890
-58839
1704126
-39513
-543550
364446
-1811458
1741076
2087430
-216463
1028152
-1051627
-889847
180510
-1185804
478915
-82693
-1557224
196446
-673077
-635282
690262
-751316
-1438450
743375
-211473
-337560
198003
-3677
64114
637497
729514
753485
-679126
-970431
470149
-122863
615019
474294
1077666
582792
-1322261
-554820
-212492
-266783
-328503
-580879
-50440
-231487
1436830
-970445
936127
-3137
34558
67419
262177
-401399
-937426
-127486
-146695
12271
1162151
-840259
352493
-633996
843444
300031
-824811
-114756
1670293
145246
606440
-1624245
1421915
509136
186466
-569956
1278798
573960
1085273
1395868
-600007
1950360
-565276
-609052
548030
-72640
-144951
727388
-1323888
402037
1553696
-981348
-369223
-158021
-677183
635854
-2265809
-621720
1022118
1496365
-470484
-560386
-686036
-1049666
-221083
-2115648
266079
2076202
