#SpinCore Technologies, Inc.
#SF in MHz
#SW in Hz

[HEADER]
@CLASS=	RADIOPROCESSOR
@FIRMWARE= 3087
@SPINAPI= 20191127
@POINTS= 128
@SF= 21.670000
@SW= 127986.351562

[DATA]
5439464
-1162640
4960198
1688553
6133258
4456581
1356011
5467461
-1481568
6227121
-4205455
3082769
-4969811
1832875
-4674609
-2393373
-3164043
-3330934
-2741568
-6157254
1486796
-4331726
3615309
-3733535
4528073
-1063733
2355068
17564
4312024
2172820
1294699
3000927
-713063
3640260
-4111851
3301986
-3622444
1984439
-2482885
495498
-1779140
-2304014
-2689697
-2196175
-362854
-2878039
2504012
-1179234
1737676
-1641002
202374
-119401
692162
2514029
774272
1299933
1383917
1134807
-1405566
1147260
-1679320
790888
-1310860
1697424
-1234397
-534056
-1296183
-510279
-2550941
107067
170978
-787031
233900
1058028
-827543
-1215027
-1321162
-182941
1835940
553304
254977
-894941
539442
1109099
-340005
1461092
3182208
-120645
-999731
222626
-1041966
493692
-1246550
1046958
714663
-495681
159134
-24680
-1650295
-60971
-251282
1139710
1080516
-454173
914266
599577
753255
-841759
1701675
1373638
419679
822217
-212813
353356
-588689
1229965
10307
196808
1080394
-285652
-604041
352187
-483551
-172280
-864155
491121
-190934
-1170019
682170
-944875
34372
758486
720346
-512594
502709
-500516
83322
-127988
-717765
932184
-388731
1684322
393916
-290443
1128976
443826
-248728
1181332
-284828
1477228
1238847
-1379815
308039
654668
927927
861641
-752993
-86858
-445071
-162763
2020393
1023942
460120
1382048
-732890
314578
290374
521651
1950829
490123
376152
693377
-500500
-478579
542586
253854
730145
160453
1565564
1100319
360539
-659239
8408
-379530
662048
-195820
199508
395098
54515
-970170
490219
-517919
209772
408955
2897042
-40990
-169100
163548
-462144
-98371
1039833
-373961
1074398
-509995
967616
602659
230036
-711669
-217800
-671961
-804855
-1117523
1467202
234594
75921
1275544
-18123
476632
-37933
676401
787622
-612811
-117728
-100572
-717768
-499352
-155660
-839803
-444192
-1508256
-417824
-5101
60193
-615013
545068
-1345992
640823
-1819447
-593808
438696
341370
-30241
795011
-718802
41849
-964780
-257867
-225855
-1255302
-530043
266167
-1453732
-428328
-213794
-78009
-1946143
