#SpinCore Technologies, Inc.
#SF in MHz
#SW in Hz

[HEADER]
@CLASS=	RADIOPROCESSOR
@FIRMWARE= 3087
@SPINAPI= 20191127
@POINTS= 128
@SF= 21.670000
@SW= 127986.351562

[DATA]
1847122
-1293547
1025546
418827
-1132535
782899
-666346
-1146723
534112
209802
375798
62521
-1126488
-1052036
498958
-902109
825361
-350852
1017382
-433371
-564553
-1570062
2843029
-396349
1605632
1004452
101035
855723
2273323
-456813
227074
1317220
214881
2483362
-1496409
391964
710129
-981110
171754
1635320
-79592
-211339
46022
-499387
962947
210342
-1321316
-673157
-179814
-323920
1291297
77509
-1124305
1985056
-762526
698363
26073
-839866
-49457
622410
-1940519
731570
-394914
-1596315
-691977
-1225547
-37802
-9330
-933450
-333040
-39953
1143962
1182125
-238752
479618
-1290313
312532
1244877
-134778
197797
1311685
206760
572432
348246
-947907
-1070164
213842
-280536
302248
-1623031
516055
-32327
971029
332007
716932
1084759
1262332
-1899639
822276
72802
418200
394554
597032
-908340
576277
-1427820
-99109
-11956
-1558194
1031337
1456744
94409
-359715
960598
-335358
9971
-834009
47313
1755321
191690
-180013
-350514
250852
-638917
-1420355
-931578
1540207
516160
1795715
844560
-1152528
49032
-441116
-250343
219423
2168328
204770
419538
86891
-481995
-1607707
-633994
-843979
1300771
-186286
1306435
-194646
-1100456
1256828
178804
-1309470
110022
296577
1134511
739843
-1137588
682704
-1067757
-851686
330282
-862863
-239029
-485858
140751
878293
669994
-687632
-328006
276770
-1055941
350308
87446
479592
804264
-745725
-1172340
1196531
-2353689
-703878
890946
-66400
1592174
753917
1077774
149543
-1021122
-42479
92133
94385
741559
1103551
-2242124
1188463
-364626
579217
-1124223
-891750
1003433
-636726
-553580
838263
177457
875385
-1542509
546868
-741282
-427080
48618
1029328
802936
1835915
-834379
-466644
192899
636072
773893
909571
1665184
1983160
1140412
537061
-166579
-763108
-22136
-1091061
1157326
1314351
1437269
514029
-792204
-738037
311255
-1975108
414707
-309261
1507575
347628
-90822
-1496820
357409
-1450634
-771580
-1815804
1570948
791355
416851
-1226359
240966
794712
-591125
-881703
-888638
-419027
919950
-1846513
-105634
