#SpinCore Technologies, Inc.
#SF in MHz
#SW in Hz

[HEADER]
@CLASS=	RADIOPROCESSOR
@FIRMWARE= 3087
@SPINAPI= 20191127
@POINTS= 128
@SF= 21.670000
@SW= 127986.351562

[DATA]
8944476
-2155058
6997436
2651361
2782265
2886481
843948
6930159
-2095506
4644650
-4938796
2895180
-6966292
389623
-4155704
-2068194
-2046389
-5373407
-355673
-6165245
3123495
-4733133
4761953
-4428474
5895068
1277102
4255713
500946
1717672
3063381
-491747
2903226
-1614847
4875026
-4640960
2459747
-2627767
571821
-2690664
-1884682
-426228
-2119936
446428
-1201463
923949
-1280254
2986622
-1555845
1849247
-54237
3479744
2809461
72559
2442807
543920
1248819
-2548474
1449203
-371986
1610707
-2427280
1856345
-704107
-824889
-2498722
726836
-1495609
-349350
625657
358569
78583
-1297494
258818
-879117
-1687049
-155787
536030
1597184
43993
1796651
713772
1429157
-1239160
861654
-1239388
-808994
-469242
2563150
-1883547
-32618
-764710
-224790
-1764923
-960490
1356596
1410047
-1231804
-502708
944687
-1299603
67748
-1267517
250074
867881
-203741
1094435
470992
-127002
446607
-777896
-1552949
976710
-1711304
-637534
-1656896
-471976
1216918
90140
-836727
152466
408034
-1318426
-61396
-413075
562048
-1330705
75137
-394719
-182014
-2929535
1142094
1555674
574857
42122
66900
331334
-706528
-1248600
19067
-60591
205968
495958
270518
-946041
-364942
-195205
1081838
-1257024
867191
2213518
511143
20522
1694773
217433
916414
-1116667
2051462
1912187
-2033916
361144
1066753
-1604599
168670
-198454
-160039
1029875
-816912
320174
1052275
-845105
1386947
357292
700140
1685359
860199
103173
250476
-506536
-413612
651048
-1182670
356190
1570765
-731390
1169351
1730025
830226
-1625880
-266851
1203086
-244687
-1741234
1318809
1862632
-537010
328472
-619350
-284243
797272
-1020261
1194423
2119740
-540862
1242661
-717379
779375
-756946
507274
102311
256174
759176
1663813
-1637857
120654
-429776
-80435
-1675715
782725
-204245
1502276
-2571044
476416
644684
-1608874
-1573815
-115989
-95689
1103373
-131265
1575912
-1248424
-2119803
-284934
-219489
-997612
384514
986385
-646212
-423509
-1214336
390881
-526673
-85903
599117
310277
-635547
417671
-32498
993152
-1198540
-106893
463436
231263
-491201
552246
321358
