#SpinCore Technologies, Inc.
#SF in MHz
#SW in Hz

[HEADER]
@CLASS=	RADIOPROCESSOR
@FIRMWARE= 3087
@SPINAPI= 20191127
@POINTS= 128
@SF= 21.670000
@SW= 127986.351562

[DATA]
-4381459
2789655
-6048009
-2009823
-3912962
-2336894
-2079946
-3601961
1526168
-4127091
1935496
-4708450
3181908
-1170937
4487924
-1402261
3838910
2764895
2628009
1872010
-1001598
2977928
-110010
1432274
-2751005
2451841
-1202717
1951
-3779643
-2084042
256472
-1668938
-1771968
-2461465
1166108
-2033426
2022606
-2766000
1978870
1085611
1215103
-392169
1907677
1770545
1333916
1113623
-776366
5522493
-1436140
1146472
-1603193
1676800
-1926155
-1388412
-2916410
-766115
-1087605
-1655385
-352632
-1796852
803891
-1248059
322879
-2174022
51526
-1424747
133035
-388862
1041347
-601598
312603
755446
101152
-2363785
810346
552809
-1025127
-206179
-1576705
495992
-302932
-1219927
-1357496
-1135624
743878
-1839692
479171
-666102
922636
-216522
149510
-877403
1543125
-1791268
1168140
-124800
2216055
74589
772710
105400
733178
1107664
46841
736212
1314729
-712713
-366771
235906
-562762
1871003
933027
1137683
1389929
-303945
247665
-789404
-839054
1016135
-1029637
-618792
1018566
475488
1542728
-182234
-233584
2010855
-424609
468599
-494556
1819094
556090
-864806
-686138
956515
-589780
-866820
-1566681
1418362
73713
683599
-854745
-412781
98099
-275396
-1138942
1485098
200450
358302
383900
-910113
-1087371
-430922
-1588617
-686800
-1058345
-440710
497135
-928456
571512
958520
-989318
276519
58052
-1034652
742965
-340569
699919
970729
-893713
-77032
1772000
8468
2445283
-721330
-209844
821136
116214
773991
550177
-141013
441418
338025
-641183
1633386
186943
-751549
1062330
938445
39312
436319
-1354058
829535
-116625
-1375540
295353
738921
-523959
610110
-2034764
9853
-900824
-1637962
1148513
1504122
1057205
-278255
-1547125
57252
1052231
-1198881
-374082
977579
-83035
1671751
-909724
-329379
1940670
275379
-1703351
623208
-641745
445451
-386269
-257001
1256206
1245624
-1070453
202014
-399894
-576333
823337
-2737094
1135763
684943
-463683
295037
494800
793442
605476
-523061
-75722
1556804
-474063
-870782
943545
-1176759
263646
464897
-265772
363387
-1413894
-467905
836245
-1202758
1946344
908085
