#SpinCore Technologies, Inc.
#SF in MHz
#SW in Hz

[HEADER]
@CLASS=	RADIOPROCESSOR
@FIRMWARE= 3087
@SPINAPI= 20191127
@POINTS= 128
@SF= 21.670000
@SW= 127986.351562

[DATA]
-51494
-167114
-4078366
-667678
-364457
-2380908
-898780
-2452227
2582953
-245318
2328846
-2156017
3020275
555325
1648262
1273095
-180101
1897552
1100048
1593115
-384871
1845634
-855891
131586
-2444011
190572
-380447
128372
-40716
-1104323
626134
-1336947
2069235
493498
-162972
216433
934752
517166
250394
816043
128455
1200595
562560
312463
-812566
-169938
-1499552
-93245
66656
-938589
197485
-307212
453043
-684003
-1002804
-1640980
152523
-551757
125837
-148435
1819677
-405742
1208005
-1202355
1304590
1243391
-533045
-582308
-625560
806140
2429910
47467
597657
186367
-1063166
-826398
470032
-867624
-458547
1306632
291440
100974
379159
252983
1434577
1032458
-1885650
-388283
776910
-658844
184646
-75079
-579432
2153101
1994050
-1053580
-742956
424390
-67418
-551928
206444
-820822
775192
217668
415300
618456
-1012761
292352
1178118
-1656681
-2337752
309183
-532825
1111621
-131102
-426673
1045199
128719
-237193
-884564
-539758
-1578649
-129263
265497
-732831
908445
1279808
-1473154
1522681
-1733252
-244238
-415922
58321
206126
228153
755747
1308584
1754987
151344
-2669813
453589
587091
-294525
219626
-2393429
1838016
806574
18086
-4093
1000598
-752176
181547
-1021721
-2753376
215709
544274
-788254
306478
-207791
-6570
2632213
-1735860
-399859
84128
-516713
-598478
998391
709121
673348
2681983
286825
291933
879908
465322
-1347401
-248115
-1057940
363274
-727096
-1124595
-36090
271772
271941
-258806
-312115
-1970043
607361
-157664
447870
-131830
53293
-805816
2069669
623297
243653
108299
104369
836374
-1033286
1047577
-1218874
1566300
791576
828652
-62553
-1078361
345270
22933
-1610806
-956666
-894411
-303111
-663513
172111
1048453
246955
2037704
-572827
848296
26180
-528987
547471
-368510
577857
30164
401839
-1264618
-316855
-744392
566116
38496
132194
-86553
935904
322926
757861
76776
-89469
-555018
-394492
-208667
-1355402
-994085
1399653
907618
755856
-1023131
-1082497
1711532
688144
-784417
-367511
-963857
1350746
1242421
678052
