#SpinCore Technologies, Inc.
#SF in MHz
#SW in Hz

[HEADER]
@CLASS=	RADIOPROCESSOR
@FIRMWARE= 3087
@SPINAPI= 20191127
@POINTS= 128
@SF= 21.670000
@SW= 127986.351562

[DATA]
15763278
-5118699
17031773
2778253
13329377
10784453
6735647
15058326
-1824812
15352242
-8054841
12454319
-13645951
7339072
-13830168
106792
-12134507
-7294929
-6305917
-11188756
-1200049
-12738894
6509800
-10665450
9755818
-6738056
12561777
-1562518
10387516
4398125
7102250
9135804
1481318
10028110
-2336417
9661877
-6166154
7680148
-8990162
2928385
-9085537
-1358636
-6117001
-4534767
-3608883
-6126411
-194667
-6806086
2989468
-5773539
5170358
-3093817
5372132
104912
4245291
1715423
3301050
3128817
1079259
4133228
-1576636
4489329
-3384008
2583501
-2927708
201273
-3436449
-239270
-3002051
-1620909
-1777129
-2732209
-84260
-3752682
111357
-1945128
1825453
-2227403
1161690
-1367337
2279312
-220578
1355444
522097
1444308
337984
764111
820319
458338
924287
41261
1685109
-652954
212281
-356227
360537
-1413400
-44334
-530832
288483
-363269
-1022740
-523535
-1925135
168249
-1214938
743763
111895
1485363
-897553
1734261
-686331
1221541
132710
578910
1012210
727209
902413
-259466
1191783
-813409
751590
-830792
1127642
-500087
-190884
-214990
-313671
-1356589
-340676
-266648
-302925
942112
-768223
701033
-321956
-591884
712508
695273
158272
1076474
-56137
723869
868934
-921633
256460
323537
580199
296782
742510
-118620
370546
-614579
-577172
133391
-168819
-855283
357131
-656220
677085
-879189
-642878
789317
-624773
314322
182072
80580
575751
-184183
-75981
-101525
-430055
224284
634730
-976132
548696
-679267
-571732
-374686
129678
458077
252643
-988288
-772559
318992
-539501
142135
-236517
36522
978027
-951325
-885817
780355
-1296674
162940
-235114
-133995
-96217
310060
-1158667
766736
-465978
300481
692536
263651
269401
273201
-1255954
347028
211336
-1378083
608290
-114112
-271853
204176
-223023
897262
140085
-353453
530278
113684
249307
35514
-396713
556832
110627
-318510
387800
22759
-572980
-507355
-963974
481292
1034030
339393
197658
15728
-480442
196643
-487325
199565
378141
-535707
326183
408487
-217304
19996
-146478
-621475
933675
-194134
901486
-49524
-467412
144351
224884
