#SpinCore Technologies, Inc.
#SF in MHz
#SW in Hz

[HEADER]
@CLASS=	RADIOPROCESSOR
@FIRMWARE= 3087
@SPINAPI= 20191127
@POINTS= 128
@SF= 21.670000
@SW= 127986.351562

[DATA]
-1945407
-194349
-3462134
-1103697
-1294965
-314396
-79197
-2482372
1353828
-2595755
1548643
-1124247
1294094
-33139
2951638
1238400
1747911
576134
-310566
1328118
679559
1473429
300871
1481477
-1748116
591140
201949
-1405413
-51874
-566089
-93189
-585979
-651509
-1094750
1420973
-1403588
472451
-272975
93780
2649
-1728443
-358080
-195005
1213902
-760299
902904
-680553
473344
-698751
-338832
-559357
-1032458
-431698
-540389
-1782062
-737393
130514
-933347
184405
-647234
1020524
-1441349
225917
301109
161262
-268764
-49549
-1172696
2313429
1757021
-643953
1254526
1336670
-967
875232
-1510119
1144001
1853580
-653543
788912
152166
2414414
1225459
-210558
220607
2316746
1045088
268616
-763736
677613
-471533
2266416
-994640
848029
58592
869762
-641115
-470407
-431769
1786503
-1905027
495034
-238324
-118959
801057
-444009
-1281000
-765530
-609245
-1880451
549336
-1223377
1858094
-1500386
-608699
-975515
442875
188082
960292
-323630
2164144
125751
-973584
-55170
-162
-713953
513673
849919
-550040
404853
898731
-679687
180909
219797
311769
1005285
-35044
801175
1131759
-412838
233259
1381297
-1152708
1038641
-788556
-76217
721999
-56633
-465973
1188637
-1066472
-491240
-259656
-204829
-1407207
192240
-1176046
22436
-432682
-1037763
-336954
518629
-566604
-261264
-1190078
-90312
1023075
-1945532
102012
1527001
671142
-1098824
-2565792
-399217
1064599
527918
-338344
-298473
542446
1470376
47432
-1626703
1026913
1266553
-159505
-159428
128612
1663398
1610594
-2107469
386622
1166042
-129977
-1117773
-900901
-403367
1568664
110635
621421
756587
44635
-356755
502539
-710116
556599
-342739
-1276222
284694
888559
859023
323366
-1207817
-1061593
473552
-1363476
-271461
132652
1055756
674943
23588
-1532868
1088689
-310914
-1001343
582409
213728
211629
-149095
-1580838
375316
873070
-1202854
157372
1045703
-555750
-810251
-929661
-704918
-142033
310368
-890032
1335388
-228788
-918903
427138
287592
625078
-672476
-563510
347853
110796
-1467312
-772766
975103
-185909
1623411
