#SpinCore Technologies, Inc.
#SF in MHz
#SW in Hz

[HEADER]
@CLASS=	RADIOPROCESSOR
@FIRMWARE= 3087
@SPINAPI= 20191127
@POINTS= 128
@SF= 21.670000
@SW= 127986.351562

[DATA]
4153196
379072
2869708
2278
1732128
2139188
2422472
3581124
-1014603
5085187
-826425
3533333
-2651488
1005783
-1266289
-609331
-2731099
-1768122
-1549577
-3282996
-349154
-3769638
1849199
-3149996
830830
-2616110
2657107
1272658
1963567
621744
819200
860621
-880045
2128016
14384
2443957
-296685
1490464
-2759873
-90215
-1518896
-549305
-2396139
-1982655
629855
-1247891
-256321
-2073311
1418562
-137282
-46185
-1486496
708266
1470045
497814
260567
-174225
1095772
64176
407197
-675683
1058874
-613098
732410
-666258
372748
-429055
-470729
577359
561384
-785902
-1355720
301009
-124650
1623595
-623263
1658350
-381654
185969
-357321
617135
307726
509322
479753
-561872
527172
-40341
1785706
335183
740158
272174
657737
-528583
1378756
-1128153
-534142
152757
1140586
287930
132870
-1004874
308051
568096
-1260085
-1114053
79587
1022523
-1307415
622525
836186
-608127
-604437
29562
398955
153891
25958
-1125779
607267
-921878
-59194
-107822
273685
1534336
-527437
-236080
-513490
-466679
-850258
510685
338136
548082
43064
370082
-437896
-78949
51479
1189684
-145547
-570380
910931
-1006142
-229459
338239
-75965
-1653971
-1233312
-184171
760022
-510289
-175090
-132521
806216
-1165471
-313657
406674
1183590
-615370
-138854
-787211
-1058518
548880
-1155075
520245
-1268624
-36594
-612540
258009
902207
1183710
76008
819491
-473341
1186027
1294610
-665787
-72344
971524
-85828
1175799
191240
684703
842130
-713368
1178402
1377957
1658523
1438669
1657332
276217
978755
655625
665590
318421
-393415
-442825
-288516
732203
-592275
-466205
457102
-146314
1794473
-1138510
230593
-851952
29189
-637890
318086
-694628
241405
-1122989
1365163
-1005997
-1148618
45854
263169
183600
1509844
-2156013
-168091
-622817
226622
-623494
407818
-2296868
-41695
-1621208
396745
36974
-1948521
197875
671113
-336915
-38341
1451848
-1163595
1345945
-1278232
-301552
-540928
556284
-791934
17725
-742351
1275372
52675
294890
-475012
1121202
-282499
1407655
-536363
862844
-125449
937914
-808643
