#SpinCore Technologies, Inc.
#SF in MHz
#SW in Hz

[HEADER]
@CLASS=	RADIOPROCESSOR
@FIRMWARE= 3087
@SPINAPI= 20191127
@POINTS= 128
@SF= 21.670000
@SW= 127986.351562

[DATA]
8221867
-813747
5052294
3862938
2162676
5411655
-1787
4130625
-2504347
6905975
-5874450
3200125
-5417586
-591503
-3542552
-4800110
-909682
-4350210
623720
-4935764
2351843
-4088339
5471532
-2047503
4008409
1804890
2394485
2696226
1673321
4681291
1453294
3835584
-3068710
2990330
-5197253
-747416
-4324990
-951066
-1833959
-2668740
-514140
-3802247
360873
-4016072
1892500
-1319571
3830517
-403822
2917344
1769248
1343027
1542532
297121
2639445
-230819
2060947
-1950367
2247913
-840944
-1995288
-1578550
71749
-111809
-1042106
-843283
-1642775
1657812
-1773639
1106338
-569423
-180401
587652
648709
-59847
1268014
988570
-312429
1628798
-272211
561041
-945009
-904256
337074
2276810
-261540
632498
381336
-108366
-1170517
-937500
-556981
1861692
-424432
437750
2065990
-1040033
1413826
512712
-845283
1262543
-228279
567493
703976
1802280
-373009
1415463
-194055
1151221
-1520407
-149341
-30861
1440140
-476749
-283491
-2245790
-1243873
270337
-1536453
-274648
863849
57731
678070
340278
-1368667
591897
-1355420
-927919
803692
-930476
626824
356100
9229
563111
1238145
-940203
-1876145
-1895255
283448
-94305
-425134
599430
1814590
1719148
-153122
-709612
-963558
1540170
514935
-891378
1671417
1453219
-481969
1318476
-1166095
622083
-390799
-922612
-188879
182223
1106466
1308366
580950
-990541
-710850
-1937566
-1189301
444839
225505
343763
444726
-1513119
-406575
-760700
-2450366
15906
349304
-595621
1089910
-560434
-40554
1443677
-2288135
-302642
886875
-1908451
-612402
354108
-836115
2602954
1050488
390429
674243
-337056
-2084932
757744
378794
1241744
1063071
90548
1312573
838837
-1454383
1080058
260199
94254
1725895
-1826023
258043
1855815
-317440
479772
925582
703659
-278057
-2587986
-559618
696465
107756
-489240
545969
-43159
-48103
-693935
-941480
757803
402249
886394
452638
856811
1033053
119457
-938839
-705307
-264348
601082
389088
-561192
-299889
813499
-948841
339307
43892
-1264773
-776017
581180
-29546
842669
159549
-165071
-1529899
-422743
-941215
440628
-275372
1304869
366392
