#SpinCore Technologies, Inc.
#SF in MHz
#SW in Hz

[HEADER]
@CLASS=	RADIOPROCESSOR
@FIRMWARE= 3087
@SPINAPI= 20191127
@POINTS= 128
@SF= 21.670000
@SW= 127986.351562

[DATA]
-3792582
-104404
-2748697
138030
-1726809
-1519154
2461767
-4123151
491722
-1605068
1480199
-1186962
1942867
-228555
3723669
2041393
1800828
2234985
-132300
1207450
-1852458
1958308
-364099
2765248
-3322254
525118
-948889
-1104101
-1889757
-2739230
-1295074
-1497740
1746338
-989470
1665242
-2354479
974835
-8731
1595889
663289
689506
673869
370088
1804568
-824875
139299
-95724
1951655
-2641701
1056799
-594665
601975
526417
-570953
-1235839
-84040
-54178
-1010852
-26950
-1708907
368352
452266
433428
536207
989097
-33698
1836402
607141
-1214212
2043500
-944009
238777
-254626
10041
1443210
238268
-1220138
-558745
-727241
-1653513
-1192447
1077532
-69821
1838
-839510
-1571789
168183
-131639
-62607
-57022
589078
717758
176549
-1276821
-81497
58672
-1035456
398250
-315223
444315
1230125
-354387
-785135
252172
-485683
-517937
-295293
-196965
-712456
1432331
-230340
220515
319710
329138
-536195
54018
377318
767873
-187862
1594815
-1207750
763481
-1321900
-1254794
755307
896949
102689
-158462
-833965
-343438
743158
348356
-626095
-687619
-218635
-262863
-160697
-701571
1999918
1002674
147513
-1260481
-372149
-292082
1476314
823074
-705461
1495421
-963290
-221293
-684365
41954
5744
-116436
-942018
-134396
-530414
657389
-23580
-1255729
-221915
26539
227869
-41888
582520
-1629947
-97722
-461062
105125
-1290579
76740
-867260
-148459
-599413
-93959
830726
-512180
-6589
1457890
613942
990620
1307097
-1027694
-667193
-923225
645755
241428
111363
1336090
499588
-1035773
23383
-725192
1130814
1516574
139316
83196
-5636
-971296
-318454
-545008
-677667
423169
936243
-614481
383873
-585852
-280809
-490307
-519049
192838
-43358
-687312
-96438
-490802
-472275
953030
434314
-1134812
1031900
-428042
-468344
-292612
189365
446221
762271
719541
381837
-1734639
214944
-563746
291792
527113
629240
581473
239117
872549
-123481
186922
-739492
-1468105
245450
-831031
360380
586946
385762
-692299
-871601
-1635675
-484861
-944403
-626618
672413
555969
657846
-503742
