#SpinCore Technologies, Inc.
#SF in MHz
#SW in Hz

[HEADER]
@CLASS=	RADIOPROCESSOR
@FIRMWARE= 3087
@SPINAPI= 20191127
@POINTS= 128
@SF= 21.670000
@SW= 127986.351562

[DATA]
-5531613
763023
-4034186
-1023709
-3434533
-4824518
683750
-4106483
111891
-3274643
3666036
-1260091
4802026
-1019634
3418170
2516909
1797413
3389216
1116791
4073126
-481169
1064842
-3392257
2543982
-5149659
-164759
-2497048
-1852559
-1203816
-3114887
14471
-4813065
-469969
-3390949
2398651
-1761654
2114995
-631974
2372279
1463432
359504
2065536
1054865
2212107
1284055
3001823
-569821
1672878
-2488519
857327
-2385130
-1533419
405228
-2033321
196345
-1451517
475701
-281450
220859
-1202366
1647938
-1088948
2437546
60310
708237
1504573
-71224
-649174
-96942
-241754
486182
1533836
-541150
2180882
79986
-1219256
-1120192
-954200
383055
-189941
733265
406557
339837
-983812
-434476
-1052362
1242605
258362
724764
1779927
738612
-1227025
377840
173994
1255908
980185
-114072
1220703
-785551
915967
620956
261148
31293
2074720
-1367895
1334378
-1253224
-548285
-660536
-82964
1240258
-680184
-269826
-13450
521345
-1201514
1446224
596920
1639098
-211618
1330233
1286064
416208
-898641
1517839
710928
-197528
1030465
-660837
1218670
-602249
-729254
1081081
-331051
1422465
-542991
-402730
586143
-922797
-931415
966819
-875599
1042060
1626053
364974
-445470
-1004441
442773
2034833
854385
897085
-79465
886998
1285490
-476884
-520982
1630432
-425090
1601103
1682013
-159307
-991434
642396
424869
2273405
-46123
1011555
664339
306601
145414
-896836
90818
1542692
-459182
123949
2437468
-1029094
1429480
-1038277
737975
1330840
-980776
-669415
2266373
-441341
432451
-311284
461521
701338
-323127
1014060
895653
-2463
-92213
-1002091
1115171
161677
-579547
318838
2379559
827911
974568
-342778
-1145069
803362
-662026
547547
-245947
557194
1479655
237344
-310065
1203386
-696052
689995
911156
-246788
857208
-532195
911831
39075
-1013258
-26036
-40333
-897342
280530
352004
-752007
476742
-1343573
1003558
82110
-1544879
2146743
-836688
-1767605
-251739
-311590
167401
-534934
-420679
1559529
-673898
-130780
-32379
622225
-116680
-796880
514169
2003045
-597317
-1134992
-1046698
-540541
1028060
-51272
