#SpinCore Technologies, Inc.
#SF in MHz
#SW in Hz

[HEADER]
@CLASS=	RADIOPROCESSOR
@FIRMWARE= 3087
@SPINAPI= 20191127
@POINTS= 128
@SF= 21.670000
@SW= 127986.351562

[DATA]
-2532953
186556
-2200321
-2026039
-2555442
-2271143
109593
-2843819
1389855
-1007635
2157507
-1352712
1287040
-981401
2232153
1062754
969925
2902642
-208224
2421410
-1445051
37218
-569734
-1244706
-1980902
-761456
-1246888
-245904
-343014
-3271763
2403
-2377523
13237
-587718
1498206
1180629
1013009
-1125510
1820790
-429390
-1298524
-16850
272765
2039879
-591843
-1693220
582708
-601993
-2036934
-407952
-266847
183848
846269
22475
977957
-2635028
591777
-795395
-339041
-9039
1871945
2078682
1014567
-133147
1908986
447430
-203244
565838
-107623
334564
-134681
730114
-471337
-862122
591345
-684872
-782540
-824770
939777
-978224
258988
-297489
-538770
35630
-1054383
-1655003
1237268
-22612
583774
929938
212543
-1193086
979190
-1215307
1351425
518004
-337931
465110
-1161873
-196324
1305298
-930714
457664
-671004
267573
102787
-245723
-161632
749939
-227686
500166
758955
-625021
-366640
134863
-24901
-24051
1197140
286086
1680432
-4604
-1201696
-633542
-917843
738112
163619
-500442
15996
245472
-1158882
-90705
176904
1191945
801786
-59206
-1406974
676633
-43493
-788282
638634
-810213
-411965
-1046141
-265385
728919
1328364
-67183
1287046
41950
941972
-1182918
1190848
-806861
-745191
-567344
308857
-797656
-572038
439793
285339
-512201
-552321
292522
513118
11792
380304
188142
-638118
845078
-452248
291207
-144887
-822314
-365540
-266487
-663569
1221042
-1027603
218669
271660
561998
-829237
-125995
-1228004
597162
-551897
254982
197623
209199
525729
-58288
-574141
-267278
42369
445064
1866542
-302658
-887684
1244547
345937
-286110
-1139495
-596326
568514
-1062497
-848142
243364
1230068
347681
-1730145
141856
1103506
-544238
-146857
-96918
-514818
323480
-834890
601385
424213
-780602
-826566
59914
1858268
1187171
-269739
-1236860
-639637
1587717
104933
-820511
451267
2061038
443873
-1116280
57684
29015
437780
-83528
-855287
786070
-509597
443119
301994
617516
1197080
62918
295112
230734
-48273
-1243640
288720
-935304
-902952
125817
621136
