#SpinCore Technologies, Inc.
#SF in MHz
#SW in Hz

[HEADER]
@CLASS=	RADIOPROCESSOR
@FIRMWARE= 3087
@SPINAPI= 20191127
@POINTS= 128
@SF= 21.670000
@SW= 127986.351562

[DATA]
-3149685
1077093
-782090
-1852606
-661029
-1049491
-111770
-1935229
-417108
-903084
3247085
-871700
2047341
-142211
158044
1733905
10224
717798
1310964
2058852
-1599716
2127802
-1906642
413189
-2211827
-166279
-1301889
-1819945
-2649841
-498791
205939
-2507314
1109064
-3433751
2030062
-1754339
952477
-50067
940546
517476
748878
254418
537278
1572253
-630159
1321150
-675049
-120123
-574168
-261676
-1198387
-34431
90409
-408939
523598
-2438055
2449074
-452615
681164
853015
-964025
-629185
472311
-928827
1724659
1543048
-600128
2045402
-709856
-1161500
920623
799530
89392
230773
-789355
1015463
-61559
-384749
170482
69547
-530018
-495744
-1017757
-762961
30629
210228
994720
700389
-181660
-1028553
57842
-112380
294946
55470
-467774
1108170
1216322
-399113
165831
317005
-670542
533980
191393
-655557
672252
-796973
-399396
-52109
-404991
-669787
-559008
568635
775928
834764
-1063883
-185358
128292
-857903
-653993
831951
598124
1061790
-728426
-578214
263672
-1820226
-1261791
-29827
-1561764
248309
31245
-424959
677170
-1428466
7196
-1028195
-1453136
-1154929
-152561
-1206827
741108
-2039814
-51915
-1003714
1183628
290285
152471
-286021
846114
329469
-102470
-274271
616453
-476315
-848374
677754
640874
-1256628
300701
-557367
863709
606388
412648
-489976
492691
674768
443598
-261050
716462
1341420
1380172
64583
-157254
-721675
411315
295939
-565020
1237183
998985
-753372
161363
308669
396145
490683
-648187
1930845
2105288
716717
-474024
551704
-444897
-1243640
-1033755
-520411
-244458
466201
-360642
1038558
-295182
-1063827
-2055990
225279
-245290
1457948
-506333
1526745
953709
-11896
-2287464
-51130
-463648
278179
-889018
1034877
880435
1494514
-1620219
-516204
121116
-526952
-231327
66757
-118679
1001622
-236084
-747598
-952023
36465
-241155
-796535
251421
945919
-24861
-1588481
201999
-1270621
-1245641
-1434327
-392916
914766
1207003
-535735
2402421
703887
893736
-525648
-450463
-271952
1261666
-489777
536576
1784019
197017
-622272
-823361
213463
