#SpinCore Technologies, Inc.
#SF in MHz
#SW in Hz

[HEADER]
@CLASS=	RADIOPROCESSOR
@FIRMWARE= 3087
@SPINAPI= 20191127
@POINTS= 128
@SF= 21.670000
@SW= 127986.351562

[DATA]
-1817797
1338099
-3229397
743424
-1237770
-1255683
-1468931
-2669334
1252098
-1105028
68033
-1457877
1855811
714007
1372904
-135404
1819523
1267483
-1101345
165389
-773892
2147110
-568477
1606701
-1127712
1212818
-2170843
1076310
-888091
-561674
-732824
-895842
693444
-1269054
-1155226
-684143
1144337
-1807827
-209575
-380013
2563373
423888
64973
456297
1315537
145952
-699374
586801
-85973
112526
-1081738
513261
-1023367
519934
-628698
-1224315
206285
288774
-2079481
-921337
525319
-338681
395298
329520
1664773
-863083
-485374
-1355235
1447911
184256
-48730
678097
-63888
1255673
-926475
-435701
-694779
-345988
-649774
545281
303208
1480177
64366
-1838665
642868
-775823
-50446
-549932
-204561
-149732
1049905
-1088786
608088
-559315
-345121
-812577
389064
339064
-69933
-871660
955700
419014
89691
-1476583
4905
-611541
439185
587544
191968
234793
41793
-1397184
556121
-903166
-531292
179789
-77453
16388
1222129
-1171626
1288587
-1221869
69452
317421
-33043
-365858
1017721
-1145214
459964
-123765
-263084
-137725
575831
846855
2067566
-1231127
364406
-628440
32420
-450711
563531
1963581
1748406
-1005773
1094333
67250
-1065265
655299
-437070
2554736
-50315
270746
473154
-730322
322043
78830
-107180
2193670
-809250
593477
502137
-260931
257738
1010008
-689707
1552246
-519321
324022
1221097
550721
1081387
-870024
-1530334
1468164
-776303
1106493
1676905
945323
54885
-90082
-328629
865818
-1395604
1417618
-640202
877595
1047633
584393
-303008
946671
-1119986
433761
-62461
318130
117072
-32366
1704569
-392997
-1284852
999645
62852
-179223
-197305
703442
-289093
-290263
418779
-583161
-493810
1305197
-232468
495830
170003
-703723
406771
196826
-211124
1092302
-911589
-138944
-224580
-680955
232821
111908
477605
639603
578453
866385
-81185
473629
588183
-856925
-216731
910118
-146098
-336620
372922
-196767
967684
651359
80087
-415383
465994
78756
435907
-150526
-43657
103701
31436
39994
-761627
-654634
517145
259304
-217915
169870
