#SpinCore Technologies, Inc.
#SF in MHz
#SW in Hz

[HEADER]
@CLASS=	RADIOPROCESSOR
@FIRMWARE= 3087
@SPINAPI= 20191127
@POINTS= 128
@SF= 21.670000
@SW= 127986.351562

[DATA]
-742308
-1036798
-1576040
2262846
-228213
-595432
307038
-8882
-502431
-126082
-1836856
2057101
183735
-928843
-1176342
-591398
-1118350
220560
-2465783
1482079
-559279
112942
862053
921378
-240369
-619941
-1397249
982401
562750
1138250
613994
49185
-1490003
240927
-656009
761796
166078
616229
-418693
-626918
-1210270
-562612
-1337058
182291
1189324
41799
678688
-378030
-487864
480669
-486620
412762
-42075
-334543
-492049
-792841
-1535547
264568
-310911
644795
-102842
38028
341797
-152732
-202215
-375249
-832594
186580
-83093
53046
361501
-511245
527853
-165018
-110796
-22418
1068439
1195822
1619365
947695
-737341
242773
-16979
408682
1376049
2505147
-1026986
211575
-976798
476502
439804
186382
-484860
1034259
103156
540665
-871763
1255867
-311119
357574
638100
1101423
932025
500659
-312051
2101250
1726068
-1720095
-191869
1277812
1870721
131115
382223
2003468
-529918
-1284547
-11594
2362286
-242584
-587963
-76347
2727360
103016
-56628
7050
561006
524811
-929877
792433
1133586
254020
-461331
-378840
959430
976022
1186849
-47209
2384375
515884
1080284
992668
1825380
320339
-706925
232933
2315185
-1995052
-931759
-37841
976322
203969
589361
1431074
-94728
-350286
-322628
361445
60912
26091
426927
516506
1096901
965751
346654
384159
758769
1310037
808098
507134
478098
-536323
-1056694
-54825
105127
168140
1180332
618971
1052619
31940
1488
-34672
218073
-240638
-1182530
780164
47658
11660
813666
-450494
958002
510708
683306
-630809
-344592
764988
811773
489051
-281556
37762
-1093658
1224684
-756225
-4929
273701
-580019
373211
1729223
-185003
53574
-587234
-1266387
1549580
-311500
-971258
41202
-360265
429248
416422
-2304084
547291
623278
-213378
-142146
1314670
-320568
219848
-1288164
644929
1137074
816188
1047756
-41047
232598
611281
-612055
-2047028
-363901
890481
1177858
1629465
323148
-37969
867516
-489644
-782937
1597084
418765
-1343175
48023
514514
415373
-999005
-48613
-710830
-395997
-1176159
