#SpinCore Technologies, Inc.
#SF in MHz
#SW in Hz

[HEADER]
@CLASS=	RADIOPROCESSOR
@FIRMWARE= 3087
@SPINAPI= 20191127
@POINTS= 128
@SF= 21.670000
@SW= 127986.351562

[DATA]
3096226
-1296819
2826859
1702755
2425262
2777256
57292
2508998
-1371783
1511304
-2789384
2411692
-3641263
567965
-2580407
-1720000
-3123473
-2199830
947502
-2825733
1082946
-2015987
1002467
-2193299
1635316
-568238
2263538
1144738
1653461
2936934
626067
2675879
-397288
2311241
-1231424
1971070
-2116618
426741
-2200490
-547471
-892412
-1955026
225369
-1196312
527620
-880325
831860
-2188074
1608400
781308
1472607
1278193
1015156
-416710
1698472
845133
-68298
876750
-1184089
1240252
-2334297
-573765
-596891
349547
-1685152
-805517
-134801
929221
-652522
-2744242
-21809
-645071
-759844
-22494
615289
1550888
-462336
-1600992
-30277
-521238
-487247
1063827
-147058
1899617
112301
-743681
322826
151668
-2512384
511867
-24639
1710178
-879910
-1921400
1486040
203067
-220464
-1559472
-1252630
-32472
-612729
-171834
835258
-575258
-1297963
-998817
-762338
-496332
-639149
-924581
1766463
287081
984167
-1274376
-1931072
-865002
-875142
-683770
1554501
374684
284310
-854357
-869055
-1681927
312220
-1349295
640466
-950730
-260668
-674337
-638236
-1416488
842329
-1124256
2339422
795975
364942
15331
-55634
-463187
509706
-1056084
139397
2347393
-1007164
-361698
-337365
-143780
618398
-1561817
-428634
1743031
-426089
-582097
-793511
796544
-82898
-951630
243109
1568206
515659
945882
934654
546960
1138558
-566891
-303671
-181547
397941
-17956
556951
-61584
-473258
-390077
-126432
838235
-537276
-436276
163440
-92124
1088113
-1106937
406792
796403
-49182
-521871
-24247
-528014
-32005
-501156
1039117
-101098
-862234
25989
-599249
-956585
1299218
241830
-291287
474863
-740953
-23544
-533532
611194
-474611
-33016
-221883
761015
-1549023
521173
992609
-1527547
755617
-708834
-407168
841114
185643
176163
1138996
1477519
64377
601615
-630367
1088839
-1686598
-14660
944554
327795
1072958
-272940
-585893
171646
-431337
942444
1046687
-205797
650403
348768
-743546
269331
807996
686075
1727259
-127157
1551008
63060
-717893
-613381
-269831
1009480
231238
1733022
824091
1209403
534108
-1000767
