#SpinCore Technologies, Inc.
#SF in MHz
#SW in Hz

[HEADER]
@CLASS=	RADIOPROCESSOR
@FIRMWARE= 3087
@SPINAPI= 20191127
@POINTS= 128
@SF= 21.670000
@SW= 127986.351562

[DATA]
-3194021
911790
-4861426
-718446
-1480749
-1527803
-557402
-2825370
910849
-2317883
1676546
-1995975
816929
116204
1611246
676930
1488405
2009598
1089059
1721912
-2487228
1326054
-1442555
97656
-2398263
-507052
281661
-931903
-1634366
-2818625
46246
-2209387
858564
-1901316
1487313
-1075027
2383983
142125
1507060
1191930
53462
1874597
201954
1642605
-1483019
557658
-388587
2249404
-1961402
-51210
-1782409
738957
-1199652
-1905932
-444400
-495511
993021
-866295
-563349
-349690
40286
-169672
131263
1256194
-163738
718216
-1137714
-205415
-605913
-390606
-468372
250771
-564715
-329927
979075
-685878
649153
-366580
-1636879
-312665
-225175
276453
585871
-123924
251375
336557
228465
-875083
445961
-385310
-594040
65676
-1107896
744351
288228
-1451760
955821
524221
623923
1053950
-1231539
294267
1440227
584491
-118932
379451
336741
512153
-422530
-2237135
294464
599445
-949524
1009528
-450980
-446600
292924
-369198
121558
574923
-798225
-673921
-189348
-1112807
90571
334859
426013
473751
451109
-37600
138568
-875431
1010003
-709320
-379820
915273
1022205
-924152
704060
-16567
313253
-126994
-98606
454075
922452
-108784
-216094
156722
176793
582089
924526
-579286
394385
-360005
-241688
728421
255395
870041
-81136
-742142
1404212
-1174453
145675
325005
-98716
551996
612126
899541
629512
-92099
-802291
704164
428860
1396200
-222217
-120792
-155060
619693
-594642
-487606
-953927
-785913
260992
1023158
-1883629
-805734
534036
616252
-1504177
-1017558
281516
738296
-853229
-1898211
846467
370918
-567765
-1658296
1247180
709057
-281481
-1951379
173022
1096134
-164782
-378698
-31390
72878
1534081
-21356
430199
89921
1258960
567078
-194556
409208
240881
597583
-165078
977473
-96207
-212241
-937293
453035
-646403
391313
-101889
683551
-166688
1045664
-56232
-465787
-914675
-126103
-812387
-252400
-1615628
327032
262051
-212022
-583187
-744646
321244
-1295750
-746936
-674297
671789
95446
-393964
-718005
1194669
-1354480
-95165
-1946412
-248380
-32037
