#SpinCore Technologies, Inc.
#SF in MHz
#SW in Hz

[HEADER]
@CLASS=	RADIOPROCESSOR
@FIRMWARE= 3087
@SPINAPI= 20191127
@POINTS= 128
@SF= 21.670000
@SW= 127986.351562

[DATA]
-579514
-920475
-1191949
107774
-325735
-220444
-865739
-180862
271063
1690334
1017260
-989520
61991
332504
-381469
-647266
1087672
414226
76755
276330
-925743
-2410149
947580
561983
-1025028
1356447
-1233458
-54214
2100333
1154754
-522231
301606
553719
-253380
1601027
438840
-837147
574565
-780949
-1566069
1736135
-666358
-543751
1725026
-669820
-346916
-19931
-67431
594682
859533
-730767
1090321
295520
251147
-378508
100316
-1112912
-1044349
643491
1124397
1506068
233339
399544
-138511
582339
965159
4147
732720
1226057
1232726
905888
-5458
189532
1698790
18431
-317749
-474291
-307506
-693172
144153
-221255
-345357
-88181
552422
-265142
-634417
-1141807
-629406
767824
-770974
-400207
462352
1037309
1086385
979747
-1082141
529674
628357
-624856
-725380
-1706135
26065
844384
391616
-619567
-75008
547962
-692976
1140438
-1533006
-1029866
1054905
-2393
-93959
280844
1640568
-62976
901778
1012763
-2307432
175457
107320
-1527917
-302858
773293
-985904
373988
2711903
423296
-914833
-255958
-635052
-792931
428599
-468376
-276248
5558
1180531
299742
-630455
-279380
-1051445
1032244
1066888
-756243
1024935
661018
-1192757
1233854
-1332473
-844683
450351
-614826
-1143104
-455484
758415
-84412
630497
414412
-1670511
1028604
-683712
-830232
-427158
-587838
168131
471677
228862
-1109258
-83285
328501
-1616402
-1504293
197473
-1295468
1733795
1239903
661073
493101
746031
1358818
-1232144
128350
-439326
-36752
306350
299677
-1804543
157121
650636
1434617
1274023
-274006
-401235
672620
-226371
-444472
733005
294698
805979
638155
442580
-653427
805217
-707105
273060
-583233
-1184986
265056
1606306
-444491
-2008490
-20455
594441
-607691
-237484
-133197
-419565
-549776
-560268
-522117
234128
109853
110763
-1245123
-130498
-132232
-111415
427434
-960581
375964
-414729
831935
-1523622
-228600
976562
315176
-632693
-1441478
1127090
-918121
1013905
-506939
590677
1125905
1278974
-717465
-1728314
1281548
25992
-1296790
202704
-834569
-372746
1892371
70079
