#SpinCore Technologies, Inc.
#SF in MHz
#SW in Hz

[HEADER]
@CLASS=	RADIOPROCESSOR
@FIRMWARE= 3087
@SPINAPI= 20191127
@POINTS= 128
@SF= 21.670000
@SW= 127986.351562

[DATA]
-3594110
1053980
-5247113
-1342996
-2912355
-3352888
-683197
-5287066
2256715
-3577304
3484614
-3002262
4369825
-1258252
2927492
2342490
1606125
3484210
510886
3125186
-1383141
3549042
-4048137
2937327
-2945922
-960079
-2852053
-1881573
-1944069
-1434576
-1421464
-2242959
1429307
-2001654
2183825
-1887197
195150
1312461
2233770
-470135
2441967
1531247
2546757
2234064
-2638387
2780451
-364047
367573
-2457049
617781
-699907
-594975
-1931137
-1402281
352142
-798319
-201281
-2131792
872947
198050
1321588
-418544
109965
707340
1478148
-489698
-45119
-347683
150481
1980359
-1143894
675780
-1225525
827365
-112758
-570375
-1684916
676771
-357411
-670166
-1260811
-109186
-413536
-460725
1097177
-1469297
728816
-904728
628963
-642090
-1083759
1145236
1551695
238318
718616
195430
771576
-8680
-1288765
-200124
-379895
1022699
365580
-127591
-38142
695820
-234974
-835035
-28877
326406
1011692
1137289
-363829
201656
-551250
-87502
658120
874960
-317204
2258600
-716426
454287
231105
495856
260933
-435107
-2717945
1686753
-567372
-1756057
-49571
-911866
535454
23948
-1093329
-1225975
-88379
-1392246
1345139
-1646150
446404
548857
1865321
-471207
1601666
1328038
1766300
72035
-36955
-598271
504787
363891
89717
2173971
753239
-140000
404313
1385976
-1514264
1303423
-1584275
427416
-376081
-1743509
-1014005
-494046
-2236047
-1369747
-425242
-1075609
232368
-1480144
-246584
705219
-122751
-1718877
759573
-1437749
1437372
210199
-62650
275730
1357444
-356815
2325020
-349217
722818
1770498
-1071231
248125
-466223
795034
1186463
2910045
-604970
1525464
-1548856
-635605
1200030
17327
-747708
2398550
-3031551
-99908
1018886
-1910397
404887
155414
-3462911
-826970
677671
-2928579
1247012
-184055
-379308
1393681
-1416761
-3114981
1016045
-909330
642326
1439932
-1093461
-262440
1057164
517409
1024405
-5548
-1597374
1566742
-688953
-496358
-40284
2410972
-8485
476051
-953241
229105
236813
-281661
-640541
-339759
-422051
949248
-755912
-614153
853313
-141901
-111509
49983
205487
-1648389
107419
-698127
31289
1040021
