#SpinCore Technologies, Inc.
#SF in MHz
#SW in Hz

[HEADER]
@CLASS=	RADIOPROCESSOR
@FIRMWARE= 3087
@SPINAPI= 20191127
@POINTS= 128
@SF= 21.670000
@SW= 127986.351562

[DATA]
7009081
-2620487
6637451
2653014
3208451
5425161
1687666
6586927
-1688904
3909430
-4108527
3848834
-7297352
693374
-5796250
-1886150
-2642574
-6543044
449075
-4261809
-339572
-4963162
3770711
-2925486
6718099
-868024
6538441
2067226
2479091
4940505
2275967
2220295
-1628881
2600062
-1186369
3353338
-5132301
2450413
-4076918
-1239050
-1292873
-4034102
-81289
-1978383
-742822
-819956
1795925
-1865093
2686739
-1978939
2487439
1390503
702588
1809373
1379680
1573971
510355
2106736
-1253687
1023942
-394422
1199184
-328653
-1153772
-427474
-680804
370910
-286506
1385399
-1030853
515041
-1682112
1679870
-346771
152614
-735258
379380
349090
-121399
231667
801624
-74799
-1738291
775941
-87440
2343088
-1397410
870162
-318162
-1463316
-14609
75308
-289559
610456
-1200993
-405162
557113
-1731767
820522
-1554331
-843313
1032819
961100
-1210225
553548
-520856
1076665
500285
297903
2036294
-194391
627650
1721877
761393
-11322
-406670
-955039
575436
-852098
-1041583
517443
-70420
319921
-903642
-278680
-308425
-1654546
-617651
1683020
-706339
2462809
-640356
-133728
-37978
-715055
102813
99133
-790539
941828
-48642
550257
408857
-1154508
-169380
694925
-509779
1679977
-710840
-608511
-397328
-1184120
254183
1197144
-121285
1213429
431757
1888271
665195
-1210487
-661118
-2614
1099762
1632445
1076553
955755
635621
-1577275
1216938
-412491
695928
2141783
866762
1483631
250297
-467017
-531369
-127738
-97332
1556091
1060768
1271660
-830137
914920
290307
-720237
1578071
1299566
1093169
-215363
952483
1326638
-42316
-2266190
697101
-1689023
1143161
1181015
-243657
79434
-1078369
-935883
494933
-1225851
505295
613414
528670
1814296
1527389
-396428
-581947
-1314218
880281
-1230755
743501
568331
760102
-440008
-2028929
116651
-182706
-266414
880596
285530
2336363
258654
-1099424
-594228
-545659
-614536
684728
-19627
1252103
-206138
-1000140
-664638
223282
382392
369993
158612
1668260
-351891
-1920984
-1217548
150187
-1009075
1146930
-471622
741720
-645080
-951011
-225529
-642128
-1329393
-415123
-1648063
1517882
