#SpinCore Technologies, Inc.
#SF in MHz
#SW in Hz

[HEADER]
@CLASS=	RADIOPROCESSOR
@FIRMWARE= 3087
@SPINAPI= 20191127
@POINTS= 128
@SF= 21.670000
@SW= 127986.351562

[DATA]
4561641
-2161545
5681468
1560853
5106793
2960582
2848423
4842987
-215405
4027813
-4040910
5319958
-3743640
3061373
-5172581
-385653
-3389129
-2432398
-2693031
-3030649
-1353208
-3303203
2258296
-3185025
4087871
-3061965
2941052
-1278081
1801090
1575659
2823187
3876462
1487948
3284705
-1844671
3799455
-2730210
4635157
-1857068
1861607
-2214325
-800753
-2383929
-2798796
-3093897
255746
65884
-1962437
915417
-2376990
1204153
-2287599
-117311
445782
1668306
964618
2192157
1155561
224571
1203984
-1924185
1639076
-146585
2398970
-54950
887646
-822259
-261927
-2308570
620980
-1706468
295596
-1105823
734194
-612530
-1321494
-1251641
-1584930
-1165563
-393225
137253
-570923
426415
-1490336
171252
-2008766
631644
849713
-317638
1507432
-261505
388494
130400
-518279
-54604
-40752
-1331490
-163747
797927
1410252
354260
-1387782
-14190
-714637
960121
-856610
951678
1429971
1098474
538639
1443395
-738286
149409
-1045838
787182
1716884
1086291
712213
190828
-750966
-951249
-272167
130198
794682
-879574
-395137
791682
-1697068
-863858
-799014
305802
795507
433959
-271951
1128899
-1455748
50063
-1542343
1031358
-568237
104409
-100204
2117151
-1578485
928942
-1248548
-419285
1156542
-275373
316137
1759788
-658248
8803
-1205637
-139878
1863467
1130843
616585
-311547
-1123238
782933
-1288453
-376622
618045
425104
-581638
888240
-342038
-1148109
258609
-450193
-6305
412795
209886
1096729
-159803
-90568
-157083
-200444
-1206384
-1555419
342649
1301919
-713308
18928
435575
396021
-294415
-1040566
1267151
-415907
-1433534
33029
917917
1262026
976233
-206786
993606
-462955
62695
-68729
162415
1612973
750146
548935
1148609
166343
501075
-1037110
1208231
2231518
-451819
-931967
137767
-425636
586116
-1467674
530233
841989
-112045
952228
1240557
-758818
1189376
-124326
1010345
1472295
259442
188520
827458
-2088073
-911090
-463086
-63243
-616414
912038
1378074
-233468
-1661559
-85024
56108
1244503
-239442
288438
995645
588799
-2153835
-771063
123273
-303017
-833157
-49005
1086008
592498
-1262391
-1034237
