#SpinCore Technologies, Inc.
#SF in MHz
#SW in Hz

[HEADER]
@CLASS=	RADIOPROCESSOR
@FIRMWARE= 3087
@SPINAPI= 20191127
@POINTS= 128
@SF= 21.670000
@SW= 127986.351562

[DATA]
-3760798
1050231
-4316781
-3376564
-1367549
-3818928
1883240
-5109342
2314139
-1980933
4093750
-3824002
2127263
-1210267
2410445
3293142
2736826
3487867
-570897
3007454
-3426757
1942352
-2874492
2474348
-2897853
-630817
-3193928
-1952050
-306343
-5637799
-1087263
-2139454
2582448
-641098
2712948
-1859276
1779712
315103
1857377
1864193
1377307
3321590
145542
2529064
-1649801
-344745
-1318177
-163489
-2714432
188087
-709175
-2001599
-85645
-346107
1171272
-1843511
-599887
-543821
970576
-293624
880709
-799735
1109796
196764
-2122136
870590
593133
1361821
-1113468
107541
-576311
577523
-963043
-1500241
-1505526
187816
-1303795
-411048
1128345
323712
34761
-2181418
927135
78259
-404672
-1005079
442419
942583
554627
-1877349
-306323
-145134
-1838244
33406
-2259953
326658
103870
295590
-108974
291833
-1812155
-1926013
-1402809
-946572
765732
-1534282
550883
-1359335
274826
-99526
-545686
-866907
2418984
82701
806345
35231
609201
-138836
-733159
182693
680681
-318694
519299
-579943
-94571
-287423
-5717
149968
246441
-1247079
122108
396350
588385
-1514331
763318
-763878
1142863
928585
2043140
-22977
164421
-758104
396605
1735785
539786
-201383
111916
942115
796473
863813
-1015161
-420176
-152537
2053445
409589
1233545
508910
1387815
427897
304950
-658275
1209089
-1091158
1156703
884971
1370261
184100
1245305
-2624507
840896
-868838
874704
25248
552621
-1094334
449536
-1715690
311364
-2014374
-883964
-1792753
2020266
17684
436537
-340754
-1789061
-528851
1026292
-431720
-15355
-1350116
-842938
-97958
-1011084
542476
-363217
-514960
-581418
520504
842618
-339938
-1975628
-148498
-439765
-416010
-316639
1454218
118842
-1063450
-551376
669577
-1633538
-590173
-697067
-696862
79166
1591695
-519669
-1171432
-745992
-133702
-1111674
-1135010
-642336
2098508
-943075
453638
-834432
1750295
-443327
-1108882
389547
1663477
32907
-1653352
108077
759392
-1359037
-1478114
-183420
2005133
-276770
1139390
-552114
479053
-770063
315146
-341277
2701345
1134991
253738
-188851
833313
-302978
-41304
-249852
