#SpinCore Technologies, Inc.
#SF in MHz
#SW in Hz

[HEADER]
@CLASS=	RADIOPROCESSOR
@FIRMWARE= 3087
@SPINAPI= 20191127
@POINTS= 128
@SF= 21.670000
@SW= 127986.351562

[DATA]
-1530068
1187238
-2446468
242689
-1400894
-3363803
461500
-1764505
958506
-1356398
908133
-2258521
1108896
-3693306
2215742
1949606
2519369
932660
409188
1919334
-792144
583236
-506724
2789747
-522810
42239
-573183
537429
-3667620
-1504705
993788
-1987972
-156101
-1577984
2162386
-14427
-968298
-1023175
758147
-422612
694233
471498
1780770
501654
-333886
1676343
-561629
-453680
278217
463045
1174737
-291859
-414701
-91081
-1527078
-2137886
1036741
-777397
945375
-964732
-268851
715614
-8069
170713
1144035
375294
1196175
72009
-100715
-128934
-805548
2081693
24349
322182
-283778
414582
842315
-36231
-263240
2153937
292476
-271734
-218103
-2172704
-50042
-986994
358128
474956
-1173522
-150007
530651
-1817942
182549
-1711726
128562
435315
-1077994
375537
-172464
-561039
592260
-1380129
-927390
552122
-742904
409466
441915
-789633
1197316
-966836
793645
-971417
-306388
-94011
879182
-1017028
183932
-775181
-1013794
-429261
-76461
119486
325354
45520
1484150
-758893
208357
967703
1355515
1158386
-1623714
490341
548311
-944870
393797
-362187
681952
-948763
104039
871786
37271
-146239
-563182
388997
-793536
76626
-1401564
-762469
298636
100182
-243656
-51505
539559
-741945
-1463031
100525
-1018912
-549136
36793
38665
-289616
-791445
-75263
-351091
165971
521906
-456311
62441
710863
-21806
-173688
-579775
-479049
-247264
-14801
1018099
-555538
649916
-35708
1051735
-81581
685102
128203
711018
-557832
510125
-645426
269137
24931
628750
-941025
1249184
-417606
97621
1355062
116461
47655
514362
712270
1032036
422471
719471
1201638
-1602944
41025
859091
-517850
-43928
1726248
397704
833775
-2344292
40995
-204468
951296
584781
687637
702545
-582042
-1386325
720877
-223498
-158186
-684791
155074
1456859
-1806495
-315470
-1317728
-575947
-380042
284497
-473028
947438
-475350
589020
-438263
300499
292183
403035
731743
-79412
-311353
-891943
-71205
-1389992
-4663
-816620
332827
-18261
-729315
420227
86458
-224049
-580172
-629339
