#SpinCore Technologies, Inc.
#SF in MHz
#SW in Hz

[HEADER]
@CLASS=	RADIOPROCESSOR
@FIRMWARE= 3087
@SPINAPI= 20191127
@POINTS= 128
@SF= 21.670000
@SW= 127986.351562

[DATA]
-6379303
-621983
-3805208
-3317831
-1589400
-4247725
715854
-3648527
1938267
-3779499
4658703
-1411313
5498585
1890791
1635213
5017047
483983
2445395
-2104108
3772040
-4611313
4237100
-5382766
-1562321
-3733020
-3166162
-1590680
-3000525
-842693
-3722309
1910008
-3848566
3709410
-1669869
2702777
-140179
2245470
-1609603
2196378
1556069
581729
2710882
-1063443
1778455
-2030631
317872
-1448836
751108
-1286845
468726
479046
-1156742
148171
-1657194
-278144
-204347
-333412
-531336
1950014
2042731
1776806
820437
-185509
1491616
732859
311225
-1580639
2020454
36930
1226796
-1255792
-119020
-192121
-669149
-1218254
-1397914
-828906
-589600
1291346
235364
-586353
290881
-808119
-1159975
51050
-128982
-314488
1443564
-964816
924
-394176
-141057
152622
-2276531
562870
349384
-2482559
216421
457600
482422
2400632
-726259
1227546
-695446
512751
-382500
-224539
-1466110
351739
635931
-295740
-918628
2101275
170275
-477599
503822
-959919
1926128
-560823
-82138
1662789
1894840
-1606029
181356
-2472038
-558287
-668795
-1815261
-778974
462668
112309
626335
-54415
-1879511
1661259
-1083704
153976
1419161
983882
-416891
1877377
617119
140250
267432
-1427712
-1204484
-38348
-10990
-1221838
798422
-33598
1424207
-337519
-1022253
-176730
282574
-1241245
4924
-655572
1947039
1410783
-571043
-473429
1084708
-2225801
-1938627
-577304
-1471052
764685
1026913
-1602044
1895029
-191488
-733260
-286874
-2192831
-370258
1456317
-2378310
-390983
1988528
189458
1938359
550770
871871
-405965
-111611
-1902902
643177
211390
-106906
804592
855273
1339881
932973
-27790
-920277
762235
580509
1459025
-918218
-142229
522968
283540
-1878051
-1403548
-793281
788209
165174
-2184566
-506694
1425571
-413670
856269
-428452
518103
1117053
309611
-322704
496262
1278671
-204748
-892709
-119988
1306656
-214638
-1371532
-664275
-416783
998004
-1800141
-402088
491862
356870
-17084
-521424
-281316
368024
590764
-69054
158157
761519
834058
-317530
198936
311865
-136354
-803773
-17680
126650
-675678
-179816
-462440
-171586
460517
-107506
