#SpinCore Technologies, Inc.
#SF in MHz
#SW in Hz

[HEADER]
@CLASS=	RADIOPROCESSOR
@FIRMWARE= 3087
@SPINAPI= 20191127
@POINTS= 128
@SF= 21.670000
@SW= 127986.351562

[DATA]
-1541252
-89668
1431246
-471341
-270016
-166898
-2226095
478536
-1274164
-299494
-171421
-533556
-753495
580702
-1292213
-64010
-835268
-2702339
622091
532932
138632
-340456
-61007
-766097
64358
-1284362
-980289
978980
73187
616067
69336
-363594
-143687
-1364341
-752162
1486671
-277533
-226238
-412768
7278
1353211
-128654
-3463
718890
-461691
-249838
1616682
563371
1603146
1140436
-856200
-404849
-749031
-968245
78539
-750634
57549
477754
-567482
1139670
-989781
-3039692
2243593
-1039517
698061
-171368
-1744090
627936
769080
-1146391
1387253
56206
564085
806922
-1941241
-175753
1785619
-2952699
-175843
209619
288388
1537581
-895207
-455808
845034
-1864680
-1486398
925604
-260027
536524
-301305
-79587
2126988
275248
-953417
604559
-1749283
1440643
-141373
-313834
1075019
710122
542780
-83358
-1752470
391489
321441
-355349
1220545
1427283
344411
-175288
-1914318
-466075
-32010
-1552223
-318174
1606466
-349236
1137863
-579686
-1774563
-305724
-889575
-376301
1575842
-1751631
1560128
-457043
-2763102
-153506
-671400
-303103
1991512
-2237106
433737
812797
-144298
981517
-819908
-969729
-346235
-1571276
-376053
1543387
-1257903
1404086
-474224
-102942
-955347
-789109
-1066628
198993
1052909
2128682
486553
-549427
1387555
-944835
-1262020
-404548
70024
361966
1546282
935561
1146611
360850
-2626926
255914
-120346
209093
2162320
61331
1446779
2199921
374118
534343
-906181
-567577
2011091
399306
1313754
1169249
229009
-1548262
-522412
-1248066
54812
-1422063
140284
1111149
574386
8835
-977048
-798214
-804706
-1092695
540710
-1177594
313059
-599053
351617
8255
-1216392
-839609
-1831216
-13694
-636200
389528
968761
602229
389680
-553230
-844932
979905
-390756
-97014
-157216
100736
1138132
768812
-385518
119748
-472507
154828
-200226
504033
761767
379955
179025
1522406
566802
-807047
-242836
-298889
1570415
-82750
1535060
982824
269879
-943334
445600
-1563257
-154899
-618347
-487299
-410855
-134017
154955
645645
-1920219
-1284816
-1716027
888590
1158463
547295
