#SpinCore Technologies, Inc.
#SF in MHz
#SW in Hz

[HEADER]
@CLASS=	RADIOPROCESSOR
@FIRMWARE= 3087
@SPINAPI= 20191127
@POINTS= 128
@SF= 21.670000
@SW= 127986.351562

[DATA]
-4556299
1874141
-3095191
-3505741
-3335373
-4102268
-2365330
-4405181
1037334
-3153305
2319484
-1160152
4278982
-1005843
3932891
2707728
923540
2773146
-1352726
4155984
-1297452
2537654
-2056037
4053929
-2976667
-1510529
-3725376
-1647852
-1356823
-2266160
-1741781
-2291733
1421619
-2090930
2411580
-1890593
3073753
345560
2734084
502820
-455295
2412045
169807
811339
-857062
977285
-848081
1882926
-1134188
-504183
-478250
-466738
-1978177
-852983
-799562
-1459047
1400066
-1735114
514020
-1149850
2054584
-820947
2430500
598210
1092928
989181
-627230
111677
173311
1048173
-307928
2078248
-1469420
36821
-481176
-364680
-1501458
-820984
-2261556
446617
986084
-730725
-75899
-484379
324716
-465716
402289
-426132
1804028
260938
-289488
216620
-364397
884908
219372
570603
-378397
1605387
357440
2135098
-33792
-550837
-75042
-99379
-1908160
-340032
267875
-627562
844851
-555388
-449169
130814
-416123
-1208621
1601553
-1048461
697563
-682510
733676
425050
-104016
-606531
777713
13423
272688
1355145
-1121624
7870
1109559
665696
-2358510
839496
340956
-144813
-984614
-969693
230469
-347979
62618
-810002
-38277
-837049
803568
149335
356398
996835
1603729
641423
-152683
-10134
731093
668116
-998302
880895
299939
625499
-716605
102705
-602682
602932
49873
186689
-951044
655533
579870
-1437022
-736248
37969
-656666
605921
-1494831
2001
919166
727590
-241251
-620918
10138
-37200
-724463
-504435
-1034125
320221
644081
690494
1009839
-1102778
1840266
524246
-904052
-840711
148370
-96975
351327
-377217
-667390
1431943
148405
-530565
461953
313568
316868
-71513
-828459
-510950
814909
-389643
-167336
-352954
-141717
1343701
-387367
-692266
707378
226898
-34880
-1360165
-1071202
-33187
859098
-352735
1435265
-145733
-356571
355700
424830
-1363301
-182016
-89562
460
-1068732
-406198
850359
-222461
-1227180
873077
126155
1465909
91053
-594382
602913
-243447
-736538
-631181
-73589
1654858
-352632
-207420
579406
-118266
-770461
-828460
-495146
-1106325
921439
696089
-760899
