#SpinCore Technologies, Inc.
#SF in MHz
#SW in Hz

[HEADER]
@CLASS=	RADIOPROCESSOR
@FIRMWARE= 3087
@SPINAPI= 20191127
@POINTS= 128
@SF= 21.670000
@SW= 127986.351562

[DATA]
-5835913
1493519
-5872883
-1207968
-2828357
-3735756
-403570
-5078142
598510
-4306954
4780712
-2851615
2830324
-1025598
3974282
1245474
2030812
2908337
1960621
4246350
-1557105
3268792
-4353931
1817138
-3823156
-948535
-3051564
125961
-2173735
-3689825
92769
-4508533
2419864
-3050741
2901596
-1596268
3832502
774463
5176722
2546959
1640271
2549811
-581886
3233787
-2941136
3813738
-2343412
3652174
-4019431
994834
-1704010
-2661158
-2263322
-2226116
-1571940
-1819386
-617301
-2792440
2033007
-1466988
2345004
-1010848
1185359
-1157724
194063
-259983
1465894
2742358
1116851
2368615
1185379
1260877
974287
356083
-1324285
1989494
-1985657
729002
368101
177441
958001
804580
195460
-503980
467526
-2671693
-22900
1019669
186106
-130910
-82976
-847223
2864890
-1191043
215407
-318323
-516981
40995
-444096
-80182
1262831
508503
-863564
717365
-1067348
-597129
-38201
205928
-493776
-56848
642328
702054
605243
250219
-245213
1080485
86498
-1442217
-781669
24223
-1671788
929053
-1057780
986438
392946
689934
-1100134
-949141
-124801
-777692
-671702
-1032831
64168
699117
1580302
322606
951912
-1683149
355642
-999915
-1059968
-862608
528156
1932631
1558480
372827
287506
-211627
-569915
-851765
-1285684
732743
-1120385
752460
-419792
305770
1586137
-1309959
-76883
-1233158
-1773217
592122
-161517
-910924
137013
399074
1022321
17649
282426
-437658
277798
-486144
569510
1203782
-564652
1881263
290324
327102
715209
-694651
272901
729030
-361607
-92209
932877
584174
-298076
-413056
-535236
138369
-111384
-793536
369135
697308
-801670
-201594
-163626
-1225539
362712
451347
-434962
-1549667
-1124398
1390409
563350
-103670
103232
187102
672076
-1127288
-690594
-834945
474839
847690
-890844
-471190
-14501
1442760
-456440
-651663
-1216927
562541
-596704
-624046
-1018784
-167074
-783159
1195491
-1288089
-344975
733123
-971671
201572
-1317178
431674
-749470
-1313863
-1611214
288817
2381483
-347715
1029403
912173
836615
1106073
-1012025
-3347406
695388
-1260734
266121
412850
866612
360120
-487714
-880467
-1311354
