#SpinCore Technologies, Inc.
#SF in MHz
#SW in Hz

[HEADER]
@CLASS=	RADIOPROCESSOR
@FIRMWARE= 3087
@SPINAPI= 20191127
@POINTS= 128
@SF= 21.670000
@SW= 127986.351562

[DATA]
-3878738
1312010
-1031835
-788444
-1063366
-2970672
1331282
-3407140
939096
-3000916
1197491
-1700892
3290983
730008
1510187
3354942
1254222
754701
1584568
173598
-2175102
2336980
-2729550
-490892
-2920783
541200
-353924
1007099
-204987
-2349334
2445899
-1877049
2083844
326355
-16192
-99768
2929948
95657
312945
2444674
-715339
1554467
355897
783971
-1357131
23468
-2083192
-1269946
-453610
-1046846
-1128242
111522
11954
-1343367
1794816
-409818
718825
-590004
-99450
-517222
409269
608991
1034821
2116557
739131
1898833
-772398
982449
-832662
1099176
-1533419
-787213
-681082
-1092444
-776405
-290529
-675447
-334740
76244
-1015735
773009
17570
-1405507
-242946
529272
252857
-159986
2904725
-247909
608211
155914
4949
-19062
207439
-1370269
-292680
-658003
-310472
-791493
-91123
548063
-36544
1108550
-748117
1599941
-754278
376624
1609320
800996
-47211
449839
293648
1392117
1373938
-234034
988619
843024
-583030
-413224
-366595
-739353
1153550
-869505
269562
-325571
-762112
1102678
838672
-369425
-190699
1071045
222729
-995088
403941
-620099
407692
788913
-200323
-1040980
655688
257151
509457
166328
-727911
-405276
-734144
942129
233264
-609435
352150
892023
-1052705
-458174
99422
221937
-40592
1825587
-205545
343465
1274475
135964
-753123
120103
-804259
-30661
1636224
-72786
-748612
1653820
-159491
757435
1338971
-63151
-645666
343108
-1045305
418246
367388
-194406
254506
1693156
508917
734535
-83972
24749
38511
-33105
523659
-1071285
420528
512134
-101122
94802
-281181
210842
1055143
-272462
-1426746
426620
666272
614874
424766
-284987
-1205141
645877
612506
425846
77612
565802
384727
-639752
-691959
-604558
-808924
-194520
-1103280
-700806
-429909
723728
169445
571655
-598692
984490
-25256
466115
-173806
-274526
-662525
-645327
-1262243
134018
40537
-831377
799380
1005050
1812124
457462
-1139619
842757
-575109
1046269
416483
-921275
-885779
360691
1603058
-1953193
294075
1041996
60710
1107759
-383734
-1333819
349576
536849
-761218
