#SpinCore Technologies, Inc.
#SF in MHz
#SW in Hz

[HEADER]
@CLASS=	RADIOPROCESSOR
@FIRMWARE= 3087
@SPINAPI= 20191127
@POINTS= 128
@SF= 21.670000
@SW= 127986.351562

[DATA]
7754495
-50686
6304468
2366651
4211989
5549304
1235433
5810379
-2237031
5788788
-4828232
2253907
-5315944
853964
-3564143
-916023
-2439773
-4152096
-179274
-5922630
2567930
-4892013
3454726
-2307609
2165957
734191
4194815
1737063
1870330
3494899
-2080727
2293931
-2914893
2227950
-2511158
567131
-2352275
-774574
-2058900
-2682280
-179683
-3272788
2242102
-2623094
1542408
-1123343
2035294
378684
2478043
-104847
1628315
1145487
205732
2022861
-1184059
1764780
-553431
2659239
-1456235
1700851
-1666891
-1061676
-2136823
-1595348
-1409829
363643
-1678915
-644402
1392104
-1430424
669350
-995184
980035
-99627
545377
349028
223299
-615505
1569846
67748
-876453
893988
-93367
-661765
-1058995
1241560
239844
-236419
-2080342
-498921
659895
-307596
-1638555
-1464960
177346
-1315058
-81994
-256305
178582
-8613
609096
264843
831738
-268003
-8705
1876223
-342583
-215532
563618
-147353
-756740
-314437
-1351428
-235804
-827855
-734890
-1198827
-315806
1012090
15675
-499790
827867
-53514
-466106
516327
-823423
-64129
-474576
393942
770529
-76634
-737858
458690
1341702
25615
-491805
-806897
-898162
683913
1122847
1209801
161530
155611
521656
452210
-1273125
1362111
-230402
-1098937
764450
1032345
-237430
1004197
1157550
-443761
-106014
-1585802
-1796650
-1314367
10528
-729441
748107
-1012429
1450127
212135
-1893712
-576404
-311561
288769
-437192
-1322299
157219
1722549
204499
1906559
237536
-380685
350382
107875
-40592
886251
-433862
-172668
1221867
-1098014
-601746
508081
-492036
-433817
-292765
105573
-816536
-539891
-885043
267171
-614179
-410182
1071884
500453
-2566888
851314
-1237187
1097475
1389510
-757861
-341877
274438
1487686
-339847
767239
-1583534
19098
-1820656
-862350
-1085615
1461340
-43627
1387353
141426
-318499
795145
-805228
-852965
436044
994052
-1488164
-163620
-423325
1067428
401618
-1526167
353073
769683
390953
-1605460
-837382
-61137
911346
-453747
164652
-240627
1231069
985093
-141184
-381581
-1028879
1119483
183498
-1475837
-221984
674892
411106
-660912
-1348295
612097
1225483
