#SpinCore Technologies, Inc.
#SF in MHz
#SW in Hz

[HEADER]
@CLASS=	RADIOPROCESSOR
@FIRMWARE= 3087
@SPINAPI= 20191127
@POINTS= 128
@SF= 21.670000
@SW= 127986.351562

[DATA]
3694228
1271086
921287
480689
2075723
3154092
433608
1149761
-1863514
4416333
-2895115
-439582
-2382082
1508995
-1566547
-1258373
-2092901
-1934601
782822
-4271016
667615
-1848902
756774
-869711
2661091
-1379047
3276131
-166779
1732458
2218369
-1075414
1914076
-1145679
1191593
-564871
2040552
-1033294
97819
-2973054
-1174785
-1761580
-2154933
505115
53053
741322
-911078
1936444
-1829407
1266807
-524422
576074
1345121
231001
830145
97915
1548238
159342
882412
-952798
-138810
-1092025
-291950
-1256110
293085
-753097
-346330
-2270870
-491763
434800
-555528
-208821
-199094
361066
-1570263
-627126
-235355
2885434
-1345103
475431
-216248
-89141
-771999
-69748
-40649
490462
1895561
-572170
326267
1040960
-616241
1064910
-871874
-415167
1042259
-174908
-432931
57367
63064
1074604
-926612
-994256
1087797
70790
-584650
-650806
22407
2132391
1270591
-809953
-105899
806947
908852
601434
10089
508512
1538436
-693684
-1487672
-273482
-32815
-292783
168217
-2160929
572341
-357166
320268
-1196303
269635
-1035419
-548233
-231863
-409901
1168309
195598
-581805
-299019
-990442
276172
-893081
-364338
-20105
968098
-92512
-704167
-735806
-1384874
-167096
-809835
135870
-95637
-152148
673947
408398
-1066655
1698538
-1570302
1245820
279846
-793639
-1126328
957013
287822
776783
1032137
811954
807242
-687071
-1472305
718671
-1164742
656591
-386973
-739347
1369789
528265
-715037
186534
1200148
-530613
-499240
-1762542
568119
-745276
336430
-342683
384757
-307056
-2011534
-1172011
710756
-316975
-159017
-2055890
-855165
-99087
-464148
-797901
-1160311
139854
-284474
-96345
51933
576596
984387
992542
520230
25643
-2274266
205687
-594578
668787
-172784
434141
832515
-303380
-730784
1550674
-799907
544746
1093009
-880799
-521501
2374029
767764
665360
1536549
-857134
677955
960586
1249348
1406249
447980
474591
2010796
-1646686
-68788
-1472301
-260490
539647
48303
-1225103
612240
-699244
-63457
-568094
-451591
23922
-38693
-702155
-616366
-929163
-396637
512158
292821
-779208
-188075
