#SpinCore Technologies, Inc.
#SF in MHz
#SW in Hz

[HEADER]
@CLASS=	RADIOPROCESSOR
@FIRMWARE= 3087
@SPINAPI= 20191127
@POINTS= 128
@SF= 21.670000
@SW= 127986.351562

[DATA]
3031731
-1013941
3813037
3759540
789115
3708774
1781362
2195805
-1158847
2066585
-3386218
2295466
-3722370
46396
-804211
-32949
-414165
-2144231
-608377
-3640254
1426055
-3414348
2480320
-363108
3111162
2277543
1630674
898487
1425117
620387
-1038899
1930139
-361773
2328533
-2945655
-138807
-717648
-819277
-2433221
-419820
-1646531
-2655008
-352537
-1745372
2158096
506441
1919552
223335
1283036
-972660
338424
570790
-17838
2540243
127560
1244521
167846
1659356
-394372
755114
-1585268
-224245
579018
-1480194
564192
208968
-57342
891790
334063
-2158222
884316
-1524610
-947942
1328562
-401307
-171761
2318101
-2145744
972098
-515665
-852774
873475
-686784
-765806
1634737
1735283
-1013109
-463342
-117777
-1692722
346741
-2324714
467782
2048242
-151981
-342551
399749
435267
1784016
-1121873
-1257066
1606168
-301124
-364196
152037
957006
1661357
133433
-790033
709349
1062786
1250184
-110454
881499
-93354
-54947
-240864
491978
-716700
-62390
349497
-438332
-660606
908988
84747
-148178
253198
-629022
482208
-331036
-520385
960112
-854850
-812145
-58541
-491450
-21563
789702
-315139
-730504
2037677
466154
-589997
-305754
341022
-923526
-2083146
-1416578
-416496
680529
-319447
573337
-279008
465056
-519133
-961717
-112497
741697
-1023179
1002435
60398
1079153
56034
-2076162
476647
-445218
-2152709
-830851
25976
1156294
81789
-355268
-410164
216691
496700
378596
256663
-274988
1311082
745957
754158
-115135
-274349
-45089
-316197
-555475
-709910
861288
316815
-133871
319509
-141995
1520319
359773
19751
688477
-303826
935363
695426
238103
635563
1255929
432373
-961672
-544191
22565
-895698
155251
-1239959
-804713
496805
-1493905
992616
57863
-2168120
391890
-2077939
-974816
1439723
60257
714368
-141470
903386
-1095057
-803858
-815062
665150
520812
-235718
985439
924735
-1134766
766158
-1639969
723707
1270741
-2154550
-944583
851017
-1376039
971435
-1002874
-1138443
948093
-616438
-783231
664151
-124811
170754
1315825
-391895
701563
186150
-2176737
823486
640028
