#SpinCore Technologies, Inc.
#SF in MHz
#SW in Hz

[HEADER]
@CLASS=	RADIOPROCESSOR
@FIRMWARE= 3087
@SPINAPI= 20191127
@POINTS= 128
@SF= 21.670000
@SW= 127986.351562

[DATA]
4627144
-606706
4494022
4694495
4192821
5003272
2297529
5298182
-3814261
4986743
-4367460
1617700
-3798471
1422169
-4275751
-786128
-3299506
-3192270
513896
-4847748
2866808
-2804024
2824238
-930466
2576234
-184827
3189185
2499898
219242
4051281
-2169733
1962437
-2642541
2295200
-3518099
-333844
-1956455
-1326227
177586
-4075981
-1258810
-2073473
153545
-2197883
2045930
-484840
4473176
-50958
1891479
1202959
1587219
-429976
-1056561
2093785
-1184373
1547746
-1415815
1082250
-299187
477068
-2778882
-1260622
-1078061
-866445
-1363977
-2368578
1228307
-1185800
2572241
-1480089
1489925
-1705931
1119649
-137789
955057
13580
708849
2218982
2183892
1017187
-142281
1568630
-721273
-686379
-1940015
512815
-695114
1408857
-939806
7845
222543
-1285536
314722
-2111889
-251590
-344145
-664517
-2001978
1520060
-141132
1649968
1057736
1543561
-2173302
436085
-2238855
139985
1450591
-580808
104810
1228502
676202
1890353
-587608
-1131368
171209
-1036800
-1749264
-783345
2374063
-101217
1403867
912390
-1445496
1863620
-1388132
-2296383
1080128
-1896073
-1276540
541367
2201966
577277
826339
255061
-2275993
-662235
-2351401
-413723
422023
-343235
1665580
1725783
-638947
1999917
-1760510
26109
241216
-1847370
-199635
1357955
678016
496164
1343025
-18059
827333
733873
-209831
-829247
-304651
60262
2254070
-1296816
-253306
-452309
684240
-615804
-953722
-1601625
-2030337
-474995
-1398026
-299661
236272
1042749
-140713
1704413
-1121078
1574727
-522373
-850184
-539618
-1285644
508488
1035586
1318590
1476705
184721
99628
104629
182635
-223747
-1374329
717378
-641577
943344
726110
-355389
483227
1303635
487387
-802163
-892179
-981182
-944953
457626
386699
884732
972258
1174659
991657
-859640
225332
-1110572
-1314054
-193299
-1055027
-710141
270695
2018772
694694
165214
472631
-475674
-534630
-1031595
675715
820228
-1210753
2096690
492865
-857613
1947482
-851014
-249864
740295
-1161555
-639384
444258
210708
691099
870619
-65739
258689
-140070
-1412925
614495
-183057
211244
1406988
110985
-801003
2369132
97700
549991
-1572479
