#SpinCore Technologies, Inc.
#SF in MHz
#SW in Hz

[HEADER]
@CLASS=	RADIOPROCESSOR
@FIRMWARE= 3087
@SPINAPI= 20191127
@POINTS= 128
@SF= 21.670000
@SW= 127986.351562

[DATA]
1962627
-686827
444245
-430918
-585017
907354
738182
135510
-36210
1139980
-67033
1590189
-1115164
449793
-893695
-214981
-726670
515206
-672366
-149871
513543
-1740484
2112478
-20135
784269
-572362
-453057
-64338
338525
2211255
91468
418788
324143
655990
337584
-812837
-1307416
575388
13821
384231
-1562010
-424318
655037
89793
-262883
-695527
905404
-991351
887799
-585052
-860251
578174
621938
209230
-872175
272248
-516552
835529
463233
-710922
437365
1330443
1288111
-896952
-229709
-974513
479479
22361
-1635058
-58832
-106794
1241869
-520293
171382
774932
603169
182000
-20762
-2204660
410755
-619176
-185544
-958320
548219
582310
-446076
-90232
-1010140
1101505
692058
-1288695
-824408
441711
-394839
1183806
1245933
595802
1278023
-42524
1004773
-1117476
-57738
-756471
205539
-432081
-141912
-487461
-168902
-66845
913845
-1950883
-1880921
-948640
235660
584869
-1314607
778982
365122
229153
-1468270
1667409
320094
1259241
-328450
413549
92171
-1019442
1314343
432091
50370
253413
903050
32961
436035
-734840
393921
-127304
299597
-648682
1138556
115939
-1617764
-1055760
-260479
-615025
-910159
-73386
-201054
947378
-194021
1075127
10620
474176
-497277
-79376
654518
781115
912718
-579608
-801605
91644
328910
-622434
631521
63690
-667237
1238263
-39502
997180
393651
27671
-732983
-244497
348062
519431
1383854
-887172
157011
703838
-962997
237078
52474
-1137939
-615129
-313650
-284834
-1217125
2286267
34020
1126403
318264
-759792
215287
-291898
-378458
-950063
-181176
-1051061
-325016
302028
501220
155617
1533810
-11489
-626130
-630392
944884
410935
-1905725
856137
99805
199603
314078
-1243596
763276
-42492
-271672
-714930
-809922
-21162
1003239
-887530
-1337953
215986
85570
-664580
-582574
802136
845474
-1223335
-596894
410245
-110758
1154125
1094225
198756
-437724
55269
994645
-163821
-594739
421070
-268732
-233124
-909857
460785
-830588
1423236
-810243
-1384961
369209
-1135136
-1024707
476376
-1890221
654260
