#SpinCore Technologies, Inc.
#SF in MHz
#SW in Hz

[HEADER]
@CLASS=	RADIOPROCESSOR
@FIRMWARE= 3087
@SPINAPI= 20191127
@POINTS= 128
@SF= 21.670000
@SW= 127986.351562

[DATA]
-3547757
970973
-1220717
-652065
633312
-1778130
-1916376
-3776800
999514
-1285570
1364884
193331
2524723
1718755
3502165
89761
500983
1531632
-462117
2237150
-2304723
1022598
396929
252107
-2542308
-2040488
-1958657
-1006207
-1073846
-1907118
-367680
458776
1219358
-2759711
1896823
-1648299
1679623
-347926
-93865
541269
434922
1358608
1222236
1166948
-778192
1230755
-1764428
-741602
-2264473
-1027085
-1581941
1562274
-1040217
-911737
-800802
-590874
-572008
-1402111
-307406
-59507
150592
-1625455
504500
1288836
-136548
-863235
648221
630436
-28258
-154802
-1784225
1962799
1030565
41209
676124
86827
828453
662379
-1621122
-1448278
803044
193480
2195417
-1034802
527762
1148043
101293
-1990196
302504
1552685
1014626
1386444
-633252
-612328
1082766
410684
106131
-281061
-1015788
1191990
-449160
-17613
35729
-632987
-693030
-722139
-815949
-600782
1525329
710151
800156
62038
999747
-412434
366417
-71523
-201302
-253238
-611200
1701445
131314
-422477
-726664
885556
449044
-102532
-1375334
-205588
1372556
-499599
346515
-340219
1724581
-887624
-665873
-920914
808979
325418
-762195
412883
-215379
-961217
-689790
-1075496
-1099822
270458
-1033632
-293530
313851
855609
859514
499100
773659
-295126
954344
-771074
402342
136616
513012
-150000
-879225
991298
1252859
-149255
-914687
341251
-1403449
2109950
-286778
1097999
460618
581040
-282272
645781
-198803
-314312
-198697
122312
-847
420092
820746
751525
371046
-1247710
40987
-1074710
-372736
468540
-884798
-154484
1774824
-160343
1135244
1052550
-627973
-29516
-1144283
-475350
1352356
693946
-70494
2210831
-783564
198563
968754
-1364740
1018063
633343
-2313602
861811
-1317039
-6636
430972
-310119
-124424
-317667
-717834
-1369649
800178
-1068007
893736
-112796
312473
-1308089
-134178
-2566719
2143483
279387
-1128485
408425
-482384
-295215
1726674
14129
-981138
1076527
-857784
-740063
1270946
1052061
566528
1634219
194420
342457
-407310
-1463577
-1184524
644913
-656042
-1242679
-637754
1450119
811505
-1022052
927153
291680
