#SpinCore Technologies, Inc.
#SF in MHz
#SW in Hz

[HEADER]
@CLASS=	RADIOPROCESSOR
@FIRMWARE= 3087
@SPINAPI= 20191127
@POINTS= 128
@SF= 21.670000
@SW= 127986.351562

[DATA]
5267991
-869063
4726153
2983764
2819158
4643809
-48935
4483999
-4717475
5136083
-4305764
3559736
-4800920
1268126
-3473649
-3795012
-1631464
-3851661
-364890
-3293116
3862490
-3687072
3085932
-510285
4427779
163435
4272188
3240731
1425703
4479520
-2354771
3924310
-2387667
1968515
-3222106
2814333
-4749055
-1750048
-936993
-1252866
-1491769
-3062804
1952774
-1910492
294729
-1437836
1902446
-1337537
1720120
939880
2414473
2722943
550909
2395384
-434276
2445622
-653285
1426871
-902207
1472563
-2127423
-193715
-1881169
379487
-960517
-640744
-286678
-1049976
1143371
-700416
524991
1778671
87356
-65043
857067
599523
168159
1008022
-1315488
1281631
-1469291
569621
-1503698
1419371
-95302
-286254
-1127254
-1067313
-1276065
794463
-1181707
-365564
1469597
-678420
-1579765
-477119
250744
-234363
-1704869
1133859
2313321
-761230
-1286498
1431450
1644895
663700
-950657
2392676
1262552
-639808
262199
3293661
454369
610902
-458240
2486557
1844787
-939277
365994
186278
1547269
-444709
243510
177013
2412817
73377
1564529
1165710
-399492
-163283
374120
610763
1723525
603508
1530042
1964881
567091
210796
-644949
-164338
1515874
1636986
488494
-1216420
728998
-1055123
-140570
-537781
1880676
761248
1379167
-638776
53577
-641912
74357
551682
1468440
283552
2013106
483853
-521548
-599373
1688520
-627570
304161
1249296
-722197
-912049
-352648
799333
1361479
-179846
365130
1414960
1335646
-1118814
27476
801791
-226034
-1668620
981595
1813526
2080653
-1751326
776131
1010396
-806025
-622463
201806
-38214
531152
-212323
736299
-157262
270812
587137
-519592
-357732
1880188
-2822
473413
-1302272
772177
-548032
1036774
-813051
2103658
-1166439
-146918
-932424
357224
-834972
804974
954267
613251
-986261
718041
-1258641
691621
-1279322
1343246
293728
1774986
173833
458459
-755937
1423623
-991985
274374
1689808
1504368
804228
-465167
-1173533
1051021
-379094
65865
166366
1898358
90928
-1175815
-1182912
-71550
-1632428
-1240581
-1246786
399305
88462
-442287
-1723860
-1200200
-1459373
1166192
-176989
1087114
-656967
