#SpinCore Technologies, Inc.
#SF in MHz
#SW in Hz

[HEADER]
@CLASS=	RADIOPROCESSOR
@FIRMWARE= 3087
@SPINAPI= 20191127
@POINTS= 128
@SF= 21.670000
@SW= 127986.351562

[DATA]
17140268
-5909149
17383347
2953003
13992057
10073761
7333990
15263247
-332684
17088395
-8652869
14493616
-13118354
7021378
-14688118
-130877
-12694096
-7197764
-8142460
-11724182
-705326
-13428231
4948066
-11646893
9909936
-7740786
12049229
-2214733
11344555
4267210
6868902
8272270
2495956
10681718
-3178055
9430231
-6666502
7475529
-9208287
3604869
-8368487
-1402565
-6242547
-4523784
-3295311
-6662880
259575
-7266543
3909826
-5929437
5172023
-3851814
4933867
-369546
5771921
1907474
4161769
4742328
808842
4902121
-624215
3703596
-2725841
3386949
-2683632
2748041
-3528981
-110184
-2304418
-1383458
-2420583
-2704138
-1163711
-2691979
-111821
-2691806
1632430
-1179203
2338167
-1662714
1693768
-575653
1985228
97961
782815
1753884
1612581
1014611
749420
601922
839107
1103409
-1553947
785312
-709855
996006
-1504546
-251057
-1292217
-65477
-1465582
-457314
-574120
-1501003
-344486
-1740484
380570
-813802
422047
-969310
1234439
-596040
743386
380579
181900
1124947
-306883
1135430
446719
1184253
-1090053
1220197
-1146259
95503
-329876
409916
-381987
975398
-1409788
-1126260
-742226
-1315822
-66309
-879339
144769
296012
392197
-858969
1556160
-677010
1255614
241842
-301613
505285
-196538
526530
-192487
1023480
204610
639093
-187386
-217789
-661713
573202
-1077795
208998
-114728
157331
1062179
-911284
280
-509456
30248
-890673
-13104
-785228
687327
621076
292380
-310841
-504473
12286
376924
-282066
-777694
1166311
373734
450279
-323778
-159918
676779
323930
-318405
127338
-226231
-508173
740319
-67451
-21337
189685
-1141354
668170
496948
-1247701
430862
427762
94497
-414675
-532145
116139
1093046
-110859
45211
-99507
182942
218555
-537479
-367382
232891
896739
-756639
-219412
-322225
347411
496093
-981910
-165425
1173411
33539
-711252
378228
-423893
631753
285223
-685130
29876
480252
-537748
1172547
-205674
302375
-206105
-202897
-1515782
485232
460000
-446186
641689
57379
-116504
509818
-758386
228210
726071
-484197
-32051
-820790
32827
79065
6580
-216725
223531
-369235
-601155
-156170
-198083
