#SpinCore Technologies, Inc.
#SF in MHz
#SW in Hz

[HEADER]
@CLASS=	RADIOPROCESSOR
@FIRMWARE= 3087
@SPINAPI= 20191127
@POINTS= 128
@SF= 21.670000
@SW= 127986.351562

[DATA]
4608305
-1546657
6447912
2774455
1879174
4213148
386320
5892455
-3290952
4738408
-3072120
1459336
-6406719
1157279
-4316061
-1836605
-3817753
-5089092
550052
-5948196
2176532
-2941105
3440126
-1912730
4886753
-339713
4787414
600577
3092031
2781647
-1445518
5464388
-1979597
2946721
-2369516
2260323
-3751769
-455448
-4520262
-577025
-1585675
-1735524
-949578
-3693685
1250140
-2523874
817382
-823655
3949834
175638
1513926
629725
1684637
1463619
-1895240
813810
-204228
1832110
-956835
364070
-707018
967222
-3753511
219843
-971163
-810476
-874386
-1882270
1779928
-527535
-44861
-315466
-83116
-847364
328436
-1548947
1042380
1062528
-310343
1395527
-606007
445398
-306761
35786
11981
747020
-102079
855440
-2031315
-1272572
-1013203
973677
-12218
298166
-1537501
1168938
-803715
-1145358
-1439800
250506
-218120
552952
-273462
188707
-2125724
-2031064
-956773
-111775
39289
1630099
-803066
-21916
123788
-1650157
-499591
316271
-382036
735685
-518623
99621
-30283
-2902789
-1002107
333464
646369
644236
-811971
-1076002
163711
-797811
-415875
-555767
703927
740354
-785601
-887717
-1701350
-1706956
-681533
-1550927
-795014
341904
-1737215
-156608
656115
-1211157
-1286665
-860070
-189677
-104533
-511033
-1440718
337200
-2442656
-579889
-1167123
-196217
601521
644613
-945126
737171
-1096276
-1134434
-585382
-336200
10413
-452054
-877482
2154091
93300
-701841
-281101
-457475
-1069560
910005
228230
1217229
-1359897
-137044
733824
172043
-594973
38189
-553040
1359902
-1479258
351260
-1072436
-955911
776760
397213
-716438
1765116
-373312
649484
484704
686086
-599139
-2031901
13975
1800870
543251
1211453
-253371
757562
-801503
-669915
-660324
1666153
42964
1700860
394391
1227106
-551142
-451360
-731674
1206380
399863
829283
774038
-66395
294868
-903766
-890603
234905
647052
1658265
1439212
233105
-22449
-458694
-1079193
-646375
1735529
2274404
416901
-1030460
-94908
-159430
205640
1055765
391213
2389562
-301247
-127356
-880233
-574947
1368762
398276
892520
459646
437438
170093
244991
-732705
1096145
