#SpinCore Technologies, Inc.
#SF in MHz
#SW in Hz

[HEADER]
@CLASS=	RADIOPROCESSOR
@FIRMWARE= 3087
@SPINAPI= 20191127
@POINTS= 128
@SF= 21.670000
@SW= 127986.351562

[DATA]
-2984534
493394
-2983871
180638
-349386
-1489443
-749837
-3851775
2253640
-1952061
1651686
-103963
2964819
-181574
2117077
1848995
2204587
2524156
262747
1476246
-543073
2583039
-2163506
1417237
-1325885
-117360
-1987748
-1222124
-2120023
-2112021
676637
-2638886
659976
-859296
1471808
291930
909667
5523
1609292
399428
2382774
814293
-583924
1603388
-1177765
-817392
-125510
956355
-115074
1804059
1678807
-1246747
82556
-1772515
-1389795
-147650
-1131900
698826
1166719
187407
3012863
52904
-2135019
-1148411
-1121759
1557041
-107683
1301035
563583
832112
-403251
-2392190
427248
-668136
-1587080
187766
804882
1319757
1318184
51827
-81927
-872779
1120781
-255295
-1957174
-1437650
931388
69578
-748509
620122
2332889
928752
224588
-304856
705093
947207
-1896078
-1662218
1367971
2290633
24821
189474
-654817
334440
113689
-1311764
-1783881
785235
-299862
-518727
703319
917867
2140299
-1270032
-1743525
-514821
297620
-486120
-1633271
163249
1267760
2108905
2094843
-289759
113382
-1038046
1636963
-2579280
-1100083
830641
-601536
1904239
510023
81124
2287654
-1668026
-2086419
112562
-2925622
-443984
-750914
1328321
898021
-438138
-812692
-2308456
-1019593
-147485
-1562013
-97717
-659001
988551
1843391
420662
1465725
894698
-1641988
-1922131
-1438464
333757
1518212
135223
1759061
1456226
559454
-2476650
224463
-1593580
-478978
278051
-827558
-15522
1195797
639556
1445581
960292
-1065769
1505461
-1392297
-2218445
573329
2469542
1577306
1224618
-1049154
-428274
832809
420747
-1335062
797417
-1836389
-268945
1098705
158262
2378071
46101
90841
-806399
-171210
-1003790
1345003
-224597
53457
971011
33953
112814
-168914
-604713
227911
634030
-1038167
-566461
-64985
-288885
1150829
1136390
-190791
423306
-871062
-299957
-223684
1486859
-792907
2415978
-539998
-318743
1724963
-1638247
558665
324710
-1703092
-1036930
679032
-920265
-162315
-877773
-51377
-28848
683428
-2313485
65951
-1428388
796354
1458891
-1298722
463175
2203607
-549535
511968
-143883
982543
2220645
-1305484
-1138360
-375587
1071253
