#SpinCore Technologies, Inc.
#SF in MHz
#SW in Hz

[HEADER]
@CLASS=	RADIOPROCESSOR
@FIRMWARE= 3087
@SPINAPI= 20191127
@POINTS= 128
@SF= 21.670000
@SW= 127986.351562

[DATA]
5358628
-68703
6344277
1772345
4327354
4218700
1069389
5699468
-1341632
4844810
-2703575
3927301
-4972096
1942784
-6267908
-1922137
-3585539
-4620571
-668566
-4450518
781044
-5078056
2647752
-5427292
3368079
-1995016
4179993
-156515
3950926
3422817
1648034
2281162
-418243
2949211
-2433455
3605758
-2073750
3115827
-4379928
-748553
-2810458
-457322
-1408600
-3337813
-423197
-2970955
1101648
-1603244
1583215
-1944816
2228424
-563216
1798265
454366
191805
1793551
-744825
1499967
-563935
2086065
-403854
1388770
-999595
635993
-1654417
-58347
288338
-159625
-1715372
-8501
-1132364
-1097997
-1584232
-517026
1673392
-1016066
-41353
-110577
370660
-537212
-22557
2104588
907623
-847740
895607
1187379
-1436173
1680186
955038
1830740
496664
1093200
-235795
-701696
-340513
67336
1242186
-46717
184965
-496458
715080
1130198
171174
345115
2304039
839619
967006
165655
1442434
1165848
660419
788039
723594
413248
352160
411264
323289
-517991
-186390
-786470
-1047468
2457868
561964
-226675
-609087
1214688
193120
-85896
1461557
-169934
821503
-997444
2909866
-251407
-9749
435418
1435076
296749
329565
-492285
706455
209124
-573666
-15096
-139934
-355540
306340
-780763
714320
-1014874
-75558
934956
223465
-65529
815071
-883006
805091
-881919
651767
-403827
980546
-644972
-206519
270041
-293579
1112166
-579937
-896256
63251
-97758
-609745
-329144
81239
-351542
-743547
-1735898
295343
-1260266
1946359
-206392
-1131814
-1255049
-15534
-1617673
-718076
716982
702704
-739904
-552181
-1589937
276781
-1397048
-413856
276820
440164
-1099126
111154
947836
-1059935
-1190636
-351766
52580
274036
-794843
-1328900
-438875
-1406883
54735
-216709
-905271
-657547
-1353156
296338
-68438
-512029
-66496
666280
-1193461
193644
-1725535
1221730
-307850
-2400499
515541
-1319027
-940655
-292689
-485302
620350
-634055
-2399287
192456
-1108909
-820259
-102563
-1264538
412791
-161249
-1146521
460865
-1537071
-753269
-300110
-1579333
766564
-1135282
-979775
-16070
-190836
957662
-774377
-656835
-539685
-1063772
-741277
1162269
