#SpinCore Technologies, Inc.
#SF in MHz
#SW in Hz

[HEADER]
@CLASS=	RADIOPROCESSOR
@FIRMWARE= 3087
@SPINAPI= 20191127
@POINTS= 128
@SF= 21.670000
@SW= 127986.351562

[DATA]
4208546
-1387085
5281636
59785
4740011
3700640
5017591
5317584
-503536
5823710
-3054586
2556745
-4291184
2710212
-2371992
-302144
-3578414
-758265
-3954897
-4192106
-1485938
-3098237
2584254
-2042504
2805550
-1684367
3389253
-1405007
2552080
2338211
2073175
2621449
463624
4154190
625647
2027140
-3037238
3688583
-3734964
1607256
-3456761
1079909
-511093
-1134202
-1582328
-2161567
-1562040
-2165091
662128
-2337412
3147803
-2033595
1845045
-389559
1839044
1043370
30958
732886
1796796
2584664
-1538861
703717
-940375
1355178
-1301942
-386525
-1210496
428784
-2023146
-176808
-1628328
177334
54363
-1738036
769864
-929555
198304
804433
594686
-647880
-798675
-641036
1134282
-37122
109471
707009
-126683
-795396
38417
1120258
814007
221544
-1428285
-856
-741279
-1466533
-1317844
663630
464044
-299230
478681
-767524
-78158
-1781150
-1461969
78104
684837
118994
-175191
-1739026
754950
79140
-77577
-267614
880735
-584347
1062150
-438067
275668
-2578
-221229
1449159
1172746
225653
1058053
-653706
393934
1535961
-1191384
322328
-39622
516064
-617884
-655575
1574586
-302577
-2357483
-179196
1250168
-286184
1043801
-615058
711670
618745
-120693
-311341
847199
-84243
735551
10729
74326
1165612
-394050
83647
-441000
614916
1676115
1342127
-277358
322399
-1347700
-597267
-604073
-422925
858242
-220045
562470
-263300
-1395760
-867883
-646146
-1195063
1008821
1784025
275324
311463
-1496540
833965
-506796
-2905216
1370201
-4133
-145242
-190757
-839234
587499
-99499
-1034814
-1246404
1382040
170302
-1005960
1031127
638764
940068
-916670
-612739
232115
-367422
304416
-46783
-166067
1372697
-1417132
460798
576104
-29342
89264
-465701
622409
1440762
-2155344
-215742
-167024
896357
559859
278467
143956
871763
194140
364718
-1701123
-191262
-172390
860447
1710229
-66987
-153528
-73110
250766
448750
-71057
159906
1735664
396972
532729
309998
142418
-279801
-53042
-225419
8292
-47057
-573941
596416
504238
1493253
452994
54355
1281447
-1643873
-637315
1247676
1574017
1506322
920709
