#SpinCore Technologies, Inc.
#SF in MHz
#SW in Hz

[HEADER]
@CLASS=	RADIOPROCESSOR
@FIRMWARE= 3087
@SPINAPI= 20191127
@POINTS= 128
@SF= 21.670000
@SW= 127986.351562

[DATA]
16414237
-5560050
16542508
2284941
12608923
10140694
6423380
14712784
-1514182
15089203
-7897480
12542019
-13224150
6992147
-14648875
-289644
-12480217
-7310843
-6977886
-12376794
-783328
-13866589
5445861
-10819093
9800456
-7175013
11961575
-1299127
11343702
3789708
7146503
9127550
2317169
10487558
-1433170
10699121
-6559171
6604099
-9648849
2657329
-8290726
-1759041
-5719813
-3542502
-3270266
-7312926
-43785
-7797815
3266111
-6241404
5313089
-2758428
5944032
-692721
4554075
1959695
3334048
3256063
723585
4679981
-308212
4348878
-2700919
3348056
-3009792
869669
-3924353
184247
-2683333
-1144592
-1739614
-2451711
-43093
-2121428
-63272
-2409328
986639
-1863204
2095027
-505654
2347527
-149343
1386818
1182480
1139561
1164926
736954
1802092
413635
1656369
143384
1509811
-1440269
553382
-1468597
51298
-1626133
-405370
-622595
-587645
-929736
-972998
-280021
-1558952
-472764
-422479
667344
-876132
94769
-529388
924493
-693249
395282
542930
524929
49373
46678
1255747
-117733
520675
-1561506
987117
181651
-218059
-1360974
1014633
-1145016
-536452
-712478
-1532822
182405
-2070772
23438
-308085
1100641
-1514910
633705
-1047697
1005592
-418218
262324
1512328
1126327
-654331
940597
227480
-352546
179427
-709232
1226565
-209534
-440342
430330
-191818
-19536
-136836
-733460
-402562
339427
-94500
1025674
409517
609239
229886
245534
-198829
717358
170273
829750
845958
-74349
1144763
-511717
-894567
-69010
416643
-583611
-89952
-1293828
92315
-756083
-818307
-80657
739761
-418308
62816
-1028261
147441
177079
-806105
342497
-99246
-249413
-433460
-1015230
-855889
310093
-171924
78879
-247762
-335327
-683327
-740908
-644610
-23470
-517988
-717991
518466
-364617
-582014
-137105
-360026
912889
-229337
-211090
489516
11711
-696271
1093793
-1019008
1101125
-399406
-231003
277078
-286700
-140305
403015
-331930
707309
192957
-654801
445978
621423
210017
377180
-62934
769687
611534
-782220
890619
177982
288366
73770
454730
882138
649981
-607523
-107149
-60512
-249431
-236228
24012
669777
401260
-995360
-541862
