#SpinCore Technologies, Inc.
#SF in MHz
#SW in Hz

[HEADER]
@CLASS=	RADIOPROCESSOR
@FIRMWARE= 3087
@SPINAPI= 20191127
@POINTS= 128
@SF= 21.670000
@SW= 127986.351562

[DATA]
-2480344
100902
-4014351
-2088744
-335987
-1022298
-790884
-4081243
2204998
-822745
2126619
-2853642
1221747
1172663
1816908
904033
191197
3132849
229398
416181
-1696792
1973270
-1541665
-529130
-1348230
459943
-1087803
-2243440
-388818
-1569346
-19066
-1320358
1570387
71860
1641837
-1229328
1696479
1023672
693006
518170
-1751195
2035765
689652
2004720
-437718
119335
-1258699
981362
-1846110
551114
935934
-1475250
-360518
-399012
2188213
-984439
-1256177
-375927
1768250
-429929
-734141
947625
-271638
41297
-150229
1078464
1124420
-237520
-1390888
-206608
1765352
1372235
-828675
-1218349
152122
504076
-680780
125100
-46862
-1039581
-846346
-961574
1212663
-141608
-1109678
-59547
-13540
-511157
774838
-508563
-645181
-1137051
-66620
-50288
642855
-206130
205359
-297630
-320539
384838
-310454
-688053
-233818
208144
858265
685527
293166
-621997
-862742
1182748
845281
168170
-452809
419828
235639
1628753
-710949
-558212
-921809
1531598
47140
303050
224841
543417
397999
278574
-1275323
852599
-1436661
-1097787
102288
948298
-432210
368345
-1431626
-1187414
433806
-205741
-139786
-914403
476838
-511170
-1036578
787647
797817
-439829
-1860724
305451
1772951
984370
-894470
604319
207608
584123
-842422
-1397202
776984
-1228148
-1927291
-1149311
1813799
406882
-482473
-883478
739295
1037249
-511102
-898678
1088723
-285665
963546
1365172
-722535
-361940
1333735
77493
1360912
982027
372542
-193575
785768
-312476
1309061
-435696
-882112
-130125
-111365
96533
1750072
-1351938
-1416622
-1432627
575045
70555
82087
-779205
-204896
-178074
543215
-350121
-1469050
248435
135723
415476
1125909
7857
144889
-287655
-902194
267856
742052
164881
-628876
346296
782840
550224
-1279495
-73648
223879
369921
-310517
856535
1215054
-96248
-636249
63738
762434
-336509
-835641
-176507
517932
1386607
-877186
-757466
449424
-104703
-471155
-382535
-113755
-203116
-1149595
-681600
944146
1163089
-559680
-1936928
-894128
2206572
266104
-673565
739048
220264
390688
-1444788
-922703
696953
