#SpinCore Technologies, Inc.
#SF in MHz
#SW in Hz

[HEADER]
@CLASS=	RADIOPROCESSOR
@FIRMWARE= 3087
@SPINAPI= 20191127
@POINTS= 128
@SF= 21.670000
@SW= 127986.351562

[DATA]
4090735
717323
4452433
1351329
4269036
5309482
1085844
6598745
-1578174
6298008
-4466568
3355374
-4507996
2012660
-4529793
-792297
-5223271
-4093730
-2053541
-4542273
799803
-5076262
1712439
-2927695
3499006
-2427118
2885895
269787
2148185
2535504
456048
4357946
220054
2387865
-1323568
1238087
-3507565
2588386
-3238943
-467955
-2211793
-2590558
-128994
-4702094
-1399840
-1528765
1015456
-2872323
2604360
-2902975
3104764
-1334019
1625084
1433136
1499965
365091
1220900
2029631
1263982
2764311
-1371371
872218
141804
-324097
-2356071
-575939
-1004541
799195
378123
-1101326
1568274
-1617564
-148915
-1090004
-406055
-707730
1988006
-832103
1337038
828974
-70191
462194
-496954
-1436731
-432583
2028700
226274
535627
-29329
617545
56209
-1938974
-1240089
241345
-703316
-1170756
-29439
253414
-265700
-1396478
-1371576
503494
-894184
-320607
-116323
-208184
1215983
366014
184973
-153392
-2343111
467179
-198796
209221
166446
76804
-334262
609146
-1248834
1014610
-819598
579040
989741
-127656
-31373
-626331
-19400
-1447647
-61865
22557
811475
240442
-32060
-115515
-265667
194805
741273
-674665
-80352
750204
-78966
638085
-327475
-695903
-110058
744306
-243756
188516
-1131649
-33392
-1620
1786559
458267
862389
-570492
-1322272
-314966
-1557918
1198487
546975
10821
-129121
700524
-326424
155286
78668
-231475
633303
547800
1660185
-461877
385300
-897345
-1316314
-149312
675675
122080
343378
758424
-43997
1553832
-260104
-115614
943895
-375757
963103
1496991
-457831
488815
-111935
-384275
2229955
-1246237
-1378828
-27792
544683
387690
621643
-942188
933085
-542272
-605723
594
-185051
-1067543
1238517
-348210
-942504
-217190
-1102408
-529054
-1446499
-410608
1016194
-162565
-1256989
416057
1611553
-511479
-748566
-1119349
115800
-702433
-1717336
1700996
-122380
674417
-2116785
1528015
-28428
1178853
395482
758395
188794
-70130
1105541
1027134
410875
873017
-1580717
276727
814879
1008730
-160425
482158
675692
1148710
841353
-1216020
1000073
481534
795502
-1250130
24284
765531
-246602
