#SpinCore Technologies, Inc.
#SF in MHz
#SW in Hz

[HEADER]
@CLASS=	RADIOPROCESSOR
@FIRMWARE= 3087
@SPINAPI= 20191127
@POINTS= 128
@SF= 21.670000
@SW= 127986.351562

[DATA]
233753
-229890
403475
-869446
929028
174361
119115
-195411
-308285
2482460
512993
-734479
-793272
352769
-1009484
-810647
-1251485
9072
531022
-1536511
-996576
813374
-68810
-1754622
-31638
-406991
972203
81024
-1009228
183812
24912
95645
816723
-644028
685137
368257
-128278
361592
473212
-958688
109022
-1759908
-176056
33753
-1013886
-268580
103790
388568
1146427
-363408
842736
419600
187673
496081
1471554
131085
1790441
1148093
1253264
-886684
-775190
-663170
-82059
799453
500952
1337423
-521027
-11767
1159333
-50875
-1170930
1651840
-856011
-1019499
252066
454191
290050
-1830168
553325
135891
-123507
794120
-102563
1820101
554644
-889131
169423
673764
-988254
-372757
51705
-359288
-641810
20079
-732520
-1217425
-1301876
-25837
-365440
-443770
37806
-949328
-1090709
-260134
42119
398204
904623
-311562
1708255
-399966
-1048261
-521658
1280463
-1794479
-624838
1394672
605648
-520414
-1285189
-1286032
99838
-1857059
-1073724
611294
-1350015
252035
431638
-2136892
392761
-1008835
-204227
717193
338382
-371595
979949
-969587
594645
1158735
16638
696256
-160611
-1327154
632571
-1280828
1246707
2194337
-743641
1023834
1146948
-433063
230589
735422
-497285
448127
-1019447
44372
-613403
-463961
625404
1330510
446649
-418161
-1213268
565270
1173929
6129
1622271
133908
-531872
1145984
-99903
-621887
339200
388356
159160
642375
-1025777
1405722
638773
-474207
101705
1800206
-16578
198959
-380531
-663958
-741398
-1036233
1285665
724074
277643
-776797
-1098296
459861
28567
-562567
23211
1003907
-732655
-1474115
-592862
-1909405
498292
-127795
-230809
-84393
-1493859
-268857
1233678
-2159823
518937
-801925
-1063297
604041
1396660
-1655117
1047008
-545652
-15253
-75859
-745851
100937
-511133
-1036628
778261
1191454
-2708392
288655
67658
-2034689
-335436
-305762
2537915
754462
-1205536
57575
173836
-146418
1085723
1782741
731055
1072860
-2177046
922703
255280
-2034573
480054
835397
-704654
638018
-116613
29742
1230707
463597
-525074
441820
