#SpinCore Technologies, Inc.
#SF in MHz
#SW in Hz

[HEADER]
@CLASS=	RADIOPROCESSOR
@FIRMWARE= 3087
@SPINAPI= 20191127
@POINTS= 128
@SF= 21.670000
@SW= 127986.351562

[DATA]
-3441153
2365569
-2863411
-227930
-2672996
-1223199
-691706
-2107284
-170652
-482751
1743588
-1065948
749564
-737171
1416818
1802007
1903043
2351025
658543
2682373
-2022502
1488928
-1489174
1875186
-1870721
480797
-1606653
-79789
-1123846
-1609017
-976598
-719570
-922201
-2261857
1135711
-1343073
994607
180860
-601808
3382946
647811
1408027
137908
-414845
-346155
1678251
-2453254
3836264
-1511312
1169665
-1684441
538321
157148
-585564
-2094477
-1046666
-871256
-1006086
-187865
-1287107
895039
-378019
-1394159
1873735
-814027
-403805
1186168
-470776
365248
2541262
-1718677
1474586
-1682325
-276013
309162
219504
-246154
-414340
-2057371
964005
-1061550
-940206
-394477
-1982801
928822
321852
-382243
-1212297
-642807
-255949
1011534
-1273118
-680342
1720266
-721337
747310
-378554
-308616
2127306
-582929
302957
832355
-924712
-485106
-2050355
-1459237
832596
-1518126
-278157
201998
165395
-961753
-754144
-1392769
1954112
-676894
481224
646289
1089581
-570576
646761
-536067
301739
-1508793
78184
-581312
1010671
-728070
-30837
-900280
-796893
-1771012
333459
361025
1607803
-449934
-943193
-1105285
-506086
-958017
482031
450978
487377
623723
1541529
-1025695
730507
-881237
331193
1544368
72980
-563340
1040269
223775
2132871
-1632862
783361
484110
-208215
-1623142
877870
393298
298464
-641067
1097496
-394027
372852
-77984
558999
784084
1934595
282418
673088
637137
-468549
-648761
434460
847655
438579
10751
125522
244742
1165300
-55807
-508223
895186
858855
-510855
970271
1266726
-644246
-1468755
442885
-146366
731434
420176
-283555
397056
-566728
-100981
-400551
-274737
936815
1528483
-815570
1357162
-1074702
247642
-858211
675011
252685
1127475
1363105
952149
-505657
-245997
-363173
-398801
-469814
1441818
406321
766023
-248748
-14313
536920
520745
-426823
1811185
264749
1016111
-2088331
1309235
79284
456083
-1424862
444592
-18791
954532
-567196
-28364
810581
-198689
-1888172
1122861
113826
201646
-532106
-671426
945464
167679
-898839
1181256
-697193
-542277
1035503
-412252
