#SpinCore Technologies, Inc.
#SF in MHz
#SW in Hz

[HEADER]
@CLASS=	RADIOPROCESSOR
@FIRMWARE= 3087
@SPINAPI= 20191127
@POINTS= 128
@SF= 21.670000
@SW= 127986.351562

[DATA]
-7178723
1280202
-4379246
-2289092
-3568499
-4640715
-1482054
-4336202
-73208
-3894102
3460948
-4186020
4861176
-1224144
4262193
2135680
3694920
2682503
2315507
3395509
-440233
4878101
-2600045
3463529
-4324572
1137046
-3097585
83007
-2512110
-2842160
-1484534
-3726739
117018
-2771921
1392839
-3364165
4133520
-1427216
2841408
819201
2000538
1828634
1542927
2417814
625921
2147616
-1511806
1483992
-1983822
1423497
-1963485
774602
-2230401
-1304160
-1773356
-1938928
431731
-725732
592890
-1224904
1493517
-475097
545813
-1243804
1925386
797352
907240
2041849
882590
566284
-825751
-427291
1389171
917735
83794
1058295
-555074
-512271
-2013412
-845402
-1043612
-2425288
1064059
-1477043
164868
-1428909
-1255437
-1377358
1744785
-658281
1348041
-1157813
789790
-358041
-61293
60794
548160
-802682
171699
-1074160
-1185031
-521876
128073
59124
6804
-569988
-51880
-184120
-1713444
-287092
-404468
-737910
-276242
-137697
-93789
-831326
-979450
-655913
655719
-1188390
507734
-449091
460509
1021701
-108201
1029497
-1435331
-318423
311947
292186
-861502
-178618
-541026
628912
-964196
467450
706847
963543
-2467907
-144813
-247993
893721
-1266959
786509
878319
-1048228
-304467
-651642
1534944
-10288
-2764532
1690220
582918
-423717
618184
-449311
146027
631001
-1993057
1257731
-449718
608524
1829485
-868261
-279660
508149
-1051204
583399
901138
-655973
504291
-179549
-558645
-1134336
-1456977
553092
817836
-242108
422538
5419
729933
-802961
-1480840
63620
425013
158774
1277688
400640
-896602
292663
-1664351
-488334
-79175
-1557446
1748705
1173540
1124315
575630
-1300731
-280031
-485941
297398
1537389
-579680
367453
617248
-474051
-243781
-705405
1003064
252626
448828
766088
-14213
-652694
116588
387370
522182
254990
1496657
1017585
-18192
-1566805
-648769
-1038980
289846
578394
647894
208117
589512
-740212
-1210920
-713667
1451086
1128243
-1190031
1733557
273499
-454878
29713
35203
751534
-1511898
441210
797374
-1381033
449316
-559780
420364
739145
550132
-279767
2278254
-1279262
-636696
286147
