#SpinCore Technologies, Inc.
#SF in MHz
#SW in Hz

[HEADER]
@CLASS=	RADIOPROCESSOR
@FIRMWARE= 3087
@SPINAPI= 20191127
@POINTS= 128
@SF= 21.670000
@SW= 127986.351562

[DATA]
-5061337
-1365765
-3635582
-1187436
-3986394
-4100758
628147
-3074592
1668629
-4206929
4451970
-661157
2772040
349756
3739463
3125783
-502914
4812411
-505738
4164615
-3517169
3708243
-4656886
1299583
-3823406
-1073778
-3563557
-2526988
152329
-2605357
-735317
-3064701
1113058
-809821
1882286
-444661
2045354
-194478
-741771
1645969
-789119
322867
-837407
2276460
-2415530
2272611
-2578733
732154
-3282993
-1602969
-2492710
-170821
-1025848
-2156914
-1155614
-1346111
59640
-2072039
330552
-1010041
-230726
721840
467669
27959
-835371
639579
-1093415
-41558
-2091362
267901
-2356678
-1620016
-296914
183953
-1955616
-1286655
-2410434
847478
329641
-297176
1297015
394562
303173
1266702
-1243614
-807166
768106
-524259
-473830
-35765
1510470
911495
-3236607
-926410
838901
-1316108
-415551
1367616
331922
249993
-2411614
-743886
849978
-1013297
-91727
122832
-411925
-502265
-631659
-340047
742423
182320
1187792
1161556
-244421
473896
-163556
-1039971
-216685
-110694
-195904
210772
-87883
1328608
-1973479
-1546446
738159
-328767
-478131
152982
296627
487709
-1847303
-184923
251768
-1306227
447480
57065
694394
1404285
-344795
1194000
448021
-2699548
177571
908782
-594577
-647368
-753269
1785632
-406423
-1931150
122191
462664
-832946
-1432181
-1460239
242351
-2895964
-701690
963222
-595946
672433
-582165
-96957
184985
-1310228
434266
-126588
-1387861
585918
1559444
-1482481
191108
106211
979641
-557139
108258
1709631
14964
-1030235
483378
-1043649
-730175
1306356
1144369
1016148
-1527592
32796
-291457
-1184722
-1108981
2615984
470541
-272784
-2246541
811077
180244
-1851088
-542217
1756244
1078010
-472705
-660898
-926518
-651262
-398011
1217340
566546
470525
-329134
895780
258870
-2318917
631545
499045
-1150858
-437511
308209
-634556
-435884
-1132472
828708
-529375
-683882
1701334
624029
-2084287
56663
-513969
-276020
610590
1143388
-582435
-385981
-621198
418960
-1499534
-1318367
597929
1154975
-467522
-784430
-219794
1183593
-1195682
-1041506
1116271
-344720
85779
221858
33228
1019460
-2419705
-109499
-648935
