#SpinCore Technologies, Inc.
#SF in MHz
#SW in Hz

[HEADER]
@CLASS=	RADIOPROCESSOR
@FIRMWARE= 3087
@SPINAPI= 20191127
@POINTS= 128
@SF= 21.670000
@SW= 127986.351562

[DATA]
-5288051
-109688
-3632732
-1379087
-3915124
-3983171
-2197957
-4738144
794326
-5656656
2792826
-2675087
4712099
-2543109
5250934
125721
1717024
2574791
2153592
3824695
106558
4445314
-1533920
2374453
-4054247
1639618
-4881938
-1495240
-3302973
-1304649
-1346530
-4911953
238415
-3297621
1370765
-3305041
2178025
-734131
3160991
-710263
2661028
1105575
-615470
1464802
740460
3362059
-2092450
1488248
-1155942
1151931
-3731306
1890576
-1304548
-732172
-1866011
-1469352
-103157
-703905
-725671
-692814
773133
-35935
-350770
-1072227
1291425
-1404344
703640
1362465
182262
4150
-659293
895801
-769930
1724421
-661934
3106940
-1504981
1638224
-886789
625169
-705013
-554177
-1143735
-25556
-13166
387031
-2055890
146330
488255
-1528560
2450966
993523
-357697
-861419
-1444551
876438
1011792
574401
1002694
195346
-579540
1444313
-280415
1464865
379022
79225
67656
-327288
-1562003
-222785
456075
1518878
-263813
347749
1810336
-283899
-903587
359700
1482408
-699197
1034332
212422
946860
-251727
-563530
-134377
-107780
-195495
-289508
717672
630989
-425932
-957464
114452
-754060
-55914
1259658
-412779
268119
-1070098
748804
-266445
-602703
1023277
-883278
-70586
-59238
-518813
-624035
-217450
895267
1280526
206737
-1134602
-2274030
-793868
-585219
-1096187
572174
2845697
-1280431
533187
-1625148
1140188
-1192282
875689
341685
-161156
-224935
490742
-1028117
-608858
406117
-49114
1895528
-4144
-125506
493746
-532529
1513165
-134033
-292985
1053855
-403223
-1268781
215204
-1783937
533038
-1511426
-48731
-302658
-937577
-153872
57711
-41259
1585691
-1335315
237194
503456
120156
191963
-91446
-1533809
1157568
-604147
489140
1067859
-1136880
-181955
-313956
-343223
2133997
494718
-510181
-504415
-61094
-525348
-849515
1688889
2070720
835316
-288065
460835
383041
-592842
-1232552
1296907
74050
-1016091
-684629
-849869
953471
-607095
-629657
1979121
203836
1007380
-359039
283964
266830
-896944
155
394711
-844710
1192215
-17182
556599
-602327
253834
456168
-1259871
-818096
1203874
-700591
378594
-33291
