#SpinCore Technologies, Inc.
#SF in MHz
#SW in Hz

[HEADER]
@CLASS=	RADIOPROCESSOR
@FIRMWARE= 3087
@SPINAPI= 20191127
@POINTS= 128
@SF= 21.670000
@SW= 127986.351562

[DATA]
3308692
-923347
3087862
2951841
1444299
3396595
2096260
1186988
-2594529
2337519
-3960245
1335148
-3549484
745671
-3735539
46701
-2021906
-2978447
2058584
-4080822
750285
-2836056
1892615
5371
2875688
335883
2214823
4464986
1078433
2341919
-43780
904080
-2214712
3501258
-2945448
1967349
-3095215
-782011
297083
-1202331
42400
-2309117
-984860
-3541193
494024
-1595278
1343905
-1194450
1388246
1639375
3026319
1773878
960226
1211359
-579609
2676320
-1442608
2206487
-633064
1691424
-1279520
1708180
-1178354
-1130181
-983162
-2519393
-715474
164579
-257394
-2974442
892441
-383414
2557345
-867439
1654399
293491
540013
436285
993911
-108328
-838267
463474
-692920
1431306
569516
723983
-1978663
-112385
983850
556605
-1051447
874003
-1257695
623916
1098170
-267557
644713
-1421235
331982
-303393
32387
7996
-1000310
619472
455122
915115
392772
1072291
-827140
-384380
632418
296765
-222011
205910
-1910365
661710
554208
1341655
-196390
-165687
97412
-1022301
-684291
-91182
-992595
859075
117083
956041
2495255
-92270
937346
-857903
451822
-578643
-685058
-1616415
-591483
2054424
205980
1489742
1485605
-2550451
572043
-1944683
-1076045
682056
-414191
-967539
872512
2203646
694518
1597330
-994815
-804947
116934
459024
-1733017
175923
-893385
-450608
1506086
-213735
1657501
372279
-1682697
-1381381
260170
-1015592
127553
-102113
-106455
-124066
1179882
-62820
50088
419557
17702
1356126
1755235
-957811
-619808
552525
1320296
2121170
368015
31366
-205306
-433697
568518
-832941
-1857327
-587740
104590
-426438
-805213
-167284
-569711
885701
-1116615
-844367
822929
-936701
538259
-1282850
-608584
1298271
234182
-1370262
-235854
3105569
1805826
900439
261549
-35369
-854153
747358
-2603952
813492
-162699
-438081
1010942
1539941
-339223
-1592995
-45412
-2028039
435563
598054
-925304
484711
685962
-251535
2949315
694709
76850
332145
-1665148
-313015
486911
1011260
-1608771
177369
-681470
196157
314355
836069
-1604961
-325545
-207155
-1273710
322531
-614797
-552808
316748
1305961
71906
