#SpinCore Technologies, Inc.
#SF in MHz
#SW in Hz

[HEADER]
@CLASS=	RADIOPROCESSOR
@FIRMWARE= 3087
@SPINAPI= 20191127
@POINTS= 128
@SF= 21.670000
@SW= 127986.351562

[DATA]
5492722
-1651926
6744435
2317391
5694090
5963611
873971
5761906
-1640358
6716013
-3374593
5094519
-6385854
1705769
-2819683
-1497564
-3765382
-4222880
-2579401
-4949794
-359587
-4943211
4790997
-2299757
6140864
-1363910
4846094
769805
2136736
1440488
463703
5578821
-596522
3185353
-2660363
2946745
-2237661
-695571
-3316463
-168284
-1354961
-398782
-454663
-1338079
177720
-2995859
2060144
-2504191
2897358
-514843
1321892
724845
623987
620356
855475
1883387
-80713
2504673
-988140
629575
-990709
-1178140
-1914836
987159
-2130074
-6334
-2874486
-2118565
846994
-1638722
784940
-1214481
1331819
-732493
2062561
-200124
899100
571158
1417522
328242
-214938
1077541
1294505
301936
-992524
1306925
-1287077
375820
-738531
41339
344686
1630010
-1341584
77043
-2286341
-438694
-362729
-247605
855933
-90579
699842
-701824
619068
-1646459
1112255
444330
-120696
-345347
773560
-72313
2060915
-9365
-1150517
275199
1108263
707828
149493
531492
225269
1240462
-6067
104516
-394895
-663440
222489
1101225
-2181585
511047
-360783
228551
860026
614424
-1021514
850542
-119463
-1418022
-444077
712964
514704
686478
-508851
-1411437
2497657
-180559
438072
-950674
-321241
250523
77675
-1329098
800078
2207689
513225
1047177
192664
515936
-160924
-1302274
-1322797
454717
568117
309554
574031
524740
285552
1280855
772014
239074
-2846057
-1205364
-258556
768987
-1113433
538902
2006583
-1495254
-504352
-1662910
133256
-133708
39504
-625932
1091920
1487734
862010
1018576
-326518
-119712
-168657
-1125969
-154351
929396
-148622
1394124
-272762
1822866
-493253
-914805
-1098404
228119
324106
231596
-1247960
-294642
812578
434254
-516970
-1888409
133635
-232614
689358
-1680628
-610882
1143993
185027
-499899
1495983
1550458
1882787
345006
-287033
658713
-220839
341148
403515
1193598
-371769
720574
-86203
-166003
-102948
10408
-1592638
434769
-566585
-277080
1099061
-2599
-1964
596357
-418151
-1645140
-603716
-536228
-614063
-209622
-79017
603506
1153056
-537271
359024
-7993
-604019
-743433
-494541
-447269
