#SpinCore Technologies, Inc.
#SF in MHz
#SW in Hz

[HEADER]
@CLASS=	RADIOPROCESSOR
@FIRMWARE= 3087
@SPINAPI= 20191127
@POINTS= 128
@SF= 21.670000
@SW= 127986.351562

[DATA]
-5755027
366976
-3955026
-3267978
-1411167
-3535084
763296
-5481674
1665458
-3389875
3332382
-2067526
4224620
2260794
3782369
3522932
1379425
2739364
-700501
2346379
-2178854
2933306
-4739281
859256
-2072254
-804037
-3326126
-3453641
-1174365
-2675956
1271018
-3076079
3713119
-989313
2550068
-497688
2313160
704385
2646752
1835509
114005
4519152
-1033657
2240846
-2017814
1231294
-1917413
581935
-2421369
801710
-1209676
-2946726
-667531
99661
177225
-2124940
-672662
-1070425
541951
-139560
-1294650
-485670
608343
840027
810213
-390449
1289550
664640
-515480
-2038067
-1690082
312298
-11544
-1318685
225737
543267
377776
-993178
-217126
-1040796
-67643
1256796
-1334397
1386624
906076
-714614
1932847
-912523
-1021841
4512
-1453722
790908
-833860
502895
346766
732527
-340205
51123
-155960
-490868
-1344128
-637342
-2165386
191770
486337
-244552
587335
-740555
-963346
-1133382
252
-1952367
568387
784529
-116809
488209
422906
-1874422
1849329
-688828
393181
171216
-466056
1765931
-496542
313992
2025033
886173
241309
1214933
-804455
-665335
-455201
339614
-1542490
1513141
-224959
443114
121712
-109041
-905482
-63672
-2317262
-231993
-527310
168860
92974
699709
-1133872
-1359669
-990871
-1751214
678627
331677
-194580
280100
287365
-742178
888423
-1305584
1004783
418450
10820
-282407
946142
652806
925656
989402
-317564
395036
833572
-946875
-149314
403502
-442027
-216934
796149
335169
-276208
1092517
470089
718162
-1673024
-672282
511010
-163575
411434
603069
-223788
-220235
424212
-260505
-383729
-1235392
1221294
103193
397948
-293526
1448682
607142
718046
-2364453
346573
-163190
-725291
-1008170
-32542
-487035
555031
88691
713616
491670
214269
-1773282
19260
-41015
-393618
336615
-676014
-364737
2095579
-47857
-767710
-559098
-1421755
686039
62158
51014
1545389
842146
301933
1299812
405413
-705302
1338186
-781665
466908
2752851
-1190763
-1339604
-168973
-1483216
1960359
-72603
-1630211
204522
748769
-1205607
397872
283236
1167552
730523
-1415295
-982221
791519
59422
