#SpinCore Technologies, Inc.
#SF in MHz
#SW in Hz

[HEADER]
@CLASS=	RADIOPROCESSOR
@FIRMWARE= 3087
@SPINAPI= 20191127
@POINTS= 128
@SF= 21.670000
@SW= 127986.351562

[DATA]
5039177
268049
5296003
3561591
3766201
4529821
44995
6322774
-3553843
6052772
-5799790
2956919
-4442811
1817392
-3390191
-2151268
-1931669
-4195693
-1269677
-3521546
959086
-2360233
3759719
-2862754
3385319
285810
2314716
1906118
2086318
3615970
-519150
3194241
-2506543
806305
-4610842
618130
-4277213
305460
-2391453
-2446487
-825006
-2819762
1330499
-4627495
-385720
-2224393
2000167
41443
2436757
-1199218
1190439
201248
-631494
1356206
-599533
1425323
572060
2041257
-1633337
-345161
-2211652
-307523
-397487
-895836
207012
-681833
-225186
-1869289
976900
-1566938
1135173
-1015797
468557
427064
2410331
-668649
24632
274736
-252800
-1112865
486969
1005545
1616452
587818
-215189
1665843
-1391136
-1381313
-1445898
-150065
-328148
879283
-893944
449827
1101617
-1075877
176387
1070055
1232305
-128167
191247
-313807
628835
-1277762
121981
6377
353833
749086
-517977
-94320
387000
-393530
-370327
-395026
-429833
1115837
-2601870
150290
1745867
-589318
152330
-1980467
-557911
22279
-271947
1566837
1703591
-561373
830103
-751639
-735966
464513
-118619
616587
1788652
871816
1302071
421070
-703802
-186715
-561977
177026
527813
576524
754504
-387518
668612
-797432
1060734
-758056
509528
732649
1137035
1093340
-142327
774691
-906239
-838758
-522331
402203
-624663
754210
190892
-1099273
-392164
135467
-40783
264913
-1719954
855042
-468136
822702
-938808
1329963
-1132134
1162683
-81316
939509
-596970
-235729
-632987
-39387
-1328139
-511402
-1020881
-667947
-168401
-478134
-847399
46517
-256697
-645653
-1303465
-1878645
-662069
377158
736918
-1448692
228966
-813465
-1377945
-1845026
451227
884545
798704
-932245
239806
159928
645332
-1962498
1052205
-597974
350190
-45840
-218352
-293347
1253130
-645658
778785
-402631
-640633
-274553
34485
-127106
1015919
141787
-523171
378255
-172246
14471
289811
-631927
1512226
430482
464669
80541
1169350
1192258
-905040
606752
448535
433686
188321
861810
-1425796
-692857
-970825
407668
199692
217569
749301
711448
-262446
362847
-1736730
-97178
