#SpinCore Technologies, Inc.
#SF in MHz
#SW in Hz

[HEADER]
@CLASS=	RADIOPROCESSOR
@FIRMWARE= 3087
@SPINAPI= 20191127
@POINTS= 128
@SF= 21.670000
@SW= 127986.351562

[DATA]
14978557
-5877906
15572164
1999092
13377261
9116242
6975926
14357164
-1478752
15099387
-8584893
12689560
-12439173
7009093
-13898808
285718
-11664703
-6888003
-7783406
-11439433
-544439
-13022580
4955400
-11308599
9737939
-7087722
12025782
-2804996
11546070
3877071
7702496
7378299
2429931
9918380
-2134973
8711465
-6062981
7177855
-8066602
3978659
-7874900
-927316
-5884511
-4688865
-3430192
-6469819
-262093
-5816690
2435210
-6150638
5825929
-3135855
5299733
-748403
4531991
2149975
3755559
3163204
2063014
4525065
-1127690
4119253
-2370739
3151864
-2892254
1286637
-2955853
819262
-2919896
-1364128
-2609126
-1489128
-554864
-2321740
534519
-1352647
1339388
-1542997
838646
-1573562
1845571
-655447
1476347
55827
1006390
1098619
-18956
1240098
488214
766448
-715434
1065020
-238676
688446
-1302981
235494
-681007
127141
-837071
-326002
-1149831
-548139
-288325
-1431073
-55292
-651300
1018115
-895905
732085
-944299
738325
-359493
1232514
652301
834457
614456
485537
825653
754053
1081642
-303147
1184630
-672439
731318
-743253
579375
-699078
361461
-794034
-183602
-633540
-173299
127481
119753
-63021
-794452
-380132
-578057
304258
159757
277046
638753
-83865
14958
-575698
453060
106464
589836
37459
121312
-446373
-149412
-893330
-16084
-360123
-369783
68361
302254
-1209
-1038583
-396839
-529284
-40864
-835703
337142
646288
901617
-56585
79129
-201876
222032
150671
-1351043
-94941
560718
105329
-654191
-909139
-288498
-110
150641
-282707
207086
146447
41156
-455960
224870
305452
-180447
180479
314512
708801
925183
-114920
-405121
-225367
-105992
-146496
101263
580214
675312
-623792
238760
-234939
-823416
374576
282884
256779
-68203
187532
-306207
-208644
-1333360
28790
981403
483942
-300661
-409825
52447
-551091
-872453
-129771
506928
411983
-863409
495874
-591634
-110969
-622941
69293
220441
558994
-104080
599297
-252149
-35677
-260099
-308983
25555
1156623
136433
-368042
451500
-1478526
-651430
3870
121172
784477
177656
660758
9192
-388574
299685
-185696
-1319167
356775
