#SpinCore Technologies, Inc.
#SF in MHz
#SW in Hz

[HEADER]
@CLASS=	RADIOPROCESSOR
@FIRMWARE= 3087
@SPINAPI= 20191127
@POINTS= 128
@SF= 21.670000
@SW= 127986.351562

[DATA]
7765492
-3469210
6024843
1262522
4864374
2635366
2129115
5367194
-665757
7280691
-4272685
4069969
-5216276
1909369
-5090799
-1266934
-4867823
-3764712
-2307770
-4384337
190959
-4344606
3415861
-3069715
4382818
-2746241
4607708
743932
3028377
2477959
897707
4192155
326405
3144668
-2284929
2561006
-2503049
1679993
-2594604
-1523162
-3401069
-2338297
-745811
-1678276
451521
-2364823
1770499
-2045386
2269351
-1605007
2277586
-2090530
2309374
137694
823827
802931
1138522
2057675
1400813
2656338
-797060
1189100
-1675065
-421547
-3221586
1254422
-485513
1304860
-720384
-1803857
1052272
-2023972
2162143
-1022812
-662666
433294
-729584
-250372
1724965
1155756
2040802
-163439
320688
528715
635825
742569
-2542879
1333182
659317
1470865
188810
1151514
215994
753643
-617165
-1258087
-1885519
-426483
-990637
-397514
-1971906
-759072
732398
82316
598919
-166047
-1222
307465
-605051
-454530
24709
1424797
1328715
858187
1518811
632406
116790
422058
-14704
1128074
-476242
880092
-1923964
1372240
-405539
1358111
-282835
433101
-738611
-706894
532883
-546223
286571
228461
730850
-723762
586482
570268
439710
-1521470
-38752
-716906
1015873
29267
-546788
1336409
1570718
-210423
831395
518222
-1147139
1643348
-331731
-820088
-1756393
871321
-656256
1229376
-1363151
185734
787115
175052
-1394824
-567716
-546754
649559
-514347
-928465
1242382
796066
853906
763774
777634
-313053
974830
-578556
-698481
373249
1070481
140401
17073
1367396
935481
812463
-672963
-668963
93990
-1185834
-72059
-941816
-1827550
986064
1830948
-838952
746612
1237311
1314265
173383
-2508275
-1271116
-828270
55205
181546
-806494
1434281
899059
-1011845
-1861771
-133211
-659602
-107831
-936980
-256940
287350
874004
672887
-1488732
-178372
1001874
-957007
-1382624
-1154155
-649600
547085
-897870
425255
301810
1202376
-403918
-350501
355490
-214877
-325678
-427229
-548517
758501
-781945
548738
-162387
206183
790333
-258039
-948351
-538466
449290
1246124
-701882
-304825
-236400
994866
740461
-313351
-471729
-1311205
124769
-104638
