#SpinCore Technologies, Inc.
#SF in MHz
#SW in Hz

[HEADER]
@CLASS=	RADIOPROCESSOR
@FIRMWARE= 3087
@SPINAPI= 20191127
@POINTS= 128
@SF= 21.670000
@SW= 127986.351562

[DATA]
6544565
-1402064
6284982
1989576
4300457
4785831
1574318
5334767
-359516
5417215
-2623144
4319801
-4855630
2538833
-6067468
-897887
-4755061
-3262039
-1127248
-4273658
-574234
-3761684
3384419
-2836547
4137512
-2550452
4914544
-492050
2933085
1931175
1355307
4601837
2180054
3424687
-447585
3179290
-3167505
2512027
-3349114
769302
-2901277
-515309
-1113380
-1779933
997558
-3226787
90315
-3680306
1347229
13888
3071281
-886254
2372571
388300
1491581
632951
427057
373262
769394
1237272
601567
2126630
-1138909
1712058
-1337018
-428390
-1560659
863921
56335
-809269
-124868
-195778
481971
-780783
212657
-1710650
-384520
-1207130
1813582
354105
1372188
1547264
-129997
-396378
-390575
605341
385253
467810
-221340
2876092
-535539
-711549
419015
544220
-175903
-653010
-1060965
-104643
757380
-536787
-58406
683020
1036724
-1010463
-1060410
-1613898
1204936
661781
-755359
255732
349846
-2444
-1210940
-77008
1042091
1129527
-531323
-789504
-575946
1233179
-1835150
-258966
-1080774
1187933
-928962
-103751
-989203
-1996036
-533581
-446527
-741890
-460895
237375
-854066
1333179
-744522
2217806
-1037613
-981732
558481
536608
-782104
445167
-583561
-1074127
580284
635253
912497
-434384
791982
295105
1413962
-1673494
606122
-267037
433493
1626546
-867869
386492
1341296
-194394
117485
-885135
-1522454
1225982
-216179
-81453
569335
637312
-629119
738928
-1262179
-192384
206513
-442944
-764409
635523
-1488891
-926061
-1152018
-103196
1236500
-411077
578790
505038
263070
-121262
-1136009
-341947
-998579
458556
750380
1557621
146787
1443287
-1766332
531804
-399967
-113185
-630882
60113
975260
1123067
-137860
528972
197761
-107572
-451537
207496
1503047
-122732
-176554
818656
949630
-77036
-2055332
420252
366685
-1231076
452439
462703
542360
523889
-1686885
-267447
-1196306
-1017048
-119804
-580295
-528600
1386980
-273812
872405
677470
-1352094
520139
-659218
-487350
726585
1220066
-772202
1200821
-2022635
-201015
1650987
-1680590
1775850
464230
-114992
797566
-508997
-252745
902413
896163
461385
-818753
