#SpinCore Technologies, Inc.
#SF in MHz
#SW in Hz

[HEADER]
@CLASS=	RADIOPROCESSOR
@FIRMWARE= 3087
@SPINAPI= 20191127
@POINTS= 128
@SF= 21.670000
@SW= 127986.351562

[DATA]
-2676902
1177215
-1949049
-2149748
-2217808
-1558178
227997
-1254105
1104386
-985576
2721857
-1600374
2717034
-91692
573517
2122506
139283
3159090
341019
3080596
-358811
1705306
-1304399
841993
-1575324
-747507
455084
-442401
-661194
-1012965
287134
35887
997425
-764336
1356258
-438911
2512302
1241977
980323
227311
-249379
1437016
507288
1357778
-458277
1590541
-756146
129915
252429
-221132
-497230
-381395
659504
-823886
456908
-183874
-209879
-274591
1097834
-18313
682331
911816
983551
800756
184255
-1209460
-828229
1584306
-876211
539788
-1280951
398950
-231014
-402124
-1579370
199812
-1101939
-341994
-1326204
-1837428
-61429
-1321084
273570
773032
-560800
910338
-255743
777443
745888
-794200
-852796
835734
-312118
779648
67671
-195471
-112559
-653184
-747942
1079460
-1060668
141177
1279698
-186435
-37458
-1881012
-1015995
644026
-455261
-301742
1130134
36599
41005
119710
-186858
905978
-1318731
-697711
416758
-930103
609342
-102856
-1209618
-767010
-1170478
113385
-533435
-647282
419908
-567527
-1334207
-1144817
-975776
837454
610035
1169757
447194
-449213
-1420102
-172901
-903769
-696073
-472165
1594011
-191219
-1219209
972974
-923534
-1162392
-457483
-1357954
780079
-354014
-1409428
911892
-1674366
-1364707
-77379
-1353517
446752
946751
-22089
1189206
-496344
-1348489
-73292
-2462375
175190
586598
239600
913030
-1068369
-136706
-1361898
-1443343
-78202
617462
-561854
328923
-75204
-420630
-886004
-1642978
315260
628640
-925577
1087494
-774617
-374512
-88556
-622098
156847
-14965
244303
709433
1241590
-814507
-1139357
-403228
-168134
-310077
302593
-410691
471058
-217888
-579244
-125074
-373675
-22391
-281794
1151432
955303
-122505
141843
-465720
-1466492
-87841
-167577
1262235
99729
1075274
447346
-898184
-477185
552132
-1108421
468819
1137722
954691
-1471757
939877
-779892
725543
-46470
-233663
964745
-481638
721342
1370629
-407445
-819060
-130136
575447
519547
585585
-5293
-190108
-1164434
-371228
-159778
-45893
853980
826107
913056
401553
356975
