#SpinCore Technologies, Inc.
#SF in MHz
#SW in Hz

[HEADER]
@CLASS=	RADIOPROCESSOR
@FIRMWARE= 3087
@SPINAPI= 20191127
@POINTS= 128
@SF= 21.670000
@SW= 127986.351562

[DATA]
3766506
646293
2840244
1084056
1255766
1651113
474003
3959325
-2246450
2587913
-3017826
1286136
-4374764
995801
-1260970
-174208
-1219167
-3648144
1867329
-2175511
1234503
-2388163
1936662
1053891
3260529
-456349
2989309
2414928
44639
2865733
-1646258
2608789
-1145836
1701455
-2174641
2608144
-3088324
-2202570
-1477521
-604183
-1402691
-746466
-25503
-1340868
227933
-1310402
1859123
-1112546
14879
737580
297446
799002
682202
2019590
19717
129430
-1464670
443303
-1059283
-1253766
-235982
-249653
-1357341
-568604
805175
-659619
92310
-2934471
886723
-502838
699408
-671886
607959
1752431
936379
-197647
-140653
-63849
-299084
89277
-141746
973500
516197
-635743
-110907
-731317
-1336272
-680182
-2060287
757867
2147735
-369278
-392182
1357090
-880927
-1775254
-111619
1029911
2724648
554899
453109
1235224
388637
-1226209
-1110674
816063
-826628
1816118
-791312
1176118
477942
-1487298
353079
-1168572
-253481
-348553
-1765308
-103596
2154941
-354533
-1141846
-1190189
700581
259687
-966438
-1204525
733088
1662278
161253
1415128
-885590
-933192
-301783
-1431815
770863
2610611
324384
522781
-1795438
-590278
-123685
-1894772
-651980
-686812
341219
2213629
-222344
682807
3666201
-1660859
-475005
250118
-34639
832494
-1015916
500146
2697799
-972136
-560969
-1055097
-487004
-1523505
-1440484
145701
1293530
-102552
-377567
1133595
-322115
-1729377
1361706
-1250982
280033
2260657
225784
1310515
978656
-321782
1154246
-1740511
-912453
1769669
-1951499
336007
1494515
1385021
320639
-544003
-1687444
963345
-2430371
-747550
1008454
62784
172269
567643
-1212257
-655351
-1515215
-1688306
563266
1298516
213049
520183
-20643
-381338
793617
-859158
2146
284667
-214491
757768
778969
616135
1032167
-1064418
-764023
56830
-1889595
1074242
-613640
-249588
1675575
116491
550380
-1750157
-1730282
376023
238718
204294
1063590
987275
-144871
-541602
-104788
76850
-102551
-260686
-1149322
706352
600283
-1267089
-801264
-2021252
-186184
-590488
-1118195
635152
286366
-337629
584462
223560
742359
-1155272
235169
-472300
