#SpinCore Technologies, Inc.
#SF in MHz
#SW in Hz

[HEADER]
@CLASS=	RADIOPROCESSOR
@FIRMWARE= 3087
@SPINAPI= 20191127
@POINTS= 128
@SF= 21.670000
@SW= 127986.351562

[DATA]
5930767
-485925
6255564
-31755
1939944
3344463
434449
3935376
-396249
5032098
-1616709
1451007
-5022548
1846371
-3382118
-1763570
-1793367
-854677
-715504
-3169873
-608541
-2829441
2901725
-2522063
3415389
679127
3028549
736719
990758
2967024
147802
2498071
-1189616
2951443
-1445402
1656427
-2132565
-98471
-1222542
-1449576
-2059032
-1412093
728833
-1334565
-1158813
-2982498
-462180
-1191825
1825319
-696051
2144411
-803091
868688
477555
-494988
1563882
970157
1550881
-447261
2047364
-1661376
489485
-2215829
-768544
-1092493
-724915
-863331
1049378
356686
-1240645
83156
-1208388
379501
-678823
-483039
95837
263465
295372
-105933
-590154
313418
879142
451008
-230494
690480
-246802
-1991302
-348450
-180924
2177991
-560106
-650731
-650730
1871279
68796
-734627
405377
521868
-656017
568499
735860
-336749
170390
824508
1537110
435062
838861
-247532
1073034
1164584
1209723
464750
509439
-760297
-290296
44373
-1138343
979225
992007
-93138
26750
268930
1544231
-75476
-1438503
434891
-3067
621690
298216
-646648
-329228
26357
-1537991
874579
1077975
525247
145104
-2138168
594558
1265780
-523561
489129
-491976
788317
371408
-340365
-1541970
121499
-1830099
-341075
-89379
85356
-879844
-483561
-1338138
-291962
-152673
-869936
-528815
251357
1397417
-180620
-1450865
713316
1143509
-436659
-25363
-896445
-255060
-71099
-1587150
-208798
-629966
-1195010
-1883060
-1377752
705194
1183115
-800711
228938
1473113
-1554208
258521
-1152177
1450626
602834
-1051197
-5773
-104397
-1174466
-210718
-960029
453258
1658275
-158997
434568
-647580
-577212
1301154
-496794
-427091
491429
-469987
-317192
-12753
-349181
1598709
-1027262
-546841
-157556
-87770
150291
-585331
161199
1675484
537198
-908184
451861
851879
846084
-481540
86351
1333266
504181
-1394813
862841
-136648
158561
-755426
-957806
1259960
1584445
773911
-1292234
-63299
476714
-1034857
-1211081
1295250
913314
608201
194358
-202416
1684026
437632
-491215
687275
853869
266387
247863
-282759
1572649
-473400
-2673557
485834
1023673
