#SpinCore Technologies, Inc.
#SF in MHz
#SW in Hz

[HEADER]
@CLASS=	RADIOPROCESSOR
@FIRMWARE= 3087
@SPINAPI= 20191127
@POINTS= 128
@SF= 21.670000
@SW= 127986.351562

[DATA]
769860
-177875
164951
-376478
1179454
-250837
112345
1336557
-142082
1662979
-693104
2250586
705963
504900
-485229
-1203208
-294191
139084
31469
1057206
152443
763350
790602
109674
-791724
-160524
71226
829279
450449
596543
863690
1535783
-1722938
-678693
-1164975
1147823
-1608095
-228948
-1254629
522313
-2061692
-232405
-1884054
1562474
680126
-162357
278906
725895
-556330
-1299376
-1087090
294648
72700
-26211
-689587
656641
1078769
-1506645
262151
245396
-992131
-81195
-985352
442795
755809
-1039135
-2026422
-1197219
-547109
-139379
21695
167177
-463129
-517229
-106459
-1100082
645063
-306311
-706995
1511238
458206
824955
163251
-1151000
511007
-816472
-971073
442214
-959772
-615342
682623
-252450
422259
-1264720
771953
-2053523
596520
840745
719768
-192712
840115
832553
47246
-1821296
593577
261698
-367472
-278077
32008
1487635
657328
-787101
1100587
-430510
-390139
898424
-348199
476098
1728264
-255623
1803295
518160
-1064882
-422385
-652626
143732
1647035
-20442
750465
-126955
-798376
-732385
-192929
18388
481682
-261747
-477874
622191
-58923
-569837
34951
977870
1309167
-1277675
-1150735
-3008
84743
-1221822
174547
751439
-699474
-489145
-654939
-26862
506587
285475
1384930
-77907
178337
367536
-1120988
-79296
282679
850982
572396
1277869
-4487
280758
-816298
205865
-359785
-84168
208602
1670358
-501786
-1705743
439995
-1477501
828450
-104352
-1131787
1284019
-1037068
805000
-862392
-396997
847246
-371667
-541417
1127199
-275746
677259
881362
-885849
318006
-418829
-1926128
133460
-170042
-296602
837135
-1439
-222112
-1412210
-520313
863550
-169922
-784883
-601243
1282982
599011
489036
-474213
-904410
956960
-1105410
347168
712293
753753
-688399
137370
194758
-569308
85717
-135631
-1098660
9391
-1166224
45617
727181
533
-241673
587260
-869497
44546
-1074691
-296743
-52608
917045
236022
1082005
-524636
-1421598
1262443
-919464
-56282
-288592
13631
-220191
360843
-394085
131066
280219
-27273
524143
217879
