#SpinCore Technologies, Inc.
#SF in MHz
#SW in Hz

[HEADER]
@CLASS=	RADIOPROCESSOR
@FIRMWARE= 3087
@SPINAPI= 20191127
@POINTS= 128
@SF= 21.670000
@SW= 127986.351562

[DATA]
8292098
-2504850
8777053
1940412
4999795
4968151
2928213
5962460
-1338141
6205740
-5514167
6045205
-6577162
1544388
-4249455
-593458
-3924282
-2493820
-4230794
-5698362
1819844
-5690623
3569773
-3481503
2539515
-1471874
6084622
286877
3493438
1933539
795233
5968276
-2297419
3048784
-2133816
2615264
-3092676
1410982
-4711303
-2233593
-2200104
-4022091
-1354364
-3558480
-888444
-2300494
257874
-4792110
4463687
-774035
2178628
675711
1031219
1592394
3980310
1272483
960699
4298342
-1531704
1612637
-2605339
1790065
333907
1078989
-2096330
2643570
-1619755
-1339758
-286925
-847983
760708
11165
-856542
-2270884
598441
-1304041
1990354
-605688
-1220800
-187806
-616428
-1595036
1563068
-1528677
1078391
957256
405627
1327789
950016
-572803
729883
890955
456838
1014046
-1388215
-723480
81128
1244386
653305
17515
751976
288473
-125532
-197463
-301635
57910
-500697
123359
166221
1026963
-628662
273832
-1363886
-313217
268149
68342
-1128323
-62108
-148322
997320
93530
-554207
-1097870
-1747011
-507105
355061
-138537
-59122
1259026
-587501
2073711
382167
256954
-259560
-1066330
834559
522737
1691853
2310259
1680000
-574870
1097779
-658023
-164123
-108301
880949
-1061177
2408143
519826
300128
226813
-623540
-178138
1135452
-2044663
-34634
-1274935
30210
27703
439111
902476
-321836
-573299
-2138788
-115654
-158675
-1611516
-566522
1199015
79022
2378222
-186412
814740
-2587449
-161058
22866
1488750
400592
458020
360096
1758788
1966732
694333
-1871717
316121
-149784
-45434
-296957
-392692
1114302
866805
-498485
67209
363617
268250
-1218115
-1629234
-164063
950689
1598064
-472402
-843226
-178362
352652
-396241
-1860692
-1372432
-525196
-167143
-772601
1299931
-1197360
454623
658738
436696
847694
40580
748305
2105957
974348
369758
872136
-1116961
-460601
1417383
1122665
-128735
1048788
-349106
51615
-194500
687445
-288766
160445
-2152656
665278
-244504
-1487505
143924
544171
-1407918
749827
202421
-603603
-1358145
-512577
8055
697195
1392980
612376
24472
-1304530
529063
-433478
1286595
-516553
