#SpinCore Technologies, Inc.
#SF in MHz
#SW in Hz

[HEADER]
@CLASS=	RADIOPROCESSOR
@FIRMWARE= 3087
@SPINAPI= 20191127
@POINTS= 128
@SF= 21.670000
@SW= 127986.351562

[DATA]
-3144465
-1859739
-1481365
-1556616
-2809468
-3298309
-1159041
-3319831
3724667
-2411629
1832488
-19171
3595238
655142
2432644
207260
2198665
3053848
-369719
1249708
-1544506
1256274
-1128007
2189194
-3137757
338179
-1944546
-2403685
-815556
-1729082
-489479
-494363
1185382
-2553867
2376937
-325812
1153228
-329102
462406
-206141
1666975
713227
-319216
2933449
-1802162
296317
-408515
-396539
-914183
328820
-3546069
-631726
-640287
-2284431
-199628
-446983
-269264
-1424389
922834
-1427996
1603618
-615622
321913
1802149
417161
1100472
613758
1334464
728921
1125576
-300772
-514602
84436
-533309
-1424731
700760
-149327
-1039670
-372763
-1319262
2231836
235163
-1091729
-919237
134926
-931726
428886
-717072
493772
2161098
-121546
-1587244
621636
-110122
1034236
1147828
-234388
-695191
2298279
173724
-982766
1211952
-1341832
1643830
773119
-812332
-601530
-412744
-1453632
-1012621
-1420792
304479
-95362
356943
-674123
215503
610431
160414
-336561
-1626691
-384729
907507
-241178
1252957
-193479
-131255
548408
898184
165365
1037807
878203
-16207
-254024
-30583
-879946
417678
-453987
732899
969133
-1842458
-1319365
102891
1334938
261715
-1047793
-128818
-216642
-182355
-1221841
742642
1884080
-266867
-375569
1260994
126698
-680860
1121978
353601
-186434
250785
-467244
223171
1565755
1345337
-894344
1583083
637725
-491395
444274
371963
-751333
109362
-684134
-2720
1061888
435469
1122278
-365089
107625
-642217
-540529
344188
-181568
1285347
-1088545
167740
1141952
299984
-375659
-998957
206602
-730874
-276918
442118
-511451
766856
1525324
-1409479
-285490
-242347
-257362
-4880
-485146
-240695
666962
651030
-275521
-272050
-669219
-699104
1376927
-128659
-240960
511429
-844411
-12498
-538964
-1119931
-627627
2058204
-1015105
-692981
300173
-1436
462229
125412
-926684
-744618
1362071
-2654316
-862959
31887
1040808
-586932
8391
-2519838
1683836
-344011
-482782
-429168
-83553
232311
823515
1428706
941917
882335
-815168
-26679
428949
-582087
-487840
1703112
-6494
-304748
1203466
-1055514
