#SpinCore Technologies, Inc.
#SF in MHz
#SW in Hz

[HEADER]
@CLASS=	RADIOPROCESSOR
@FIRMWARE= 3087
@SPINAPI= 20191127
@POINTS= 128
@SF= 21.670000
@SW= 127986.351562

[DATA]
-5985219
198901
-4758678
-2799306
-5001764
-2794092
-874913
-3790612
915410
-3750702
4037218
-2849070
4413597
-2595039
3024454
52251
1919605
3777641
630771
4360584
320966
4560205
-2629641
1563681
-4299593
1212741
-3452940
-355262
-1844919
-1936944
1868783
-3450499
145777
-3386554
1951608
-2243549
2563321
-282614
2665286
1870073
1580898
2551006
113501
1336932
-578339
1766893
-2595671
2884944
-1634166
837101
-822266
-92455
-1448910
-876471
-646233
-2708441
-950509
-1793108
1555568
-386694
1240219
-39947
1582928
519515
529610
-1184865
-556827
1574428
-250428
1021407
34197
131177
44096
755440
-1976725
967295
-907856
883906
-649679
-12314
-447388
-129321
-1067773
-952408
-528465
-289685
832279
272135
416399
618847
946052
-648219
1410240
-754375
394049
1549268
-744647
147093
-24125
175098
428293
-102101
-2042991
1279534
-47930
-1827458
-29599
-909036
-993664
1456327
-1117152
112630
330368
-633546
896060
99500
-965226
-1122315
-761288
-1137628
1088528
-568848
-104601
1280358
2047719
139916
225950
-734198
-616337
408508
-725127
1909207
1062802
866888
-131322
1268915
-273789
-974386
-542471
-326111
-503200
730315
-1396988
-98201
328237
-896055
502424
-415810
-83603
908378
-704595
-1176703
831735
-652261
334822
1435130
-214051
717710
700475
-1267581
573398
452073
-55063
205537
959777
-166292
991976
876384
-396123
972917
-382117
-172315
-576462
156636
-450535
902033
-1190942
-224677
344169
-528475
-131684
-390640
-211670
-1040047
683643
-678566
606129
-647693
-686315
-594274
-446939
-1055726
1437549
-1735170
-68798
2085106
1389983
696307
674446
119062
1334691
370115
-1178188
-174776
785778
1498026
411473
961591
44717
583358
135661
-587560
231478
2084352
-1866211
653321
-224953
-384718
382047
-280192
-907426
492379
-1625422
229644
224960
-815851
925806
437524
-953787
-969646
-135843
-1203037
2032164
448993
-482412
224929
46960
-946257
3465494
481356
473934
2524501
-594841
-527123
-104410
535520
-292126
1296227
-1960352
-538075
618209
666748
561195
-81596
-3004235
63066
