#SpinCore Technologies, Inc.
#SF in MHz
#SW in Hz

[HEADER]
@CLASS=	RADIOPROCESSOR
@FIRMWARE= 3087
@SPINAPI= 20191127
@POINTS= 128
@SF= 21.670000
@SW= 127986.351562

[DATA]
-3966202
-549944
-2413422
-1235043
-2045745
-884826
1005855
-2604720
1587650
-1516018
1690161
-534432
2534244
638188
1720002
2429316
537268
959727
770544
2865922
-2132187
282375
-1856759
73068
-119796
-1823535
-203142
-912157
-842855
-1878126
1537516
-2027744
914967
1562360
3955
137227
-120651
724926
1093784
1382931
-3224976
512171
-1322783
-699071
-567640
1175181
-1040038
-1156951
966807
-984985
451907
-1319190
884869
-613667
502182
-280999
330893
-63829
652746
202247
-745313
27977
1853960
679140
-1131324
139754
-960408
-897808
559635
-725901
277675
1297759
300527
-1986752
802860
460894
-561587
-741645
285013
502573
383222
-596782
193034
-296994
1495280
-150914
-583605
93192
-544150
-454350
-1253633
-316963
123874
-143391
-4641
57069
126071
573774
1549475
-1310404
643727
459584
-156443
-247665
-906508
-72725
-780254
-345246
258394
374078
826624
90997
-83575
-1035779
-512058
-288068
-1060112
415590
383997
12657
691035
1733157
-1076489
-332454
1066398
987350
-183921
558567
-2020729
582586
1344514
550368
-1478955
-235400
-931888
366842
110678
-838113
-732336
-251154
19704
-809741
496603
-711984
850260
823218
1088384
-201552
-577319
406999
82974
299375
-1129247
983631
-126710
1907520
-875780
236918
-119415
-1062582
-143369
-682196
-69091
-2662169
-1042941
-708987
1734428
-836833
266665
1639431
975460
1223986
1865438
1834166
290331
1483624
-1825766
494776
-272773
-533337
-1708469
2119185
-36368
715182
-299321
-309444
443957
-517196
-458301
-1343201
306072
-161719
666412
1099274
-413207
-381111
1098107
214468
-272104
-365818
-1639717
338172
69108
-887393
-636441
882318
-1131769
-1012253
694400
-524049
-6405
197352
-90308
-1362642
432413
-475732
-1278505
1013649
-401596
993855
912399
370000
99801
-220184
-1054040
-280390
-1499580
-1653215
288837
-943773
-1453300
-376411
2675074
56586
633925
76224
-37211
-725750
845347
94583
-1341191
584523
-201128
983827
210956
848537
118055
1378594
-274116
-2313386
-156245
-1939639
-799646
-644529
-1209097
-1061226
