#SpinCore Technologies, Inc.
#SF in MHz
#SW in Hz

[HEADER]
@CLASS=	RADIOPROCESSOR
@FIRMWARE= 3087
@SPINAPI= 20191127
@POINTS= 128
@SF= 21.670000
@SW= 127986.351562

[DATA]
4815447
-1308485
7271287
1311982
6238384
3967164
2293818
3680777
-2494864
4576041
-3056111
4658771
-4109548
3807390
-3044404
-1832517
-3240729
-3759348
-1586414
-4091888
-135350
-2969636
4078833
-3557911
4381929
-2515323
2830129
100195
3085122
4730601
1645944
3929464
298949
4035261
-2182392
559787
-4800375
2908609
-3884969
1503564
-1827606
-488088
-1986223
-3238748
-2437271
-3456803
-227983
-2904648
2488201
-1142128
4322623
-2049924
833208
-1349604
-36573
1066309
303770
1301574
912135
2026640
860070
-275603
-2397283
-418882
-855023
-1070581
1041678
582826
1706135
-1340073
280301
-2818853
-335345
-1773001
1376666
1204003
1924175
-815633
1207569
-1197684
732599
-425331
-474276
1257861
917613
2118919
902475
-8947
794354
1449409
-1572877
1001341
-724438
2397720
100863
124451
842156
948365
-388943
-457900
-236869
1380508
411719
1553313
30211
12019
-52558
-355590
-486071
236206
267939
1213137
-415792
-575020
-147557
146381
549034
465200
-763094
1378028
-291517
-748063
-48617
-242100
-71191
-38957
-1337976
-1392211
-1206629
-1139896
509890
308907
240961
-877426
-378196
-1367329
-750888
-857901
577177
1133416
-700411
-1155009
293017
-354490
-183566
384164
-249807
1535749
-1023499
648999
1085832
-1044321
-296655
75632
-729690
818343
-830241
351506
1569848
-1242310
283756
820763
-817071
146142
-1401795
866203
664923
-656890
977711
684142
-1194557
-276854
-1149003
56113
2003747
844358
-216096
1148458
-2005641
-110217
-418749
-1271250
-223794
556091
-1134119
108485
-570707
-1288433
1055140
-581795
533960
-1295527
-1026045
1547139
56070
-1932155
1389226
-1018642
1330638
118293
-1275875
627672
639307
-1821204
2318335
-9912
-817670
538299
-2446224
-855408
141223
-1348175
1516649
-212547
-614612
872919
982463
-685533
515713
-1081529
1576004
2732436
-415608
1930202
-101388
145800
1103493
502837
63100
3050114
-1917732
-46519
-233530
-47924
634689
-340299
-592027
1286526
-197777
-465909
917116
1038481
1821315
1430031
-204524
1381069
-164068
-94685
942903
1195485
286570
693005
-1181070
-56438
-676567
-1351847
