#SpinCore Technologies, Inc.
#SF in MHz
#SW in Hz

[HEADER]
@CLASS=	RADIOPROCESSOR
@FIRMWARE= 3087
@SPINAPI= 20191127
@POINTS= 128
@SF= 21.670000
@SW= 127986.351562

[DATA]
-4403826
853021
-5295118
-2144680
-2132924
-3283585
566944
-4526504
1213752
-3963314
4641029
-3465691
2896708
-195312
3140986
3599637
1315955
3852126
-110824
2762496
-2198601
2195975
-3540380
251053
-3341651
-424095
-1268699
-2199054
-104930
-2521750
946236
-3142738
3557778
-2659684
2740515
1283036
2575969
991131
700084
2409872
893886
2014433
-2015797
2097431
-1954686
1667741
-2138595
-1342131
-553843
-908774
-440439
-3120238
762283
-840730
954473
-1170849
931931
264779
1110682
-176661
103337
1425481
1762286
1484967
-1324135
973178
-1099509
644922
-282718
485672
-1695185
3345
-67879
-1942993
369677
-1000583
-424023
184459
974063
-672489
856862
-19936
748839
-1728606
417765
-281594
803830
794421
-915416
-906352
513463
417474
-1024070
1199615
-1267702
-175816
-651666
-292251
-548636
1066248
-48266
537460
-732876
-106795
2330842
-810565
-423811
-686754
-508101
-904610
708779
-735220
1304477
44937
-95890
-272177
637210
-581547
-552527
-1274596
-1715389
-741763
-497152
169033
839102
162916
-781005
603724
-257883
-819729
154524
-859980
83203
1407760
944721
814296
1784670
-12145
64315
-392835
459533
-203496
-665221
361366
1412917
924603
-905516
1140110
87916
-242189
168900
-1693140
-588311
-735192
103797
101217
212154
193663
1100997
707222
1094781
-316945
-545077
627244
-521093
-195328
202245
393098
-309214
-1313276
189695
431530
153195
127441
-665663
-1224432
194280
113966
-82910
76106
80036
-1202192
235423
-13743
639511
-1281713
-641959
-1341950
94586
605350
139264
449560
82639
560511
-67774
59018
1062782
-464647
-555943
-370550
-1294952
-1059499
1039009
1140321
762461
31769
781000
-174807
923764
-348609
561029
358852
32145
1893111
467810
1689211
1668884
1594989
-270059
906044
-1236047
1252308
-501336
-1319319
-1885803
1787419
-1201667
-109636
-1802423
110395
1898884
-295319
-1385700
-1145176
964877
208934
1185646
583597
1461188
723050
-135176
-971929
408154
-1080222
149177
668877
-1122564
2223211
-555145
1208366
801960
1574575
-1073938
-57090
-768943
-2417138
