#SpinCore Technologies, Inc.
#SF in MHz
#SW in Hz

[HEADER]
@CLASS=	RADIOPROCESSOR
@FIRMWARE= 3087
@SPINAPI= 20191127
@POINTS= 128
@SF= 21.670000
@SW= 127986.351562

[DATA]
-4885050
141749
-4636331
-2392505
-3412684
-4056621
-2130141
-4752302
2540371
-4841836
4500585
-3232540
4448595
-1539032
4086680
1041740
2432985
3310837
970220
5632852
-1167633
3544306
-1972333
3291760
-4532708
1501604
-5510277
284002
-1845966
-2286816
-1594295
-3444748
-243876
-3960454
799149
-2417602
2399841
-1525127
2776266
264182
2425366
1078796
3203056
2092010
473654
2657523
-904182
2077439
-1480258
-359333
-2463795
735703
-2299061
11841
-1637782
-1586742
-89099
-3137423
-1085835
-1790293
32199
-1075238
1623776
37343
772799
22919
1385855
648964
1002146
219120
382347
1023450
-1171612
473503
350920
2553591
34148
103958
-489775
908501
907082
-1131197
-636362
1010189
-385805
-1278943
-383137
-330388
798962
-1209896
6455
628047
222228
-588490
-327385
-890423
1203185
247047
162261
203387
1584294
177602
1167095
1612987
-1329104
153390
-574216
722484
737461
62951
-1851523
814452
-137974
-845003
28083
498630
-55057
1576496
-1497528
-295327
470129
-552053
236195
-20830
-253827
-222367
259264
-1291479
1232297
1039240
-349232
859998
516395
-367397
1076544
374448
-953217
1043234
-443914
-116306
1838484
-507259
564073
556614
-1163519
-630071
151148
-70737
606405
2163945
-1302298
-1603789
-179234
-432659
-1061280
-336497
-2500001
1147434
-206479
-881982
1152972
175986
-674659
304328
-871433
-1629186
1035548
-426606
-39984
163588
609715
-1668533
378700
-140166
757350
1207255
92412
397423
-590384
75301
-197071
1435809
548562
833163
-1078141
-979790
-263581
-506449
-1650520
-470152
-1441610
-445470
-1272962
-945182
199008
-306867
822340
-404969
-914738
-838534
12464
-1074416
-1086564
-22782
1815820
-844895
-305609
-595985
1476926
297161
-574911
-987940
1385150
1359763
84193
-573836
-708468
1426069
758324
-929424
-739754
995821
-1149427
-220197
-1673332
-493948
43937
1100493
-1872455
123893
-1310955
-1071676
1381193
-942705
-121389
67334
-486428
-1331522
1184141
-323088
692185
1110190
-1165939
-808186
1080143
110019
716822
1072197
-2217746
1136663
-81743
-476012
-317647
786222
-1002735
1243961
