#SpinCore Technologies, Inc.
#SF in MHz
#SW in Hz

[HEADER]
@CLASS=	RADIOPROCESSOR
@FIRMWARE= 3087
@SPINAPI= 20191127
@POINTS= 128
@SF= 21.670000
@SW= 127986.351562

[DATA]
-3407657
1263481
-3403434
-2260368
-2825143
-3483217
-219303
-2307394
3376070
-5212766
2613611
-3530005
5031190
-560148
3326093
3393301
1914483
3974466
360635
3082585
-2094109
2812455
-3521350
2093635
-2719834
-1828021
-2869474
-3240749
-246067
-2534292
1430689
-3423366
2882834
-3067180
2065741
-443981
3984653
-186192
2221045
2321840
2946588
681798
-1819951
1856554
709304
4198004
-1357476
-204334
-2096876
200145
-454130
-1014843
953375
248908
-789400
-507985
1016508
353408
-39487
-366008
1333047
2264483
1157265
1735591
1283852
599514
189193
731938
-998819
1723370
-537902
374432
-1693607
825326
-1471825
-482939
-2055212
132103
-366027
-800702
-724393
-1471852
-427708
1024360
-324637
-438303
1019325
-2479733
-877361
-364093
569094
1128125
-639478
-2110281
1835972
87158
345004
-286094
403989
-1662179
-695942
-813803
1002272
-1667253
-1925446
-1908693
-163542
-517240
-18197
-1604708
-144437
144466
970232
-941600
1423431
-181502
381241
-1154297
291278
1593092
337288
-219057
571406
2110883
663112
-2218756
-1268322
920160
394977
592411
923777
465673
563798
-1247980
1228122
1440499
-1078204
-1977241
-590238
1252739
1283182
1289221
25205
805921
-415908
303018
-1479107
853669
554225
1040790
-1812560
919272
-338979
-2563691
-1583677
1227557
805050
1504234
-389055
409819
963559
-382
875663
1480431
-438217
960737
-574690
-243586
-151608
-783658
-814039
694982
-685584
1627787
-1498653
-939048
-491454
-2168466
1694921
1398573
-1835338
269757
-1473600
630184
1987782
-505445
58008
64142
-1134295
411490
-410571
-745877
1359852
638401
-1094401
1085794
49028
-1107652
-1330105
-440057
350087
2465189
-1182290
497609
-995014
-855338
462683
-1096919
417947
447483
-1603077
-490402
-22007
-1092796
1506605
-1462244
-1665302
1746618
479699
-2217852
-384457
-560470
1610405
219784
-1303711
592411
-629810
-300451
1344971
391140
1334029
-1082217
-833753
-830223
356219
-627443
319077
329115
1090758
920122
-329291
-1482314
104718
-1801692
564309
1332526
1462924
1108214
-288141
-639751
331376
-633659
1442638
-63320
-524400
1117725
