#SpinCore Technologies, Inc.
#SF in MHz
#SW in Hz

[HEADER]
@CLASS=	RADIOPROCESSOR
@FIRMWARE= 3087
@SPINAPI= 20191127
@POINTS= 128
@SF= 21.670000
@SW= 127986.351562

[DATA]
289507
-695008
2531514
1685860
983096
534684
-1249277
428504
139957
699828
203373
946414
-257899
949997
-1760640
-290695
-1342705
-502401
-227314
1055136
269975
-1649458
-562728
-234983
-1320306
-1125847
755397
1438608
937823
427667
-996831
190517
-205471
29326
1102437
1960681
-1041010
87289
-2035751
-1122415
-2055715
-1643154
494649
1339953
-1326659
-895542
-224962
-1718232
-639147
-2096004
628658
57700
1362221
-75633
-555755
-1203651
-150681
-550580
351189
618541
-51633
198435
-264212
-44908
-515556
-666732
-473247
77802
-240640
-670533
-848075
38784
-292297
-1662865
-231084
-64211
470185
-168284
283534
262434
6239
-2820331
-1026820
293960
-331896
-174253
39293
100909
797935
-1963570
659531
527920
-111982
-245403
-680596
526097
928607
-82621
236507
-395803
-1162156
-1088377
-999805
283864
151735
-534378
210833
-424578
-1362232
-1179223
-1197121
417995
160248
179864
479491
-621533
10282
-766259
443667
18450
3036699
688745
1017956
-443462
545377
-876998
-425714
553353
1316070
477005
1169388
-266446
264638
140209
-393897
-212793
596625
23715
596141
-506706
356127
-940092
-835800
-244455
-376311
689496
114731
-404326
444285
-738722
485883
-691879
-500919
-401252
1812875
1106793
281327
-172225
-12360
-239218
-1051342
532474
1305087
-509446
394679
1082947
465096
-464584
-716392
-11863
431882
223901
-29381
-479432
-2736
456761
-121598
-569240
-211414
370959
484498
136734
384450
452361
-61808
-1211832
-125160
1436520
-50633
-243817
-30897
968037
731297
-706434
-1582445
1361801
-670787
-12901
-1571330
1909344
594730
-297217
-419919
186829
1117776
-994177
-568650
860414
165575
435225
-422617
185802
1009059
-525764
-703535
266251
131077
349756
550381
758390
782659
-909602
-310646
-501068
748747
1251417
507475
-17918
-57128
-939874
-710655
-994406
388897
-624772
-1172771
71872
425694
-826880
-1289744
-1737934
1215949
573573
-87120
585574
-855027
-1014369
-423130
-1606840
-444729
-218467
203251
2106519
-760947
-1114309
288556
-100005
