#SpinCore Technologies, Inc.
#SF in MHz
#SW in Hz

[HEADER]
@CLASS=	RADIOPROCESSOR
@FIRMWARE= 3087
@SPINAPI= 20191127
@POINTS= 128
@SF= 21.670000
@SW= 127986.351562

[DATA]
2973144
-54036
2948770
1992678
2362685
3785700
-2015951
4423527
-1004531
1482734
-2217747
1827618
-3409070
503550
-4187477
-1587161
-764370
-2998106
821134
-1924825
647000
45086
1651903
-2387820
2440578
-20338
2052821
1630677
819659
1631474
-908327
749190
321494
1561995
-3501639
1048336
-1511124
131846
-1891334
-1030351
1976753
-2424863
-72335
-1084022
2364031
-1531820
111382
-1089447
2487882
-1436392
2213833
1461177
117331
-80769
566937
1514674
-86191
366079
972344
-223630
-1083955
-1943
-452258
-832282
615620
-797931
1628228
-371211
17137
1271580
1480254
-626397
645132
1130784
443758
5920
372225
1363225
37619
-548537
-58335
810580
-383318
609692
521506
885706
-320312
1356211
-871067
169597
-947518
1058483
-17901
187107
533487
1581466
-416738
-1089177
532165
1217569
-1435596
713404
230565
885844
764394
1046905
-923671
-739666
-2423160
747915
-1321160
-1358539
280283
439552
-712878
-300578
148608
519967
-1481401
-2400956
1078411
492570
-1217823
-572540
-205577
-913138
-991597
-562119
-1021750
117277
-1268143
-476735
415761
-1195139
-1158749
-1463992
-1529968
-1117592
1218199
-1150405
522736
-1398271
168525
-1791849
-1361720
-483100
1407144
-1479261
992016
-1557544
1831037
-2877543
554310
-215662
-145707
-662656
1928834
203189
768609
-782001
1734996
-1354123
-717160
262241
1446488
-36843
-1557221
1012999
1212388
-59354
511163
910934
-359646
-1474550
60475
1172378
1610864
-468236
91922
1547343
661160
-112639
415934
1091263
-833910
-360
1385611
-29579
690043
984623
-1676162
637695
-1929106
1394706
-138560
1385088
1865504
2126087
-1873735
-642235
-1605588
-66653
-1643624
846217
1042180
1463985
-1607393
172797
-1225883
390770
-309698
125769
-181825
514938
-299253
494859
-1094196
-1191832
-1841697
716629
-1476903
139836
-202071
-247997
-963901
-1683507
532541
100650
-1796435
139085
1163807
-404652
-541566
-834577
-341482
-93289
131211
115140
-601326
-1165055
1064278
795433
-580111
302416
99569
-899881
-707864
-1212586
-130019
542012
-716896
-1119055
1329502
-3107460
615581
-849394
