#SpinCore Technologies, Inc.
#SF in MHz
#SW in Hz

[HEADER]
@CLASS=	RADIOPROCESSOR
@FIRMWARE= 3087
@SPINAPI= 20191127
@POINTS= 128
@SF= 21.670000
@SW= 127986.351562

[DATA]
-4084511
751480
-4394466
-1191461
-4580542
-1958389
-2482428
-5041201
884026
-4319388
2289255
-1508143
3726941
-843059
5413202
-896959
2450605
2560108
1523189
4435809
-390496
3726329
58586
2653087
-3546498
1939834
-3953298
906641
-3856921
-1954619
-1786005
-3742054
-400888
-3444917
257592
-2755899
1651612
-3165981
4131214
-146059
1870401
176340
40083
746570
1129484
1187395
-415244
1648071
-1425892
1772711
-1194459
-721580
-1654382
-203905
-2325675
1003199
-487728
-1282735
789765
-1211147
32815
-711812
22395
-498275
1131720
-753901
2980297
333015
620176
-357959
731741
-898727
220661
711274
-1127007
180592
-1172672
629065
-141074
-255813
55884
242651
-293789
22431
-436642
-553154
-419264
-741277
566113
-1569714
-181655
-262452
934230
-1181642
244183
-318663
1487979
2513169
-941505
1181388
1044342
-591600
897472
158012
-1279862
821187
-1888444
815906
1002062
-1228861
691529
-236138
-477218
-156181
-424372
224463
674913
134308
391606
931495
-1137155
-915949
-312661
-89126
2217665
753756
-960496
-704581
-978697
-637016
-27920
-139969
-338986
1186334
444195
-838674
42294
-95310
342846
400745
244259
380763
-405720
830501
805757
-118109
799728
597985
-989026
-1498029
628143
-402083
-374871
-822937
805082
-53515
1200620
-1924459
199388
-71752
-1835452
829436
-431666
259720
477710
-1317644
-164169
489508
-1441635
-1134378
-629674
783368
2874142
-444403
1707952
-300705
-81018
-918590
-1076277
-730551
1023788
1472309
143414
728639
341231
-1418570
2141856
-404711
622287
902738
-735213
645686
631151
171401
465133
-1254017
-206661
-461107
-1813949
-829178
1050896
476609
1684578
619191
-828732
1030600
121354
-1786911
-344355
-87946
210081
1714927
-733623
1284681
2496122
-1566612
-564534
1238664
380814
333138
-444199
-703173
2179223
54741
448026
1746630
-1194485
472402
-1156235
-481592
1587624
2319994
-1542385
-776283
-608762
280339
275230
-1150667
-1409824
1018014
-512899
-314340
232208
-48262
573688
-1568974
-1245541
618285
-1028308
-83411
995218
-294329
1364933
-20285
-739746
-1635463
