#SpinCore Technologies, Inc.
#SF in MHz
#SW in Hz

[HEADER]
@CLASS=	RADIOPROCESSOR
@FIRMWARE= 3087
@SPINAPI= 20191127
@POINTS= 128
@SF= 21.670000
@SW= 127986.351562

[DATA]
-5181018
1453757
-5624771
-527916
-3318925
-4101979
-1887834
-5349613
353940
-4849133
2745336
-3147033
5213313
-2249840
3140933
1837858
2552655
1999410
1439308
4241118
-36961
3199070
-2981228
4424210
-3940179
605581
-3678444
-1762491
-1042575
-4404102
-1943603
-1941301
-467984
-5026374
1826924
-2586129
2545745
-2633498
4252256
2142083
1125174
2647242
117921
2688066
-229241
2647991
-585666
2919269
-2487071
1182755
-3697964
-462486
-1193865
-2276881
727845
-1456508
-1278143
-733122
-698813
-2844038
1405646
-1489426
2408597
86573
1545471
1533700
-321614
-252820
667737
825363
187305
837676
-862161
1356502
272432
-621592
-923668
-156840
-1061903
-881374
1250565
134792
522791
-2643530
-81451
-2020608
244022
-726796
516837
472184
524728
-1474992
1058856
572168
153081
2382224
-158070
589128
-1100868
-142652
-444709
1251857
-297330
1564977
881055
849273
-1735237
-1284621
-427205
-47940
249614
-587143
730565
764304
-657181
-1585470
977721
307544
1055497
1185723
744708
1694951
-31068
-314210
-758170
-355928
251091
1957289
349246
1681726
484203
244508
414912
-12796
-2130
8632
1105402
556891
-769800
-488835
244376
466599
-83121
461990
2055446
-208114
921850
573119
-71288
-559006
709686
1814520
631278
677670
-997182
-332070
-361337
-2133679
-344506
1333382
-889576
-184639
-482059
-509844
-585336
-1779924
784109
675639
-645867
51099
378924
86041
-1331799
-1369511
190624
783024
705874
445971
-509671
211861
-511281
-1030208
1554370
-1087214
533092
1117020
-168719
-1056786
173943
-533353
736726
-760695
-398108
1162115
-458839
-66962
-293109
-2007610
-1261603
-507137
-222997
416079
440840
-1540
-1070417
-2412586
432386
-1024729
-710485
986846
-36050
-763421
-455950
-1171443
-593708
-1623572
-695075
1621552
-440581
-145765
-194400
1244325
-1030077
-208198
-23842
559366
-239610
-143137
-206497
-251821
-2780191
-1137794
-80011
1054347
1128219
730148
-1102536
-1180458
-1067740
-511907
1290690
106886
408438
-869415
-1293196
209719
-639280
-698606
-394507
2450909
227789
-35103
-1256934
1482537
-650878
24489
