#SpinCore Technologies, Inc.
#SF in MHz
#SW in Hz

[HEADER]
@CLASS=	RADIOPROCESSOR
@FIRMWARE= 3087
@SPINAPI= 20191127
@POINTS= 128
@SF= 21.670000
@SW= 127986.351562

[DATA]
-2619290
-502521
-1533949
-774443
-1535813
-1805153
-848292
-2594794
1248616
-1578720
2426899
-3201127
2002287
911274
1986844
728222
1322149
1228614
-1184632
3092797
-1562297
1827062
-2160127
-502945
-1959338
-1113186
-2196387
-915350
-1201508
-2559183
-195035
-888933
2782085
-1955574
1588701
-1238025
2480918
145085
2069341
-468876
-389045
1584148
-575915
1658016
-273822
1122046
-202872
1998318
-48674
820033
-1771987
-939463
-903359
348142
1380411
-245931
489665
-168078
-196092
-657858
1092403
-1080
872055
1838686
1005480
801067
-139723
1037462
-1091503
496864
364843
-145764
-1470434
393394
54037
803371
721040
-1865684
-1103399
-454300
-606242
133735
14427
172552
1567679
1148909
1119395
877770
-2403
-1588816
-1487522
-593020
-34573
-82738
431667
2200283
-907896
100309
-96974
-559567
-727621
-237730
-946941
361714
-1468051
-1550925
-815519
44056
-312382
556040
237006
-1835655
364577
-249389
1096609
234840
-238362
-266491
625943
-80296
187924
-162527
640034
-21988
-598308
119094
1358606
176693
-377965
2340375
-427216
505743
-351361
-542082
1077626
-509848
811566
1267896
-314261
22791
-456574
1118507
239857
-124597
-665980
-130862
1106326
585384
1180881
-536848
784195
-1168691
-1118823
-512361
620345
1299603
-1896969
-247038
1087865
1173405
302303
-1516344
-1158835
783517
-137057
-166276
334005
-900866
270006
129140
248923
467105
-662309
-1701284
-592860
1085330
-502480
-1233094
-691567
-336001
478972
964503
250200
-704022
-195980
583932
-37265
149030
975958
-713183
-1236886
360805
-100343
-1453301
-17072
-98155
-2085536
3279728
794492
-1056456
924441
-322439
738425
791763
-1721005
468234
-654109
-238237
348673
91724
-62749
-200889
-368358
-445348
628369
-1474197
-459249
5508
-324618
1292405
1355986
683140
675758
107818
53163
-25185
-134178
-1153829
-386614
238374
-30436
1169951
-597943
-1995901
-267386
-212478
-73542
1131908
511471
475134
-710636
-916200
1145511
414811
-572289
998003
765606
597877
426903
-900039
753992
-797791
-917501
-816265
229410
-1435346
