#SpinCore Technologies, Inc.
#SF in MHz
#SW in Hz

[HEADER]
@CLASS=	RADIOPROCESSOR
@FIRMWARE= 3087
@SPINAPI= 20191127
@POINTS= 128
@SF= 21.670000
@SW= 127986.351562

[DATA]
-3919522
-445789
-1420821
-2194221
-1973385
-1836266
-78332
-3491280
1543719
-3127386
1990353
-661372
1878134
-205578
2415711
-454203
-173657
1970980
79947
782135
-1636215
1718512
-1792119
248618
-2229081
-772034
-2456423
-182376
775687
-2035323
490623
-1146036
716712
-1761949
928675
-808272
1826475
814736
162343
807912
-290679
391038
899917
385254
-685138
325841
-369090
96872
-293121
-1116441
321972
18452
1386275
-2321912
106014
-1045501
704276
-1146313
796886
947020
1177873
57947
1350812
538836
-597277
-55936
940053
834402
-965333
1025858
-303334
430623
264118
-1924275
-4133
267654
-100474
-626975
731887
-790606
18969
-1317090
-117365
427852
431506
-768787
231138
1039398
709844
-539731
-728637
-855176
-796889
-537484
-1168294
1869498
52897
-26635
200248
-550351
-709147
508080
-896793
1415421
-1073235
1225531
-153518
61026
-390246
-5076
-132393
115701
1425259
938886
-245883
-278676
679958
-90070
-762926
-912298
-742870
1788037
-531824
901654
952667
-113840
-1048561
537493
-623473
1664833
-188403
83819
909413
409974
-479168
-1243759
-1333350
607404
-1403636
232239
1491009
-503357
319398
-1203451
-1190916
197625
-317065
-2694013
1070700
-77189
522870
-1108237
-634657
-1038025
56612
-1285460
-92286
-713594
1145311
509017
980557
129084
215065
-17003
-392170
-795272
983687
523486
1542284
-779133
182184
461602
-249995
-1271853
1016435
1587411
210176
232503
209155
561019
753127
-437304
335104
26254
278244
412186
368718
722036
1331203
-854751
1013116
1326665
-607726
882986
509213
-3708
640267
-794334
-1064383
489894
324100
890934
6162
71663
1025980
-508114
198952
487350
-1043405
-628205
1053204
-199402
166248
-521241
177997
-288161
83421
-340038
983116
489194
1287966
341721
-1213274
-320721
76939
-606685
350968
1661075
349639
-23716
-5850
693407
79379
-1056556
795849
686676
169041
-1068987
-503806
-1534863
790058
-1457422
-186230
-407534
904340
938061
-162111
281829
330599
19836
963239
291198
1295683
30503
-592854
33338
