#SpinCore Technologies, Inc.
#SF in MHz
#SW in Hz

[HEADER]
@CLASS=	RADIOPROCESSOR
@FIRMWARE= 3087
@SPINAPI= 20191127
@POINTS= 128
@SF= 21.670000
@SW= 127986.351562

[DATA]
17322975
-2084712
15710599
8117934
8425522
15051027
129214
17319122
-8448857
14189930
-14082636
7977958
-16296057
-1251566
-13258874
-9030661
-5432398
-13272034
2299603
-13581795
8559402
-11714370
12393358
-5264879
12332286
1832324
8772048
8787429
4450402
11460637
-2895323
10055669
-6914866
8520905
-10729540
3070588
-9393706
-2053915
-6383272
-7200091
-2510842
-8721352
1925558
-9082142
4944197
-5843521
7777959
-1783687
6236043
2715594
4411894
4550491
944751
4714565
-1271564
5835421
-3795695
3363294
-4169109
1217545
-4096986
-1688388
-3180677
-2299372
-1311672
-3926807
1617636
-2735751
2720103
-2466647
2987636
-787937
2428740
-218766
1585384
2097395
1113799
2266414
310974
2188203
-483102
1261803
-1447536
1752777
-1498279
459073
-2345602
467661
-1101816
-660679
-1290573
-939638
413408
-1029679
729799
-1441746
1368180
-268452
1200087
-583136
1696157
723289
1099195
96653
246249
936307
19357
789726
-456246
1526292
-453431
987361
-912164
-639430
-1014181
-453580
-996449
-1086639
495247
-301222
589825
-469987
183393
-170241
771348
-364624
-170658
271847
780776
1145144
-33590
525307
-637308
1029597
-977672
168685
-528334
483232
-857733
-943855
-1306618
-859324
-131425
-444733
-178458
125046
1653323
-1068330
-89831
-700952
456565
425785
-372496
574096
946733
1659600
530231
660657
145253
-297494
-511723
69896
-871817
405872
-670528
1053140
-383057
-343438
22767
-785492
-1367384
-224433
-228688
161314
40393
136462
1002368
-337887
160083
-508420
-145135
-940853
96412
-469969
659455
-268712
541869
-476377
-63481
-364010
288086
88473
-140151
-232645
215927
294001
-3663
-658476
255204
-129137
-435485
1126948
51528
-28180
718827
184097
-213702
407084
113396
-36639
6221
-688312
-89591
929721
-218743
-292623
357149
-336937
266733
-86631
-540180
931376
-354176
-659353
352973
68579
461258
371888
-731835
-135790
220429
-666615
779533
8251
104557
224800
135152
-260768
336648
-609361
664245
-316265
-54234
-523003
10680
-367757
1211960
303316
-262325
478255
-90193
295677
643979
447129
-320633
689903
