#SpinCore Technologies, Inc.
#SF in MHz
#SW in Hz

[HEADER]
@CLASS=	RADIOPROCESSOR
@FIRMWARE= 3087
@SPINAPI= 20191127
@POINTS= 128
@SF= 21.670000
@SW= 127986.351562

[DATA]
-960054
522674
1141116
-1780196
2089552
-785462
-572568
-384322
330856
613858
-325018
460076
481235
991280
-136474
-949178
-502810
-702871
-1252265
-772311
1492
-888784
439330
361638
-229829
133029
-772780
375469
1122279
351354
-454580
622002
453104
-721361
832435
1140424
659563
284741
1011632
-765693
-363777
-1272323
-488237
20866
1148252
414491
1233512
3728
325276
-863710
-1055636
-118720
-22309
290028
-629166
839985
668862
1790723
-103266
-757541
-939992
-436501
-104512
166432
-645197
784575
-774830
-464583
1107091
464932
580849
-614994
-1193197
-477756
-84870
-484072
736349
920160
-923798
790885
778675
411427
51917
186441
-152041
-364814
-596652
1024915
-3205
459050
43916
217861
18129
-210655
332156
-1036894
-211254
-1476685
-336403
-628461
-296090
-763599
-21521
177652
966840
1386504
240411
931429
195310
-586413
-737779
-358109
-833562
818895
-581960
899645
-409984
78724
-212676
-1492114
1013220
-217399
-333457
271189
69107
321921
427548
-610570
2686574
1401911
90098
708296
180165
-1754550
290819
-130760
1204984
1607051
-487164
400421
1181933
-226758
835919
891143
-1354550
1290633
-653212
-1809820
-447035
-339779
-38402
760266
138028
754677
921746
-81894
329260
-1052229
281039
-65402
452317
-139574
907155
-157416
810788
-78146
354790
-109367
-269743
1460916
38599
-804136
287542
1292563
508198
793728
-1322336
343888
-75892
-284112
-1202344
1277709
-259631
644330
-946363
-15958
478025
-426226
33636
-1794895
-1717664
-966268
1507991
-1451001
162904
167171
675980
-1108063
830507
-466509
-1313211
673516
-307078
-866023
1437116
384740
-926459
782209
-39636
-25000
-749368
581370
-882135
-668606
-732991
-787243
248019
-888911
-630604
668769
277987
-138682
368055
42036
985712
-557445
708019
115678
1478826
219801
-151899
-1608934
-199026
-22631
-75805
621842
-65863
-318437
-727794
1657223
968126
334362
-459678
-611319
-468228
-567302
-706078
-28432
-138352
1160588
-214336
102670
590152
-925419
230961
21230
