#SpinCore Technologies, Inc.
#SF in MHz
#SW in Hz

[HEADER]
@CLASS=	RADIOPROCESSOR
@FIRMWARE= 3087
@SPINAPI= 20191127
@POINTS= 128
@SF= 21.670000
@SW= 127986.351562

[DATA]
6057275
772469
4840585
818355
3820186
5819072
-546765
6249213
-3267476
6302971
-3635201
3084618
-6024928
54952
-4553740
-1383686
-3266048
-4327465
1513133
-4404934
2398577
-4746552
3932351
-1995107
3798426
-650302
3926969
2932259
2768166
4215651
-1116214
4034424
-3093209
2972402
-3292076
764291
-5337394
647893
-3693804
-2267726
-1164997
-3899652
166161
-3445793
908155
-2597580
1808351
-2667441
1927892
79016
1625541
820929
1002918
123701
316425
1966363
203174
706831
-45763
951285
-1708713
-1753864
-148027
315249
-553202
-2006863
812100
-779169
-326391
-1436208
1244271
-780757
151109
-962796
1992047
392997
383284
1263397
-97823
-654354
-504882
1273346
700938
1129067
-435438
500546
-576862
20802
-466871
752249
-2388311
1195535
436758
-1262517
-657656
-1354472
-114611
-174259
-331053
1367422
999949
-391840
1791251
-330271
-517728
-898541
-415205
1125756
71727
-387508
844167
622158
-543103
-1873547
-1872858
-957124
533082
1511123
1716735
-952578
-870139
-53524
-89206
-1050248
288204
517410
-290618
378424
686754
-314063
-71849
-692161
1225377
850672
-456426
-67440
845358
-83855
-92984
-600187
1030001
864671
-1618819
330222
91967
-812089
1882820
-863461
545274
178774
-990537
-1097364
-448013
716040
1169423
392496
96181
1157929
-182753
-1294095
778263
1200988
341785
-669954
-492430
1691223
-907043
-1976541
540702
148208
-131943
493980
-701168
2308115
291251
-1810076
1426969
-1189345
-922181
1059852
-1737198
-165581
1544632
-66649
-172478
-1042998
-335117
1202238
-2715712
-503569
1157720
-618628
227830
471832
-264492
-581866
-2278581
-272719
465698
-330518
608262
1230936
-942912
270202
-867219
-1258859
-184819
-1446877
1327343
1630147
-523874
779611
420280
-2271630
-223592
-277132
-979913
255045
-1142183
1081541
841403
-1511931
1376332
1093436
-173439
-238345
-796898
899683
525904
-1083637
1525325
904069
-1021344
-1085803
-1040721
-225927
467230
589926
393063
1337353
82882
1174450
-710647
-1591151
686079
495212
-227562
1821049
584998
-78879
-247606
-2427736
386865
533945
-2271608
1225854
