#SpinCore Technologies, Inc.
#SF in MHz
#SW in Hz

[HEADER]
@CLASS=	RADIOPROCESSOR
@FIRMWARE= 3087
@SPINAPI= 20191127
@POINTS= 128
@SF= 21.670000
@SW= 127986.351562

[DATA]
-4924170
-1441491
-4451256
-1413376
349811
-2373086
-1004404
-5369513
4629850
-4386079
3607395
-1658278
4078059
1197667
2524450
967888
2566091
6124655
-535250
4361127
-4348817
3453631
-2383045
1093721
-5144340
-1520066
-2709189
-2465549
-778532
-4950902
151486
-3035433
2682250
-3531896
2521440
-596000
2538775
139787
2345530
1432868
1769541
3154391
349588
2250275
-1835578
1765844
-2945056
1429342
-1870975
-424992
-697584
-273619
-438451
-1305087
-164716
-3580934
-127885
-634004
-1013309
-981897
2612866
807143
1601171
235287
680960
789618
232488
-114275
-595394
-190644
-1824606
1434355
-514173
682482
-1278007
-177713
-1214229
-1526981
-813492
-1052876
-801786
-481054
189211
-345060
589215
-743151
-3827
-329864
215566
-703517
85760
-418493
1174056
1813540
-379406
-265403
2459452
-230631
-281409
-1049085
-2115558
669384
-1159241
-471761
-254767
548555
1055944
417254
-150515
-1397531
1134362
202469
-1992622
296957
-953656
138320
1421111
-1619299
-2697
-591103
488922
-355233
-1618330
-1227043
-230275
694723
626426
347635
129727
473284
1073874
-1191563
-1661958
-1585235
-319509
715848
-455249
978591
581743
1871969
1964145
-988762
-838962
-2089582
-580768
-439480
-1947890
471600
119621
1498514
984988
-1024443
54383
-1510676
353025
-1202139
-1815801
-795663
645707
-376677
1466583
1023473
2439443
-525379
411985
-1379125
-796410
307966
196901
1304962
-299838
1855181
1640786
195296
114743
5923
-1660194
146357
-245613
-698845
-2197440
1597874
795483
-114534
-645951
-998993
-329555
-2028961
-2076802
-739101
-977416
819127
54770
-1169567
567586
-227058
494250
-1773253
-146678
-43536
-395646
-999128
-998847
320718
1142560
1119031
-121372
-970472
-697666
24897
-1259972
-1380627
-293925
497999
-377605
321893
710499
-2250442
491382
-1409404
-125889
87457
-1463921
-382018
1378194
464809
2030706
716229
384243
-679466
-1189914
-790510
-343563
173007
-932262
981234
31520
418473
504745
354568
-517280
-564146
-1251030
-642738
327972
407845
-784892
1542214
-365589
440240
1091902
-1247324
15814
28625
-1824133
-1457595
