#SpinCore Technologies, Inc.
#SF in MHz
#SW in Hz

[HEADER]
@CLASS=	RADIOPROCESSOR
@FIRMWARE= 3087
@SPINAPI= 20191127
@POINTS= 128
@SF= 21.670000
@SW= 127986.351562

[DATA]
580869
-421461
426265
446138
667192
726480
-851716
639846
-527660
2050704
391554
729927
-1175843
473631
-1910918
-105374
-54584
823436
-726903
-686617
891387
-473025
-189423
-1582192
1350333
558544
1090002
1279543
1753771
-744673
-197140
1291590
-15314
951435
-648052
-1003368
-745755
27270
-1700828
663401
364429
-427155
-1891447
377996
-1195299
-1650711
79403
-1301369
879372
423881
1319566
-209239
-288464
-306079
-319717
281167
1401013
568248
1151252
-202938
-1116869
491882
4804
1142547
-1049015
205082
259029
-1481135
-1245229
394810
-150660
308967
-2154368
229278
-332810
-245913
983096
170024
-91710
-83674
-556051
599468
134392
-511238
1485617
741494
573262
853086
694619
447876
-806955
-1121929
-169825
-870039
147677
-523997
-620173
-498505
432264
-48906
-163889
157467
-502230
-312366
54327
723487
817783
-445155
-20597
-844657
-1485656
398557
1460069
-159335
935778
-552327
-79484
-124572
764256
571616
-120944
104007
-1460357
495785
-336859
-775888
-404854
-578398
285248
-762056
787330
253394
-688927
233681
1329616
156993
1017898
-1854608
284199
-533876
309780
1661101
512555
1035545
-900538
-187406
947707
-531
564532
-348207
352
-479453
-637138
869559
211359
-354621
-624443
207522
-783882
-247934
-81071
-1087307
-762213
927518
-545214
890214
-876817
43541
11951
-139185
-212060
512097
650700
650609
574303
-108148
226945
-1284207
-806666
-247223
533757
-831751
-63872
1383851
-412785
-881354
-64698
292974
-172526
-1038882
-22195
-705805
-278541
788239
-545017
-866864
-565931
243474
176947
-752056
526116
245259
-309226
535640
-702408
438641
-82770
-563935
-1509513
-59423
-806461
1120818
232073
-130803
190965
-253009
556986
-481135
-374918
230132
-308049
-47962
11782
-878627
338872
747112
95858
543732
-632271
646664
-587414
-202402
1274901
-1018705
1050927
351670
-532270
1908118
388267
866224
-249263
-513736
137234
406465
512628
-72607
70240
518131
-306125
-2079757
-317609
830768
1660163
-237921
-13049
-214422
