#SpinCore Technologies, Inc.
#SF in MHz
#SW in Hz

[HEADER]
@CLASS=	RADIOPROCESSOR
@FIRMWARE= 3087
@SPINAPI= 20191127
@POINTS= 128
@SF= 21.670000
@SW= 127986.351562

[DATA]
-3997421
2394936
-4265356
-2825265
-3915395
-2473336
-1335741
-3671289
136458
-3374973
4538694
-2046191
3774685
-1437023
3684887
359832
1263987
1302479
368340
4867997
415000
945946
-1814174
1962747
-4279447
-590046
-2679290
-2257047
105420
-3426057
-1287938
-2035100
2139242
-1380749
2616412
-839822
2933755
988820
844597
436578
2191451
1976587
441683
2649294
-1247167
2027701
-1477105
-999254
-2213934
1091958
-1484995
-143528
-1210608
-1255711
626159
-41741
476957
-374251
1368477
-1919711
1589119
991799
163708
216368
238278
1165937
-456955
473700
-1221408
667999
29476
-1093390
-1295897
526711
327126
447747
-498589
-2209256
203818
-638037
-612865
352440
863130
56657
1421718
951006
-1035533
-1139365
754408
-8501
-119545
710483
-1660056
315811
-309972
61547
-124474
150505
87391
217015
184013
412774
1169976
181958
-554319
225680
330380
697841
185836
-1421371
418714
654170
1517519
379640
613707
-586195
836894
731831
-439495
-283299
1003339
-314169
506018
-695725
344024
1108354
-1080534
-384585
-741105
354966
752901
195561
-1273334
-701892
200123
150210
-759318
615468
-286645
1764031
231806
708036
-1121562
428165
-156350
502435
-1251620
-86022
4600
836963
-710586
655905
-731038
90988
-415117
-1352935
445917
-178553
-311402
352612
-50316
222745
296029
-1313886
-630920
437761
119606
11905
240222
46194
313591
1818555
110964
-520665
-615438
-93497
188056
-440396
-569631
1477606
487098
-1720410
193971
-1134247
1134081
181727
-830655
-373343
-540111
-871890
1134869
-35596
354778
2390665
-557063
-16403
-102153
-747610
933641
1368685
-1166743
836906
144334
1235491
-87191
262539
-682969
7940
-272545
-1664169
70216
-520322
-565680
-590129
-720488
858372
772049
203936
-1339737
233028
-162403
-441298
237670
360379
-118966
275236
-167623
-668100
100394
890602
507651
759588
-549880
42790
479684
-225758
701455
-611360
-324272
-1025314
-1130436
283430
-325031
1445393
-431381
538672
-163875
572039
-291192
-74168
1249109
959907
109922
-88072
-908621
565846
