#SpinCore Technologies, Inc.
#SF in MHz
#SW in Hz

[HEADER]
@CLASS=	RADIOPROCESSOR
@FIRMWARE= 3087
@SPINAPI= 20191127
@POINTS= 128
@SF= 21.670000
@SW= 127986.351562

[DATA]
-4777152
-1375768
-4562445
-2802371
-4365073
-3028689
1010390
-5341398
550232
-4368384
2857794
-4093586
4702680
928099
3867742
1856133
1693633
2990055
-188216
1920531
-315953
4044655
-2743327
1865620
-2472180
-2741798
-3358868
-3093806
-300362
-1867822
799941
-2139624
2399726
-2932313
2200499
-765758
2415916
-33716
1241460
3145636
1023284
1023798
910869
2305021
-1762838
361973
-2892129
2330329
-2659188
388596
14214
-380013
-1112376
530880
623055
-1485686
557098
-304249
2245927
-171447
371785
-94978
1540980
361319
-95247
824752
-646628
893299
-544816
707384
83405
714478
43630
71055
-1556286
-911218
128159
-1893513
41905
-419304
793671
-1537706
162037
-120735
645956
-917786
2510747
943444
-535273
448085
306030
276777
163155
682669
1284533
12088
-1196427
691745
280289
-378537
452884
828190
115478
637495
239067
-836906
-949466
-291575
146198
557436
-419523
1422654
1051655
70070
-79542
932183
563653
575755
-751454
1183237
454505
475910
-920216
987809
-1289983
-822116
47943
-448665
-1403556
-420970
-735884
-822092
-1384915
-740287
1280720
-844878
1110364
-228086
-1938758
-1484145
784271
-604613
-412106
-297047
476379
1313505
-1139275
83067
91696
-869730
298475
319713
-137859
150897
-1338586
831272
14812
-794960
836620
1228075
-613719
-1075028
389536
882665
-409472
-687040
-4458
1216867
-1192463
-1825173
813042
-1132621
580722
-372350
954948
-709453
-845485
517131
2293849
1181317
1633007
1482319
-391373
16212
70671
200908
-529431
-615413
-835457
936939
-692895
53508
941993
-459889
673475
610803
-211883
-87611
131259
973381
-136050
-2067947
-111830
893895
-1078592
-206989
1654699
1300581
-101198
-1237564
175872
1312184
-369922
-1719501
350761
910420
-823327
-235056
-116772
485777
156722
-103914
393865
-269337
94756
1419121
100275
-1219574
638048
520756
-497
97401
-15124
199623
-5191
224511
798907
-466040
23899
-289404
-85837
-846385
353681
2175790
24669
-89475
1368609
638073
-1108136
-1090336
552868
1842183
-1076360
841027
1017316
717148
