#SpinCore Technologies, Inc.
#SF in MHz
#SW in Hz

[HEADER]
@CLASS=	RADIOPROCESSOR
@FIRMWARE= 3087
@SPINAPI= 20191127
@POINTS= 128
@SF= 21.670000
@SW= 127986.351562

[DATA]
-1432554
665266
-2058578
437866
-2640057
-710569
-403626
-2609043
1320219
-1088478
454187
-1174685
236983
-1263478
2147245
200318
1688582
339176
-370155
-54618
325982
1712233
-367960
3136784
-878580
1276880
-1773395
-1568550
-2300532
1173538
-905905
135902
706179
-1406142
287148
-2135593
-472257
-2065739
123249
959702
1303535
-392806
502734
372003
280128
1556729
-573290
2408731
-314973
365861
-1289945
1187899
-1514444
285946
-956774
332694
-1265268
-271563
-745406
-706203
14368
-663068
-221430
681423
239672
810838
500025
-762315
230380
-794650
-345490
733223
-1414720
1538712
-411128
174972
571580
-1215220
-295851
42313
-719553
1035747
-907644
-36919
-657130
-1330950
334889
1166462
64970
70874
-48125
-516803
1146889
-964739
-1087402
633463
-1802895
509265
-417831
-621710
785051
-1369829
-921176
156675
-788102
321284
-543120
-344288
744947
-964584
-541048
372564
-1160465
-1242120
-1192556
197857
-623568
-666110
-359701
-834926
-836158
-891398
-694305
696813
-680832
-1204560
439702
-800273
940403
-719258
291211
-533218
-23165
-209794
391286
-958242
1233697
660093
1749288
114831
15100
392834
-572699
-647694
1409764
750346
300682
-300416
-413854
-725468
64847
-1192659
870882
-582921
741641
71833
354273
-1347487
-1458367
-537735
1132419
94426
341201
-449975
249068
167309
-467391
-1018954
-435975
975887
641123
-364740
-736505
198171
44148
-324323
-904456
-176804
-386599
-108573
-340835
1282752
292448
107929
-1322020
614609
310770
317276
-954596
1202596
1312923
-1450191
-417153
-813181
-499549
-371708
87607
-206899
-1055444
-649750
1216928
-1394795
-768448
-172355
-804434
-380376
-660580
-33153
103034
878053
929861
29442
-2476401
-371557
-167357
-1417085
8099
423629
-94613
-1416356
-2472999
-714268
-714765
-2151398
161429
-155385
331576
-154637
-1483274
160779
1497633
-1647389
1491248
720527
-97756
-913749
-752063
-196972
1561931
-1505670
204281
1678950
117089
-1673857
-1405613
-263912
724145
-1019034
-258127
-320640
-333898
-394540
160245
-1063666
1251865
-1434233
