#SpinCore Technologies, Inc.
#SF in MHz
#SW in Hz

[HEADER]
@CLASS=	RADIOPROCESSOR
@FIRMWARE= 3087
@SPINAPI= 20191127
@POINTS= 128
@SF= 21.670000
@SW= 127986.351562

[DATA]
-1910699
515979
-737769
-713476
-1432019
-1806286
-1221643
-2810213
19825
18125
3215275
-1893277
754630
-1001140
879531
-1254262
2655751
3354547
1255744
532511
-1501096
1814602
-1797811
1213831
-134480
1984366
-859163
-709158
-1594757
-1317916
-2045312
-1363426
1842327
-790450
-544283
-2032203
451061
-487703
412059
-377204
1360380
820947
248873
811578
39601
1226793
-1433985
672709
-597672
719286
-1202435
-1431076
-50193
323893
-2052760
-452266
-810269
-400371
-161419
-1929838
-308703
-217100
-5476
38330
-882368
973529
146594
170276
521259
77491
29187
930831
-55292
79115
-599380
982121
69893
-750138
-1590161
1023412
-1708775
-92960
266135
821004
-714707
-916655
-6720
1879167
-615345
513357
-453680
-1051190
-102308
47196
933920
671854
-119652
278381
-87950
-777737
-732265
266230
963312
211064
196708
1227791
-1786726
18677
-16846
173141
735078
255276
642464
-16343
-258710
47652
903700
647790
1332018
-1340511
-265114
833167
916685
546588
788539
509979
565798
-156638
-656952
1100674
1653808
-1734123
-39682
1260174
440041
-1442007
356839
347320
36838
-613401
-49916
286814
-1226819
-617176
-809405
154868
883957
-1127010
929436
392835
-732877
1223620
-501870
489650
1505915
213417
570812
311288
-1316881
-52469
296947
-607847
-28816
-943835
34790
-175317
645886
1751033
1407167
-544011
-958277
-1863516
118736
124525
-745931
1253979
62502
258434
-888336
-144634
-490685
86291
981094
591500
1606544
-247158
513057
-689064
497827
208812
333640
-2546
605658
198383
-373901
-612600
1841846
-1411098
-170311
-775544
-794950
501834
-1064456
-633545
-715881
1266
-274512
-417675
801060
-1006864
-1181468
-25066
-294671
-7063
59321
-651465
-106219
-502854
-85676
583009
-632434
755853
-602901
-212096
953691
57678
-120827
-548945
-2029743
973765
-27561
-336226
460061
-563335
-92562
-503325
-418265
1298023
-735663
668527
-593699
906650
-528655
-487456
-1231239
1335086
-865491
-297271
-774999
789566
-1600960
-1609497
-250257
701228
-800536
834672
