#SpinCore Technologies, Inc.
#SF in MHz
#SW in Hz

[HEADER]
@CLASS=	RADIOPROCESSOR
@FIRMWARE= 3087
@SPINAPI= 20191127
@POINTS= 128
@SF= 21.670000
@SW= 127986.351562

[DATA]
6240516
-911598
4755494
1506025
4367807
4303434
-121344
5075905
-1521365
5535592
-5061932
4418054
-3916411
2261322
-5852170
-2367450
-2493178
-4708066
-251851
-4789013
2271909
-3289257
3028902
-1774456
5031015
-656841
3539818
2553528
1939623
2831256
197007
2026329
-1431964
4827861
-3826008
1527425
-2004928
394599
-3218679
-1882032
-2416877
-2448931
-286683
-4156056
2295741
-3786773
1730572
-744706
3033333
-1646802
3340089
-55179
2957222
2236800
-335674
2109888
237141
1373519
-2487045
782775
-1333147
1590802
-1470184
-31880
-1907805
1453756
-1734257
-2127664
-1267702
-1586517
1250353
-2055895
1275795
-845357
1334015
-1517224
2540892
203443
2019960
1576465
308138
164955
1349053
1381976
159593
1138202
-652116
1702937
-698777
555957
-211986
1463039
-1167139
489466
-596299
212418
163509
518347
-1424792
-1608913
-282557
-244281
67463
-1090863
-24427
289360
441019
-120462
633428
-240013
1670605
1387168
184102
1670149
1259067
470175
-5296
-154080
118007
-143220
-1715026
1225724
-145758
340188
9489
-35206
351441
-299252
-247614
-700715
-1796028
44449
-431533
-20491
-214304
-867423
-185083
875995
-1167436
-1594805
690450
-312368
1644885
-962957
247148
-1995820
-291200
-2369476
-77172
-682238
629644
332986
324032
-30104
1195977
1344379
-200889
-225929
790078
985798
-190585
567421
424668
398342
-1484096
-1396946
93391
-1023734
51181
320626
-537707
1482853
-6303
-1182312
1053189
-152361
292892
-526642
-586044
390902
483189
143121
156793
1748491
773870
548781
318128
-1312469
336510
2289911
266725
1631041
-1530127
-311641
863796
-299361
-1610626
960868
857833
-930407
-496566
49820
-332965
1570024
-174119
-53125
155905
252170
1487455
-281112
-241627
-669192
-154515
-1634625
-1378100
-1201658
-454815
1668456
-439751
-401432
836563
-527162
565803
756845
-312042
-503702
-903830
1267084
51274
1855222
-49883
609952
69401
-1229490
260045
-953027
-1703624
599495
-1131738
-526838
440481
1318964
702996
1454710
160974
-640068
-68752
-497393
-1337797
-281459
542506
-294257
908690
-454860
-106204
-322390
