#SpinCore Technologies, Inc.
#SF in MHz
#SW in Hz

[HEADER]
@CLASS=	RADIOPROCESSOR
@FIRMWARE= 3087
@SPINAPI= 20191127
@POINTS= 128
@SF= 21.670000
@SW= 127986.351562

[DATA]
1779465
338833
2833763
602292
2103767
2442276
460348
3543222
-953870
1965744
-1953107
2508637
-3378577
-307750
-3353468
-5416
-2599776
-1370937
657717
-3729349
415369
-1477105
1828374
-1731793
2749962
691989
1815608
498697
1824320
867111
1053633
992238
-1209903
649710
-1253222
-342222
-972512
750055
-1148414
-675694
-1589289
-516788
-316438
-2319626
297611
-1108047
292642
-484441
2176077
985704
1304684
-157286
646797
1373572
-895774
451314
162826
504961
-278744
702918
-74921
-54475
-858414
-1542785
-299387
-1032624
81994
-176704
-12789
-1124366
772008
-967234
62064
-26695
1024993
-105889
531260
83014
1136953
1218446
1155534
-134851
-1111725
977253
1487098
51835
-595216
1667332
11384
-161918
-1618658
-669569
-445489
-318250
-641624
792204
-675633
-114956
919308
738952
1137249
1101001
-507012
-431576
240335
1334818
304547
1260141
-873740
554421
177594
334056
-563214
490858
-1181260
921370
-120497
40395
393477
308414
-621103
-1987543
-1135265
-1125989
-308022
-462146
-470567
-1280285
409130
852680
802744
-587071
1034223
-449958
-345465
62985
182548
489717
666769
948163
818223
1244627
-744350
-918664
658192
-678200
-60169
309944
606735
1392274
334290
395192
206103
136115
124275
-15525
1004061
1089797
219167
-190941
277360
-742466
-549296
-127048
-43043
-579313
341637
-354017
27468
594612
-154830
221757
493654
-273
100904
1515944
116579
59173
334358
-268882
-382130
-1448363
466730
-1021197
-760493
31970
-439395
302808
-575
-711404
-120126
-1063841
24911
-658660
-911814
-278275
527252
709856
623389
-422672
1295162
801302
1070003
-851361
345044
560052
375488
281942
-642890
-212363
1475752
451445
-264343
603280
1068955
-480881
802182
-75828
44196
1636076
-495508
1001980
1007344
232222
-1222697
188913
-1267700
-725077
-884788
-305840
-108762
1083164
-197251
499326
1027881
-1308734
162684
1360971
-158923
-319002
518762
-1896772
-27566
-592994
-874981
633347
-1348336
-870336
888476
255952
-185176
197051
-1334067
842386
236856
-376449
