#SpinCore Technologies, Inc.
#SF in MHz
#SW in Hz

[HEADER]
@CLASS=	RADIOPROCESSOR
@FIRMWARE= 3087
@SPINAPI= 20191127
@POINTS= 128
@SF= 21.670000
@SW= 127986.351562

[DATA]
-4541062
320431
-3636357
-1745250
-884915
-1829655
-1727180
-2895452
1159754
-2673853
3171884
-2484342
2161969
-122936
2323560
1023764
1261595
2770911
-483579
3421224
-1887967
1710906
-3620784
1881154
-2346555
-242809
-2948521
-1804040
-2565812
-658475
-1613619
-2630707
471442
-2133029
3533299
-626893
309336
377283
2577802
1398977
-125266
2085541
379062
3031504
-1167770
912934
-1041655
1632116
-2767802
-1171923
-859977
-1861723
-1151924
-695888
-118235
-3192418
2125137
68469
1496893
-897778
5890
-814275
1384875
-247294
1346116
1972319
-1156274
1248634
1659272
-367641
-357632
2262403
-309642
593605
-436162
-1062383
-1817370
670282
-1046682
-1334519
793457
-398330
-103819
1097823
926352
-385704
-662389
-255829
-10958
1056223
543984
-917674
77389
1422840
-369900
-30140
-172692
667309
343037
-1155846
-1073367
-180025
-487374
-975436
559741
841969
-75078
-1259459
1645645
-1157733
311769
-600436
396053
-689079
-143698
86176
862246
215435
384112
-5573
-17024
95659
2016456
267601
49629
279440
66628
1388565
-848289
-4624
182872
462666
-614125
-851994
1735276
-544485
-585883
-981082
-1905070
-1806901
1382928
-936581
-417161
-202363
-909268
-753777
-78563
-198196
265175
1406112
-162800
-511401
-283645
-981228
246888
1663850
-1067487
-102759
158276
386849
157175
-871219
9410
619302
-1607700
-538018
981381
446960
202982
76354
1242160
64710
591328
-768371
495496
-637438
1097455
243132
856267
-460559
469346
1146103
42783
-1818704
712009
-1278479
-777435
-428487
-724056
-514165
-262018
205508
873321
-2147
728180
603527
-793532
-1389444
516645
-6327
-46994
-281814
-1800695
73309
-1642670
871541
-525441
490663
-780513
-438976
694166
443236
201809
-1074954
-633760
-758869
275669
-19248
-334703
660532
-1419138
190231
835319
-1071342
670671
869833
-1899286
-1116501
-179070
-87031
-714571
187008
-135650
-66577
-58785
-155702
1280819
-1188526
385615
-478417
417312
-372088
-492629
531468
-149281
722420
1934719
1044251
-1659924
717587
-918719
-308271
-131141
635881
-1113134
794268
