#SpinCore Technologies, Inc.
#SF in MHz
#SW in Hz

[HEADER]
@CLASS=	RADIOPROCESSOR
@FIRMWARE= 3087
@SPINAPI= 20191127
@POINTS= 128
@SF= 21.670000
@SW= 127986.351562

[DATA]
-3314754
-919118
-4257613
-1474487
-4289354
-3670078
-376893
-4257625
1725666
-4424910
3655158
-2053152
3413892
-658949
5048635
3125401
1884574
4143519
-931784
2965345
-4127246
3637787
-3227684
2540464
-2700010
995782
-2018492
-1951502
-3442414
-1758661
-548449
-1687648
1074497
-1087813
3476598
-163095
2146430
-702848
1550918
-492912
421035
2057213
-1263142
1960488
-1513262
2027260
-1897113
439950
-1646830
-513027
-1795489
-260779
-157745
-1650137
622932
-626168
174429
-2976147
644427
-1539320
1243394
-113439
442120
1025328
714569
157241
458596
807566
-310071
1643586
-1039754
653141
-890859
267088
-748709
377839
-138254
139296
-817871
-417327
-1011455
1001416
74527
-378710
-178358
-744936
719206
-276560
222038
416611
-406101
75450
408901
164976
1470959
1268426
-958341
560341
-1028640
1222086
-8564
296865
610975
1362409
866539
-76395
-312299
-1006160
-226819
-1193815
1017654
693123
106114
623231
614497
328091
-788135
560492
-84209
846847
-57157
517988
856044
-138752
-1992121
-1234586
-1667683
568333
-950255
-745211
-431289
-268368
75026
-1774317
-4679
47830
-271623
-620764
1051784
916231
1646714
-1128336
468830
956819
112340
148656
-108711
-426574
1793051
983971
313198
720352
450124
404644
260705
-313337
39874
1188036
-184720
570968
-432281
860309
598071
-291235
-4735
933288
-1370634
-377409
-1103733
335126
536253
1439123
-309810
7154
-1144233
-1482055
-171485
-2247664
154803
1012826
-1422374
1331304
545759
-2410359
1298266
-1339320
-1033326
-1304469
-1498600
1001050
1038606
-122185
634298
-895794
385671
402352
-802507
147461
955073
-491664
758141
595650
884303
-273793
281331
-50919
-530249
1467213
-1369131
977391
915907
683963
1139336
650295
-481013
2148495
-1115575
1118712
753014
-38402
760744
992541
-968379
-156356
-1260038
-1014684
190076
-164612
578830
116460
-724314
-425964
301497
-1443732
-648823
402421
-168240
-599957
743742
-1565330
2849600
-750077
-448515
824989
250332
-302864
866245
-1053892
2306044
1210900
-274328
-256461
-597681
290212
349566
-461966
