#SpinCore Technologies, Inc.
#SF in MHz
#SW in Hz

[HEADER]
@CLASS=	RADIOPROCESSOR
@FIRMWARE= 3087
@SPINAPI= 20191127
@POINTS= 128
@SF= 21.670000
@SW= 127986.351562

[DATA]
5431617
-99869
4681492
1764754
2468777
5424877
-1618027
5841813
-2304437
4388527
-6045331
3437092
-4758330
1765042
-4049711
-2955034
-2133327
-4352557
646186
-3857262
3030111
-4054901
2576342
-1844818
4862745
-482052
4953723
2974252
1460518
3995646
-960591
5156118
-3116483
2491091
-3828245
1587452
-4438251
-2477223
-2433744
-2022967
-1306739
-1239202
238480
-3611355
1718867
-2197680
2816704
-1983459
2560684
1066218
616287
3006533
1405116
1755539
-776492
1731822
-270359
1234072
-1197025
998460
-2853514
516145
-1994552
-220966
-1213030
-1251939
-454787
-1144392
1703600
-1219955
385784
-793485
1506484
-151494
1164240
341337
663192
-1002730
201777
746117
2575
696081
-2955651
437159
-1622193
653012
-982702
-1609341
-126890
159806
-1068314
-167961
753621
127673
-664272
-360478
-370329
-671924
-1156776
1418230
236364
571036
1973852
2236469
156982
374095
197577
928236
-955376
734664
-609258
157470
-341997
692411
-184445
-769777
-899133
601168
-392267
733181
9978
-176384
-158210
-1458810
-269909
175724
-931504
-1051821
970630
-51427
160536
636893
-1047270
425474
-719210
1389262
-1009877
-765987
21730
1279532
828132
1194401
-202400
576050
-788849
-901520
1051291
-1268685
-658036
-42556
-153288
109045
-463138
-1315676
571112
-555260
1062079
1870296
331447
-1753451
-789192
360327
1719084
-771009
755833
-432618
-761879
57470
95022
610600
-204363
-1220051
-78625
-697248
-709480
-456120
332905
1594072
-1284511
628114
-1710575
-1004989
-1346613
1253440
829081
-317875
-200492
493790
-1270712
1181325
-1347200
2052858
141773
-307150
-262253
1993091
-149253
732517
-516023
636974
367076
40683
1815510
759417
306286
790468
837454
71523
67793
344726
808326
140936
471163
1807677
611355
-1064797
-393430
1705738
473075
-1016684
1488056
-363151
-141892
-796451
530618
338970
-1557690
-955634
1690355
859513
2421585
291348
633051
-235017
-1413098
1214684
1892612
-1133486
-910870
553465
579558
1118700
-695894
280905
1761368
-973701
153399
42794
-701393
-210287
636843
78712
789977
-1103055
-689915
697442
