#SpinCore Technologies, Inc.
#SF in MHz
#SW in Hz

[HEADER]
@CLASS=	RADIOPROCESSOR
@FIRMWARE= 3087
@SPINAPI= 20191127
@POINTS= 128
@SF= 21.670000
@SW= 127986.351562

[DATA]
5617522
-1337674
3769579
2352788
5066933
4038531
1328432
6991318
-2334738
4733101
-5475033
3021547
-4701073
-579700
-3716119
-1022117
-3653195
-4204342
-2149700
-5994937
1488070
-5736651
4010462
-2636747
3678303
-491290
3824755
487838
2628304
4259753
1058618
4230877
-2062477
2735209
-2306079
1902106
-2900106
-276970
-2513407
-2140332
-2403997
-2398400
-843428
-3753009
-132888
-2511355
2456446
-656427
1861570
-568989
1817020
78727
1743292
778247
489655
2158938
78303
2543437
-92371
459052
-1481903
-68743
-624739
1721978
-557711
-10301
-639347
-1168283
-773822
-2522636
388390
-1136142
98268
272090
2017177
-1136293
860105
-1904309
1173825
-260890
91045
1158099
-1421296
161327
-628129
-82035
-301213
-977775
-1440654
1067308
659476
-607052
-253430
-929145
454837
-1135802
1478422
817331
-521411
-776812
-452608
-20018
2017617
-1327640
973055
1486532
390899
569724
806973
-216295
86146
-934290
799342
1078537
-716125
-350987
-341933
736955
-49792
-893501
503980
506868
-1126773
228996
748089
339194
-494339
-219288
199294
426268
269144
-335384
-110113
-411214
888871
-297685
-873912
-1689813
-18812
-477093
825256
584739
357203
148910
-605892
735852
780692
-748141
-499891
104708
1039630
109707
-437444
-286086
-573370
-1482936
615073
1438129
61898
51965
-98052
116781
212139
-502722
667711
821111
962135
-1021394
94339
1594228
-1357922
-817036
1337559
2834086
691393
-1817910
-1338565
-1765042
-893097
-47793
1077601
712954
-55553
-232861
829059
692464
-741057
-37355
306985
1592744
824601
-1760485
34536
470591
51936
-176178
-556732
1129544
911699
156069
1266726
489235
-348153
-1118406
-12138
1176867
1225704
1238512
1644063
142515
1203423
-952285
-655446
1106416
427552
1180850
18317
-405563
1934677
-1146508
-1636684
391579
-109239
1841105
543540
-1298403
679997
-2008018
-848923
481204
-1188802
-2017394
1130003
-341630
1167427
-1378387
-260034
-625182
-1026406
135143
539938
853428
634398
-1956057
-289243
872093
-567015
-728007
762369
691562
1058666
-625611
1342641
149252
-1035778
934116
