#SpinCore Technologies, Inc.
#SF in MHz
#SW in Hz

[HEADER]
@CLASS=	RADIOPROCESSOR
@FIRMWARE= 3087
@SPINAPI= 20191127
@POINTS= 128
@SF= 21.670000
@SW= 127986.351562

[DATA]
-4505958
1531869
-2742280
107211
-2095005
-2064470
11014
-3655047
794320
-3017914
1547367
-561223
1039789
-1282390
3318873
295496
1820098
1971093
-1440398
331577
-1830655
445205
-179032
86920
-480752
932517
-732973
-3816063
571898
-2299752
762602
-2036723
1330201
283826
3031307
-1032979
1698298
1350569
-280567
2617230
-357223
1609075
-1356501
1922948
-670175
2138984
-2137935
-29774
-2454036
-2178412
-1864386
-462664
-1033440
-876348
-815833
-1421117
1731532
-1788696
-453313
-1437428
49453
-1334059
-738074
782419
1069311
1463574
-904094
-1086629
-468299
-134712
654928
-568696
627001
1782671
446049
296011
1413515
-817660
799076
134023
-833656
527825
-244352
980157
1131023
1421209
259454
677011
-546276
-429005
810278
-698980
-1597049
1994018
-1792908
1246330
-1686215
-727256
-400896
-302292
-1906095
-321021
-926458
-1848453
339668
64819
244704
-411021
-57087
-473518
1527902
-927015
2201878
-50189
-446559
793693
1120564
661382
563476
758501
1453603
685499
-844544
1563019
1137916
1439313
-167457
407875
-839264
1712043
-702609
122568
-1132878
1019627
-217170
-736463
-1364276
571017
70110
-26472
-2300283
-716244
330072
-596184
755273
-1340761
-811156
-165021
28441
-1641934
374612
-429885
-1203356
-146574
1556225
192098
1452727
-1930199
804027
538710
-345731
351119
818766
1429987
204457
516048
532762
1033692
649454
-929983
449306
1511722
47805
227593
-204037
-12388
235201
-61480
-882409
898171
-675832
-228306
226632
155014
111139
498365
-225944
-670925
2263244
-943549
-833688
-36861
-1240017
1344925
9515
120043
1063517
-963732
924998
-184040
-797626
-601996
-563972
-548773
1887484
1423735
382466
217580
632265
-256747
-1221139
-1135357
-24525
491484
501931
-1262332
-308638
-162727
815596
-457802
-1485458
943914
37662
-949955
612209
961537
45072
1581873
-785814
-348060
625289
52619
-36698
1162491
-629969
585770
-1578598
-533353
805568
-288969
-391225
2170793
-509248
-270807
316943
1259772
1625361
-738498
791879
420348
-895813
-1169069
-1044929
-273722
-822354
502166
