#SpinCore Technologies, Inc.
#SF in MHz
#SW in Hz

[HEADER]
@CLASS=	RADIOPROCESSOR
@FIRMWARE= 3087
@SPINAPI= 20191127
@POINTS= 128
@SF= 21.670000
@SW= 127986.351562

[DATA]
3525030
-1044681
3178989
756844
2999288
3256675
291547
4402188
-813749
1403377
-2024330
1429848
-3181780
1628282
-4275995
-640593
-2194968
-2764702
-513545
-2110303
-187720
-2975155
610299
-3170327
1662972
-2309513
3301605
-893323
2540337
2086941
1771704
1971293
-559842
657778
105273
2757154
-863282
1678585
-1915542
907412
-1886709
-1675342
-334932
-40554
-826416
-267257
-852364
-1843007
2338584
-1950836
1422965
211764
429422
1808586
569156
223567
2279109
697061
-825037
1985813
-1435204
868232
-1928525
1374984
241868
38306
-1475300
-241388
-1005338
-1213057
-1734888
-1731180
795586
1518618
-47425
-1697586
-709548
-2060501
1351680
154666
-254096
2584860
-124430
-1157375
-415133
335522
-349120
211431
-886151
1224909
750400
396851
964508
763893
-355935
1559205
-668853
-318070
-25569
512915
447865
-732229
-102208
324651
-658160
-791905
-637399
583596
-31798
626908
-666219
-280620
280999
-782650
-16092
-471427
-448460
1637135
201372
148388
585502
-578252
-476353
-545343
-394937
-108901
-597015
-1248311
1261656
76698
735777
243916
-2112963
-2042299
460696
430020
842565
257064
-55479
1007230
139429
-1863682
1137828
-37627
917980
1299446
-1841904
323837
247867
-1503032
669476
254631
-892124
1955537
-1580714
-1192082
1120618
-615981
-471693
-534984
-1055316
1404348
-424485
-1819513
403959
-245839
903984
-109298
-117848
1499272
-491377
-1309421
139154
-1043214
-832212
-639490
-468449
551022
176503
-957516
449957
-1071525
-1128909
196269
-236438
-716961
414516
774194
-338869
-781705
608232
406043
1862265
-391165
-742912
807836
863120
842941
-571010
-90791
-115841
865942
-159970
741703
3409
-204164
256823
570308
-1325873
-5599
-796546
946549
-76052
-1125053
-71869
822901
-323130
546326
-576167
99625
590916
357722
-567542
1148188
-1337872
-389196
-310616
-1676289
1799615
347580
1128011
703351
-836712
-1573846
1072253
-946588
1721314
-42159
-248077
600447
-1314662
-970590
-259164
102834
882219
1549178
-1346771
-456365
-1207503
-1056038
1391527
-611308
520857
642380
-1794651
-195943
