#SpinCore Technologies, Inc.
#SF in MHz
#SW in Hz

[HEADER]
@CLASS=	RADIOPROCESSOR
@FIRMWARE= 3087
@SPINAPI= 20191127
@POINTS= 128
@SF= 21.670000
@SW= 127986.351562

[DATA]
-5927044
248457
-5484480
-1792288
-3826680
-5112449
-243654
-5344984
2872852
-6036933
3003077
-2358980
6105576
436168
4579138
2250763
2176198
3554772
-1698243
3554067
-2672982
3387723
-3379533
1119233
-2535936
-1465839
-2288721
-3250304
-1756769
-2742389
748021
-3709872
3962637
-1979397
4103168
-1171240
2881064
-479748
1432826
2951078
795248
2686799
-771780
3373601
-1662929
1546259
-2021929
1230533
-3036676
1390335
-2815667
-1506467
-458275
-3075642
781969
-1556994
447762
-2308056
1430690
-2209283
3068483
459252
736776
1269678
169312
496798
-16917
888718
-1204900
2944469
-709559
504021
-1279738
-642105
-160682
-1217753
-593556
-1921173
126562
-2021556
1099549
-1755525
1326383
-974484
1774335
-492802
1060165
-586451
2299377
-957208
458126
-458629
349348
162117
404794
538358
1166090
-283432
-824787
607662
2390286
1290858
-1085352
-779268
452199
-28581
-233784
-374134
822655
527538
-1338684
722626
-111769
1338551
155972
-1046854
-545746
2291318
746426
-375784
-233190
655931
-499673
422032
-1718849
-271641
-693995
1383958
-1257375
982317
1113526
-1840771
-1075553
-206390
-639159
-1144518
86703
-598737
-327108
-302835
445285
-145805
1243912
-1080546
1982702
1432042
141829
64962
118958
-139892
1280156
1109989
-145572
1195138
1779052
278359
1434343
678794
781509
2054904
-1078581
44774
2389107
444319
-245989
527779
-334482
1151951
-1406915
-444686
2253467
2212814
218671
-40432
-1786606
529383
-957468
-1237175
-593673
1214139
-61394
-667883
-720430
-186891
657343
-1228125
-550879
296478
-180535
-127420
-157890
-939962
446309
-1147800
-2194566
881767
127552
-300215
657943
-1813045
654820
-96300
-1286760
-1573945
-180785
-995214
248386
-132020
156707
576121
-674750
-161870
383032
109611
182911
-425303
-489265
1436619
169926
-434721
752632
1411
-160637
-118780
-1578436
702802
1476377
-5243
1015824
311027
-231882
1588432
214243
-110829
785302
263811
775662
1267822
21275
444897
-955287
-487344
544661
-773969
-602835
226712
-289314
162358
-931371
-1213843
934930
56186
-894874
870612
-890837
-895051
