#SpinCore Technologies, Inc.
#SF in MHz
#SW in Hz

[HEADER]
@CLASS=	RADIOPROCESSOR
@FIRMWARE= 3087
@SPINAPI= 20191127
@POINTS= 128
@SF= 21.670000
@SW= 127986.351562

[DATA]
2822195
-62974
2829440
967321
3364680
1855858
2875366
2604544
-675967
4113582
-3357605
3031683
-2198369
205408
-3329120
-421559
-3014240
-779205
-1944801
-3213545
1018429
-2118663
847898
-2278883
2674938
-730465
1947987
534332
3844153
1799306
1313106
1417713
-218553
3137577
-1812285
1146376
-799981
1978263
-3593328
678655
-1545403
-1170960
-478632
-960689
-563465
-1307140
338079
-3310609
609338
-1686975
1581324
-412719
759879
216106
456944
1142168
1920083
573735
194294
913152
115510
632958
-1083076
-432521
307424
452516
-1088111
-222365
-317198
347632
-189332
-691876
503016
35689
-61239
-509693
256802
626727
988090
-28087
-281131
2059061
1420590
-282960
-579142
619734
23074
-160553
-593119
933303
-327209
504714
701184
485223
-1404100
-647977
167464
-495541
95094
-379799
643563
-771754
336155
-1060127
830784
246863
-2026834
-72132
1645094
441474
1900350
-1333035
7615
397103
-1173651
-460449
-98264
124315
1148891
-935912
-291899
697876
-633765
-696533
-900331
370977
1119542
-1487961
-1088826
105446
416404
-162822
273805
-917675
-297498
411829
-123089
771447
162383
-500659
528636
1639195
-382349
-296514
2028110
391569
-394249
638071
-9827
-273916
-244954
221425
1043762
1729366
633364
299043
-884893
-312285
-988249
752135
210924
6318
-825096
783158
206856
-410266
-1323508
-1091875
-2083637
259899
-1576596
-962506
1050307
-896047
237424
-2116254
220159
-992777
-119492
-484265
1784610
276707
1207186
-966985
1309114
-237314
-156844
-908384
477585
-692315
-575433
735267
-1345745
194135
1233772
1271004
-19733
937645
-1142508
282095
-1209031
183025
-385080
738867
337898
1465617
-551286
-388253
18335
-478861
-842060
1961690
-647374
1454890
566407
-762948
229079
-675244
-2058010
1350091
-925483
1114367
565719
-760301
1055371
-1065202
-62451
-667385
-1371647
-322610
1293100
400015
812593
855006
1070551
-1019777
-1008908
-1313009
913100
681080
-719969
479851
1383357
1081936
-392295
-221594
-644167
-128928
-700695
-56407
467294
3042779
1535936
100433
699239
1262923
