#SpinCore Technologies, Inc.
#SF in MHz
#SW in Hz

[HEADER]
@CLASS=	RADIOPROCESSOR
@FIRMWARE= 3087
@SPINAPI= 20191127
@POINTS= 128
@SF= 21.670000
@SW= 127986.351562

[DATA]
-2454994
813290
-4273275
-747730
-745560
-1784371
-1497515
-2573900
910432
-2277182
1618646
-1798525
2786033
-490757
2552657
1104689
2128322
2296885
-603653
3229964
530141
738314
-633003
807599
-3537371
542778
-15650
-1356229
-1490015
-1706944
-1017131
-1819562
994532
-1067335
1600150
-1421735
1362699
524301
1905003
-443457
1893707
2632297
1357039
446490
217819
1830924
-956278
767040
-829010
1621256
-1033758
-1031024
-1537749
1071930
1085341
-775485
-844484
84986
212185
-344190
123977
639002
592302
-576229
1518791
458197
-77583
465504
-166227
177683
403165
177093
515430
536128
-1433452
-728526
891851
-335523
-159646
270315
1107437
408586
-28025
-527717
484900
-1197464
138447
-78799
1528092
815714
-1397323
-752625
619750
-123979
34787
913668
-42489
89919
-177315
923374
-1215537
-1035796
-410454
2096745
552230
-1461113
-964516
73333
-522256
-579924
405449
719054
-441647
-1134358
883772
450775
-587333
-733586
1073079
803578
736115
-1433274
328230
282483
-1564491
850087
-785258
320522
-1526050
-619757
-229734
933674
-1249130
501503
-464878
949106
816314
-1349371
323682
-503986
-1611684
140580
1868020
1700332
-296220
-1218390
215998
917909
-2639491
-1145460
1276759
238174
361690
187309
1441746
-719032
-2533168
356144
-67018
1194892
410056
564349
-1267174
-842965
-1375087
-286898
426911
551490
60618
946862
140200
-736857
-946355
-175765
-36018
1167461
2037408
2470779
-1532024
-289466
-951753
336401
-600696
933488
1399830
235220
-1367240
465293
-1732728
-2091921
-163824
1377588
1895687
1243553
-950223
930164
-1244406
126912
-248340
1408740
2303753
-93297
-1497010
339323
-1213447
841097
-830940
1339336
1273947
-892420
139259
874988
-688001
-546646
-227163
955881
2150928
252853
939115
109332
142519
840733
-1819744
-925153
408831
50585
887606
176276
-750454
246436
-970934
2383579
1603176
-1253997
131739
858008
-1284861
1884115
-1019765
2232725
296513
-523443
1896345
661730
255124
-912849
-180580
881733
292511
-251395
40452
-917920
466964
-146172
-889100
966450
