#SpinCore Technologies, Inc.
#SF in MHz
#SW in Hz

[HEADER]
@CLASS=	RADIOPROCESSOR
@FIRMWARE= 3087
@SPINAPI= 20191127
@POINTS= 128
@SF= 21.670000
@SW= 127986.351562

[DATA]
5394288
612480
4785346
3937490
2761369
5979849
-590945
4583755
-3137997
4506373
-3736391
2836482
-6349329
-225300
-4597498
-2418338
-1248373
-4052304
1030926
-3465763
1985431
-3006220
4111184
-2656594
4538118
609341
2589579
3038523
-375243
2966653
-1298320
3512592
-693694
4137028
-4479644
30390
-4875317
-1382455
-2478135
-2283540
-1774926
-1342297
746256
-4422583
2578816
-3232656
2083007
-996510
1119426
3340142
1286614
1066346
-51588
1040674
865748
1409462
-3271538
3198177
-139015
-819084
24379
-813323
251585
-2332187
-2274385
499469
1519419
-2691616
113619
-1482843
1682198
552615
735093
-1529934
-69645
1014838
470410
670053
99139
1134832
8056
239621
-992607
1021382
338866
114623
-76448
908881
-198543
220288
-1551967
-1134422
365054
-718836
192868
112720
-575334
1498281
660671
-2322175
1297775
-333379
111186
2275524
30019
1077372
816467
-1426640
177951
1234682
497452
1467499
-1153123
-306045
1112835
-754831
70022
66567
-1504244
-1349476
-580683
1837426
3224020
369532
-936465
873064
-443711
907686
-1051599
1124343
1645075
2056617
637534
784100
-859451
-1608255
-939778
658796
265499
-308326
-1663115
-136211
-989803
828926
-523254
-683893
138620
1587051
-416295
-345852
-3679
-269784
-1197522
96338
-661146
700257
-641408
-1239024
-1125508
704985
974605
-1956219
-872005
356261
-1305589
-332471
94546
-1272838
-102930
-1164795
478409
-581277
-42296
-2206321
682220
404125
1063722
-562093
98505
-1051656
-99322
675069
400691
77868
1089480
155925
1463661
827916
-179506
-575636
648740
477722
808067
1372340
445930
-840728
151865
-534449
294264
-47999
-261456
188833
-501661
1010929
1549633
-1379523
110709
-1746522
-2018392
1158210
214380
564628
186916
-830238
5637
301879
-1912545
-1417918
-1466504
1948473
541355
1193708
829394
444064
-1458974
-393316
1604162
2138302
-209111
508757
-1618687
984679
-924645
437689
-1287297
1978952
-96748
1516995
-290163
-847998
-1186875
-736385
-271175
1201960
-1043934
-254730
-1109100
-1295157
-1288106
-1160719
-727388
-562523
-419648
-355444
993318
-670050
