#SpinCore Technologies, Inc.
#SF in MHz
#SW in Hz

[HEADER]
@CLASS=	RADIOPROCESSOR
@FIRMWARE= 3087
@SPINAPI= 20191127
@POINTS= 128
@SF= 21.670000
@SW= 127986.351562

[DATA]
-3390425
427352
-2688503
-1012343
-1857090
-2471080
-957237
-2209022
133149
-1363857
1129592
-2485873
1014500
-437184
1824288
1990347
1131743
2965123
1236205
1711941
-1771691
436338
-2270983
769405
-2033882
313731
-1796791
-935750
-646498
-2356981
-196439
-1979844
563989
-2212793
1507553
-1254975
183568
-941264
652754
114061
1778516
-256913
1547801
865485
-1466912
59107
-1190043
1623947
-849312
-697823
-371475
269272
-2610166
-1047702
-1528835
-337043
-1128211
-1725078
596626
-761539
442129
-1118636
-657034
801395
-462140
-1166642
1239363
-25959
-1589378
8893
-1606555
1996586
468820
-718228
-411031
-26977
-686248
-908757
-2658304
-693655
-805105
139215
-706804
-724181
-991481
-902536
-659307
938153
335423
-740445
-920141
36845
-601266
290762
-1384043
1390400
142747
304798
-881386
-346294
-55629
-138126
-1911022
556765
663586
-188743
-1055036
-555090
-489414
-277004
-382103
-810424
1024208
-858587
-436818
-1842433
-24438
-1266302
-1567547
-44713
-218250
-568355
401304
-1150775
37431
-320926
-1397717
343341
-621043
-42402
-501624
-1689734
-1340056
637383
-553980
-923623
-1212618
-1476520
-239264
166216
480991
-483813
-217866
622275
-166122
-591000
432621
-489021
-552663
-864379
-1153997
-1157496
-2144497
742660
-410107
-1023372
645477
-1121951
-887980
120591
-2365630
-713646
817756
-636675
-16689
328848
694544
656928
-1439117
-367780
-741377
-2002105
-942595
802950
-1126297
-320676
-938809
-470242
-9703
-1538242
102858
170388
-285234
-400801
-56199
-823357
-554706
887090
461132
113002
-77155
494838
-309290
-350830
-831750
-344809
618125
52898
-34817
924043
-845924
-51697
-349130
479816
190423
-931499
-1262326
1471715
-930743
-45931
-27645
-720452
1060098
255304
-507677
1712070
-469785
-598272
115473
-1331889
875094
-497131
-1052308
1074020
-371091
-1166475
-612882
-503293
-401960
448498
664680
1436199
-1468235
-407099
887803
-94328
729518
-460311
391957
99646
-1391885
-1041036
-1477776
803232
625828
-859734
-1142252
-586260
-1029404
513963
-275641
715337
-323486
-568629
-776036
508516
