#SpinCore Technologies, Inc.
#SF in MHz
#SW in Hz

[HEADER]
@CLASS=	RADIOPROCESSOR
@FIRMWARE= 3087
@SPINAPI= 20191127
@POINTS= 128
@SF= 21.670000
@SW= 127986.351562

[DATA]
-4001894
1632158
-3289070
-2491947
-3201879
-3385506
875151
-4288368
2499188
-2798921
4386234
-608612
4428793
936834
3292133
2292716
2671773
4129308
-237401
4273715
-3046391
1443001
-2812897
2181816
-3031768
229802
-2136060
-791416
-1834200
-3634768
1441884
-2562488
987169
-2350247
3691380
-456634
878753
-491161
2829364
335050
-835935
3268392
-782905
1861049
-1670699
2530589
-1599619
-816079
-2629838
-719911
-2442186
-761874
290749
-2254228
277987
-2546336
346310
-624208
965758
-438781
685646
735185
1803296
967991
-26152
342078
-717321
2083391
-329710
68109
640048
937206
-954449
-661631
-642345
-244478
237373
-714221
830326
-985357
544131
-740143
419331
-747733
1377226
-973916
-136846
-1453934
857590
124278
47126
-625183
892626
974849
-367943
-157949
847751
514237
-1533795
-338618
1178656
-674054
-820112
2320883
-330029
-1597923
1317857
-171201
39967
294333
574633
-224331
-894434
-962251
1920767
45419
348284
831210
524959
303935
-589012
-322560
292509
-1427494
55792
1522922
373645
-481603
-542243
-22023
-795907
-2073878
553486
-369604
-740862
-554939
1116765
-2237861
-73538
-968677
586324
1335086
-488864
-334444
522420
-1609963
-938848
1226962
407180
20453
954928
335453
1079913
-446555
376917
657005
-70224
-170436
669823
-981193
1100978
28463
1641920
196190
102315
46942
1358334
-1438713
1353071
1317090
-314030
138168
-293567
-202169
755018
-378662
-710812
527033
-1774381
730336
448215
-825924
747278
-352373
771567
660434
47352
2095480
-1013265
-663896
886203
316585
-1806087
-235261
-272361
1704622
-716237
-645829
793552
47378
-1270217
635159
-38209
111179
-544779
-426308
143890
363180
-1053660
16198
-603772
161918
391318
242203
-1954348
-343658
-423668
250555
-2565122
214168
88499
-1686789
-1166538
-492519
78981
-1915257
-1823067
1365087
-402172
-2303561
-86960
629000
-617286
-833432
-861412
520035
1003568
-720809
474216
-287069
-831458
-1313997
-824369
-833386
1011103
-646531
426096
-626106
-206594
-628731
-659375
-1211641
1578669
96760
-657815
-364455
