#SpinCore Technologies, Inc.
#SF in MHz
#SW in Hz

[HEADER]
@CLASS=	RADIOPROCESSOR
@FIRMWARE= 3087
@SPINAPI= 20191127
@POINTS= 128
@SF= 21.670000
@SW= 127986.351562

[DATA]
5636766
258843
4670454
1295430
2704108
6570288
-251917
5086034
-1823546
7019484
-5713410
1431572
-4730023
843961
-4258209
-1814734
-2359182
-4640121
-570242
-4404409
3052689
-2862577
3001522
-140082
4941505
1032842
4254178
2416471
910778
3852342
-94000
4830421
-2631941
2383194
-2345410
-65706
-3599257
-872337
-1226807
-727841
-941667
-1794138
1528294
-2969731
1432235
-1157816
3203647
-108144
2266849
2062362
846112
2214596
81414
1136167
1714194
943264
-599296
2506670
-1432602
291098
-1355636
-705322
-1070043
-806762
-40624
-206759
-104465
89719
1077460
-2018291
488270
-1353718
915143
-90474
2104022
927475
-245553
560623
226705
-848294
425190
1516095
1910226
-721034
-12022
1501784
-1407207
-1872085
1132034
799608
-940031
-1288359
1636456
1832001
-1615072
-1733329
1705183
135748
137864
-1766498
1635551
-183486
-305189
1232528
1916513
-1174084
291557
-126618
210917
-662653
-1955212
740692
70009
-1125090
-466357
-885882
564984
853307
1184280
-516151
-1014222
-544935
476980
-1931535
1436952
-143193
596995
683504
-12398
490978
-613937
-792677
873216
-1124448
-806431
500176
1273982
-73668
-1817741
-1187366
186637
-989369
-1264851
696945
393264
-773201
-1289100
-255164
544023
-1330284
-412247
666042
-1888
-791461
699804
-236565
-106353
-756001
-600260
124929
305989
418926
979815
736942
896004
390211
648240
-161695
620592
363730
37558
-1196587
1474557
188129
-116674
1027835
922305
-161466
-513234
494434
1474912
-24550
-981190
780390
259746
-119430
203787
200100
-807048
-1027221
43518
1641768
1610640
-790661
-367357
-624795
-819817
-123536
727858
-72132
1051075
-79094
-1135619
-385008
-222250
-1117773
-174938
1450
638614
-1396271
-570999
659700
1144207
-249836
-419108
-1404414
11214
490334
-193116
-513962
1530724
284827
10555
8242
2525051
156318
-1245620
1090522
1109650
2967
-1216863
237997
129759
-952445
729360
1106330
714522
-915165
-719407
-462134
450784
-118753
1061772
-505938
451900
-880053
-112901
87164
400384
211369
-1417221
-794775
1181305
359423
-642826
-449972
