#SpinCore Technologies, Inc.
#SF in MHz
#SW in Hz

[HEADER]
@CLASS=	RADIOPROCESSOR
@FIRMWARE= 3087
@SPINAPI= 20191127
@POINTS= 128
@SF= 21.670000
@SW= 127986.351562

[DATA]
-1497833
344130
-3361077
446300
-420839
-1422551
-1873825
-920073
2414659
-2237595
1339462
220986
2854539
16255
336249
2690580
-262366
-109100
642313
2118551
410893
1655502
405050
3298526
-2480917
-239660
-828476
501771
-682688
-2740417
2903611
-410989
-726469
-1477112
2787132
-1390796
337633
-487472
2935650
-1435280
-119853
1538481
-1164058
-462176
414154
-131709
-776585
-1109995
-677208
380139
-3526335
103053
-1007633
-1387633
-1167885
-1906986
-305683
-1022070
154583
1846044
-1301013
294807
-1582140
-397680
-1031708
-183007
1770335
1051874
-1202194
822749
-1084230
932380
-420939
1169950
123907
-201510
811784
1129979
-56328
560333
-118183
795810
242268
-834554
1116721
-343369
854079
-272386
987676
310186
-45486
-2014403
-369441
-392253
727203
-571827
573958
-383575
-1259678
-141262
507796
-421790
-1704097
-462113
1113067
-551984
-388636
1322757
-1895029
-1495176
-553673
-216680
1227037
-188071
-362744
-820761
-211833
9388
280212
740310
-86825
-1339282
800231
-598861
-567831
688409
439635
223012
338292
-1233282
-576942
163619
785170
1420000
726498
-1468245
366207
-1388001
-914280
-509684
1970386
-443651
-618159
-754721
-994271
-546397
296638
792533
-114043
-1818587
-526152
-290438
-1647524
1835
952825
25687
-807328
432233
-533639
828279
-229585
919214
290084
39377
-540171
-152480
-236052
738163
53406
-159874
861468
389233
-182983
-512049
-734561
-592
-393140
-388362
300313
931737
1187161
86888
279600
488490
1491340
-408705
1627655
4284
1902170
352118
331595
1139401
1319730
176729
1950322
-28818
1960124
-45960
897159
419704
42386
631924
1163189
-870573
1190595
-3106493
183911
140911
-229913
343079
15075
-2021386
-297223
-1445726
-826234
-1309868
-798420
531631
-429357
-1817172
-1091666
-285586
-1827563
-389068
-304008
-342884
-1651387
-458998
-1020387
262572
-1387655
597903
536529
371705
-2302265
1114270
-466508
1490990
-1761911
2562605
269249
-123998
145005
931687
-526120
1336621
-74161
1016436
600965
258127
1662693
2457039
104737
2302756
1534109
2140203
