#SpinCore Technologies, Inc.
#SF in MHz
#SW in Hz

[HEADER]
@CLASS=	RADIOPROCESSOR
@FIRMWARE= 3087
@SPINAPI= 20191127
@POINTS= 128
@SF= 21.670000
@SW= 127986.351562

[DATA]
-6458545
608622
-4226963
-594746
-4402164
-3188636
1087422
-4049125
1925453
-5724628
3128200
-2611325
3010156
-298513
4113547
1265379
1527097
1105161
781401
5277723
-1570635
3017099
-2660963
2819021
-4738074
-471871
-4250998
-1720486
-2175605
-2494407
-919997
-2568319
-708523
-3111255
3182881
-1326718
3359920
-1463196
2134061
1624543
1803557
1008805
-623044
842241
573730
1743293
-181491
2140277
-3772744
-1061293
-1831655
117791
-752965
-977123
-1272534
-1118211
-608288
-2012888
-314439
-2435637
1295477
-651014
2705241
110777
-486383
-1098940
-810043
10575
564298
1517307
110846
1732430
-979122
1179623
-2177515
63059
-1798803
-798410
1967261
1107810
-1135726
-855300
-1891415
21427
-723540
181649
951821
-1505301
412740
1306058
446075
-648534
-141842
-312422
-682402
-371735
775265
-726609
-1394269
-1181478
-580422
363607
-1429927
-1241368
-861444
-64236
117194
692924
-995806
-1737261
-822348
1493375
998309
-422382
419741
-559541
-504032
626568
1107787
-1301207
-188375
209476
-1796
655052
-802591
-908829
95462
412239
303385
192845
-1208
-579962
-1818866
-1306243
795088
86946
-270874
-1155961
-575069
13272
-1630139
-763603
-549265
1065582
-889930
402049
2172609
-660367
-2570355
-747908
-576790
499461
-169541
85991
1186008
-1359792
-1379162
394941
448176
514590
-1073724
195990
2112413
-465264
-1390791
-776902
-583461
227051
37303
-429650
1161095
-331818
174088
602080
-369723
-189133
-987171
1101618
985447
-427021
1408969
-1440155
-2227548
1867254
392667
-1127134
353702
-371245
888358
-108158
-308435
735203
-673319
-329340
427187
-158018
1101312
838817
-90568
829953
827549
598175
300182
983577
-807749
1155795
316596
729151
-692100
-1900108
-1029214
1286149
296771
1098700
888827
-347793
-326453
248200
188965
-11122
903858
1425977
136607
-192031
911250
-332321
297494
798567
823421
2009457
1405163
-428440
1017739
4727
463500
1608332
881433
948000
-134237
699973
-49725
-360202
-529859
1192918
1492552
1359981
1089394
-491005
1920803
-1172197
-36733
-273913
189354
1218867
361986
422592
