#SpinCore Technologies, Inc.
#SF in MHz
#SW in Hz

[HEADER]
@CLASS=	RADIOPROCESSOR
@FIRMWARE= 3087
@SPINAPI= 20191127
@POINTS= 128
@SF= 21.670000
@SW= 127986.351562

[DATA]
7054890
-1170667
6968260
1333439
4961908
4777246
1222627
6786289
-1590907
6931833
-3583566
3871092
-6691430
3548792
-5427007
-365235
-3762994
-2594373
-1170533
-4946175
331932
-4056212
3403556
-4236924
4333118
-1669483
4041239
-211362
5513754
4077458
2889881
3648130
-361146
3873188
-798323
3614480
-3153052
2289172
-1260182
922837
-3928013
-2543961
-2199090
-1314578
323014
-2555168
1610493
-3187619
920309
-1358804
1373754
357627
3624234
519743
167451
84615
1164719
2593715
1134552
2166403
-1580501
705581
-1774563
-1103766
-1113178
821310
-418404
-1313137
-194510
-1055456
-1035353
-2362922
-325829
-2104141
-553393
1015804
-92049
-235931
-235329
-623490
-207074
478964
880822
1409284
388339
1255143
-1122055
636537
-880167
412090
-821885
1030699
-2634637
529274
-875859
-1926959
-1100076
-177272
-777981
517859
-896428
632607
831450
-1868337
-18670
-167103
-410640
488558
-205695
888671
30065
89914
135085
772231
58388
48729
-409818
2054657
-2034245
1179142
-939524
-94991
-187274
1256340
-105287
-258232
-1069238
798908
-345900
106832
1857991
-1252232
-798937
90535
-976174
731464
758467
357013
360106
1674176
820663
1138084
-1362710
568290
145443
1529748
837549
-77496
581669
348999
-476976
465957
1004899
1120124
688407
178913
-323841
-479119
-146128
-318062
2182847
1238306
-561316
-645915
-479388
790861
900715
-178231
1759085
-214131
-322155
-167099
-994317
358139
777011
-1166699
1676907
-620554
584178
329086
1039384
917150
-759243
-854356
1593599
-1495063
1673250
543776
789945
-107890
287924
-1090662
1604092
764462
65764
-170942
6743
592856
75381
466295
676423
-1739618
-387890
753293
-821765
-265851
-650987
-313849
344154
-2211062
231209
766549
-392200
470823
-357327
439802
320673
-1462790
262203
908104
-348538
79824
974430
-382781
-379477
353922
1085584
-23901
200564
996459
-297548
-268370
-402552
-724440
167352
-1632323
616894
-449691
-310965
-446086
-893365
-554325
-254706
-1195359
1436279
-97474
-495027
-497617
-1081818
1399156
-1115584
-1107041
-218093
-1202008
-29265
-123000
