#SpinCore Technologies, Inc.
#SF in MHz
#SW in Hz

[HEADER]
@CLASS=	RADIOPROCESSOR
@FIRMWARE= 3087
@SPINAPI= 20191127
@POINTS= 128
@SF= 21.670000
@SW= 127986.351562

[DATA]
6377890
87292
5332587
4050913
3822516
3917429
587462
4939830
-1342352
7056838
-4767458
2916651
-4672708
1033491
-4316143
-2639173
-4586093
-4893389
-722671
-5021598
865157
-4298839
4404851
-2116133
5115259
348346
5109484
1114407
2291942
3054194
1221893
4968216
-774537
3419060
-2704853
2747321
-2243208
970143
-3570302
-2011916
-2061459
-1276541
-530637
-1596770
1401593
-1946309
1775942
-1749181
1558843
-1809622
-113897
1069248
707527
2812090
1062660
2195249
-285521
1408764
-883085
405110
-1721843
-1116777
-1963537
-326542
-1352648
182471
-11245
-673464
-575760
-1038377
589534
-1650860
507620
-2033287
1106509
532007
-290189
443527
790535
-37018
513213
1484769
-286487
527922
-486467
1197709
611173
1501498
-2563303
923051
-450239
862419
-658756
733925
47059
-1890655
-232623
-101076
1230529
784586
-1309696
-1028605
875023
1053779
568253
-1762117
-341019
418040
418402
1918100
-397896
407138
379238
1334293
-642954
754588
-2636601
-314749
-1718513
-221315
-713554
-488783
-1042626
-1333253
54951
-628870
670035
-1349248
-151117
-718011
1004710
31857
1200461
386968
1413581
-256612
184874
-84108
-25773
801955
-759378
1349296
338003
893066
-206429
171166
-65249
329995
574917
-819789
-1138426
767170
865236
-65352
-876695
-695481
832873
-462623
76307
389140
-649942
-563498
-1600191
-575428
1221302
769965
4673
-114433
836915
-603485
605461
-815433
-1243973
-1450988
-331573
164438
495962
94972
1566436
859738
1866360
-637345
-201579
-386557
-397697
438383
250864
794849
1108049
238491
-694967
-706491
208030
-455755
-2781828
445227
-587348
21704
208903
769658
1275023
-616301
435791
-1095919
84164
-122973
-836824
-487537
349306
953428
1113512
-873776
378369
697491
794667
-501264
-62263
-383556
32238
2373615
-606554
169034
-318380
1095484
986782
791158
-1480754
-197249
-1625205
-1463802
-274020
44327
508884
-34034
-1543852
-594290
618129
-567998
785286
-1574660
1262264
437775
239395
-1369227
906011
-171643
274720
773266
932817
131414
-1098342
-72992
325246
1338205
-1161804
1106657
