#SpinCore Technologies, Inc.
#SF in MHz
#SW in Hz

[HEADER]
@CLASS=	RADIOPROCESSOR
@FIRMWARE= 3087
@SPINAPI= 20191127
@POINTS= 128
@SF= 21.670000
@SW= 127986.351562

[DATA]
16614243
-3093398
14440732
5498528
9714422
13212911
1873043
14607362
-6122161
13413890
-11639357
9087471
-14958022
801699
-11958283
-5998199
-6839132
-11267205
-1452032
-13352205
5658565
-12159790
11228137
-6188450
12350241
191416
9703108
4232167
5489305
9423062
-98127
10698351
-4514393
8892051
-8248517
4772490
-9136337
-125717
-7187639
-3530582
-4451969
-7240954
-300107
-7476712
3702814
-6519892
5651997
-4464497
6616703
-390776
5285500
1877951
3515880
4290991
748906
4819282
-1977357
3827522
-3397983
2190520
-4438056
1274627
-2969273
-1362703
-2630109
-2440453
-273291
-2849017
365024
-4086518
1719842
-2245864
2016367
-935932
2411014
822394
1973846
477842
1946583
1331615
-1041736
1251901
-62298
1249058
199742
189978
-1524159
656434
-1295486
790813
-1501098
-928153
-707534
-1117482
114450
-946565
593763
-1293969
1326081
-827757
951467
-283623
794677
205876
878811
131571
1674730
862491
-547420
692677
502507
1458264
-562766
83786
-1023715
632556
-1224920
-34838
-796553
-1136213
513659
-285567
498297
-449054
469592
-1781068
-19646
-522126
719337
-290256
152527
-51784
261768
758194
-322760
482654
-717738
748906
-514151
390426
-207340
-156647
91961
-240869
-887508
85853
-488005
-127830
-90430
265410
773088
151602
-244280
-772263
-157956
-92233
11898
96444
731832
419879
321845
-60984
-675740
-473589
-471538
274180
-725000
356029
-464250
-317719
591899
-18926
219281
-29489
111879
-335994
230277
-45244
442825
904803
4139
40065
-92456
63478
-115989
-621057
-841934
1058271
74295
-596633
-483082
-685950
-113492
-523519
-49113
-44820
277853
-372665
366057
-130201
567903
-36158
-397416
-373221
-309833
-151303
-73994
-544344
-461067
175680
22300
50828
120331
374138
-292870
584149
-358244
-177982
-755451
-352013
283894
24820
-344134
-29026
-634711
-660669
287866
-44106
-226270
14070
93667
-162580
362104
-256827
-75319
142929
-345791
479440
863813
256256
97219
-294556
355705
-41540
-117130
-165144
-160886
583664
130151
230967
191339
323601
-550092
-398806
213341
398704
