#SpinCore Technologies, Inc.
#SF in MHz
#SW in Hz

[HEADER]
@CLASS=	RADIOPROCESSOR
@FIRMWARE= 3087
@SPINAPI= 20191127
@POINTS= 128
@SF= 21.670000
@SW= 127986.351562

[DATA]
5528182
-2202603
6765067
1297879
5836332
2648614
3352316
5409974
-776278
5821465
-4137326
5844368
-4235410
2404233
-6571857
-260072
-4891630
-2386667
-2724785
-3804569
-557078
-3743315
1652432
-4380964
3586971
-3493414
4746061
-499044
2627098
2200111
2483935
1267577
1361189
3829385
-345142
3933975
-2775878
1874616
-1202803
-1054103
-2235893
-615223
-1646462
-1840650
450621
-3784043
2060683
-1988362
1570244
-1650498
2516197
-771652
2785395
-510855
1306537
2420292
-556504
1025503
1654643
1432635
-33281
2494068
-2846957
1303049
-1636248
582673
-1394243
-973831
-654509
621690
-3251050
-3038100
-1069208
-1588094
-463960
-1618641
245597
-1324161
2345328
-1546772
116239
-1044340
-198896
1366744
2261845
105033
623248
648674
-7726
831908
-535361
329335
-92096
-504072
338278
1460365
-532758
-158916
-990142
-394072
-647374
-445452
-282998
372808
-1034083
159529
388193
-54453
225921
260443
-35166
-82984
-884154
-424135
268468
-1501853
-232987
2061522
16056
-673840
-245792
-128416
185694
374692
-59590
-428892
459210
530490
1073830
1399761
612927
445562
-255158
-1110410
456788
1073410
345096
769126
-572373
-172394
739525
-501559
-673334
-235561
-1781882
-31307
-2282357
-119899
493953
500600
-564463
-682473
-921831
-2303276
-19877
-37709
289985
1176391
148599
20129
1682383
-504827
14925
144095
787386
240845
1260329
359674
785800
1320998
1365097
201045
-1401602
-2023700
-226120
1153526
-24825
580707
380932
1085740
-484761
-448139
-550491
1456014
37806
-32766
-480338
-955170
608054
-247372
-982529
-155391
-543260
558992
-225760
-289922
-207974
-386397
84053
-143346
-465709
-469950
152261
-806954
294007
-121865
-70140
-183272
1424350
472829
-62329
978970
504287
522067
-793592
216497
33609
596166
-1537731
-656164
172263
1065500
1142556
-757924
39061
675389
-561367
202101
-1738895
174465
566905
170115
-90820
-1570432
-77931
-617896
-22396
146711
-878970
-985702
-801739
316670
1785072
746453
1196855
-55719
537283
2233518
-661775
-12963
-1717254
103129
-898885
1460276
-374582
443995
