#SpinCore Technologies, Inc.
#SF in MHz
#SW in Hz

[HEADER]
@CLASS=	RADIOPROCESSOR
@FIRMWARE= 3087
@SPINAPI= 20191127
@POINTS= 128
@SF= 21.670000
@SW= 127986.351562

[DATA]
-1039352
222971
-243624
-982409
1942249
1669629
-1357333
671516
-901552
339047
-1270046
-910425
166637
738878
-1602209
233549
149655
-359689
1334308
-1494557
-194041
1232642
-376822
1037335
705212
345611
1001405
1230331
-123624
1242445
-992478
1057552
-211753
771784
1112540
-687692
-1000350
602834
-27625
-714484
-1198358
274204
755593
-467612
1766828
1204843
151127
-1142657
224517
818988
683332
-306034
322057
1405272
644641
-291782
401210
1299961
-229138
401121
-1942373
1429947
-43848
78523
-707933
594804
848543
906038
-682750
-501978
909372
42811
240130
147370
-28831
1951579
-976282
-1755193
725849
-1705766
-1258944
-181824
-730729
-257063
-1610922
42976
1063979
255599
-222903
-1042302
-819622
-577916
-668902
-1146310
22621
-140010
525718
-1116341
1391054
-784028
-316969
-591349
613237
-258157
369257
-1135526
-1524492
-449872
502821
-597762
502586
-483404
411897
-1154010
-102178
61450
615374
-913967
866519
643939
2314674
-836463
1386422
369656
161997
-376173
87750
1372593
1574242
22572
1084068
220174
-1247401
-188759
-1013392
1264802
1136411
625890
1597614
-516663
-807348
709776
-828899
620380
1150669
1459537
610838
1101938
-720274
123949
-2003122
-1066272
-505757
782751
-514547
558189
718137
-566202
-316198
-476
-1873236
-863493
-56630
710221
-449435
642240
-488575
236837
-293359
-848449
239079
-26602
289340
675923
703176
-513858
271291
-273129
-164567
-649796
-11805
1139712
198918
-515758
-45209
-217699
603292
-145861
-746043
200137
936982
-1450908
1187783
973913
-642638
-1099236
-650368
1240053
-73015
-90353
-26278
1778266
745248
-876953
-229409
-195706
-152996
-658201
-1797769
1309352
906731
459459
-213750
-97596
-965380
-772755
993090
-192055
586375
430907
78507
-573941
-780862
-2173729
174896
-407959
-25253
105761
919481
-367352
-8929
-625551
902806
431971
-565447
-328596
373229
144913
-82847
-858838
-3326
43929
-464639
-344805
56945
168321
443956
580193
1050198
743933
-11820
-982013
436251
-841878
595370
1833547
