#SpinCore Technologies, Inc.
#SF in MHz
#SW in Hz

[HEADER]
@CLASS=	RADIOPROCESSOR
@FIRMWARE= 3087
@SPINAPI= 20191127
@POINTS= 128
@SF= 21.670000
@SW= 127986.351562

[DATA]
-1516653
1548669
-3091117
-1680556
-2423604
-2691719
-1111468
-2973993
-946215
-1980494
2472838
-351890
2828862
-224957
2122982
-500841
336026
3433850
-886964
1246953
-1259067
2038024
-2134719
-296180
-4005455
-699624
-2650650
-745568
612416
-1695459
884874
-1058914
-654567
-798998
1953147
-566209
1662376
-631097
2454823
1557924
92416
387921
-1278740
693660
-1263895
192215
439366
1387629
-1340118
-626501
-393599
-2075786
-1650881
-942878
437213
2090696
606789
-1830239
912338
-1213446
636326
-35702
-1578702
24119
294887
-169636
1194858
228369
-294839
256159
-1219182
167446
-210385
-1561052
796035
585516
-1280798
573318
-1312929
-798891
1469987
-47166
132837
-6789
-12855
-430661
-899016
-2131882
-375529
-68932
-648502
1227105
391406
-195376
-245
-981462
-70069
-165805
329580
815124
166506
689228
-160485
-689745
355232
-845787
361568
-817047
-188948
114900
1150142
-1041473
1054508
-625063
-579866
-558200
427270
42360
451382
1829223
1271485
58069
252412
488409
-498130
633882
265490
1182032
696192
123783
-805699
-799702
-517332
-535921
-616833
-350820
2000737
686057
1131130
-1299567
721477
-854236
-798366
-289079
1290945
2899431
74509
-362798
226111
840775
449765
-321366
-464688
1468763
-7896
121567
-313991
-152752
-90652
-2186533
207615
1761928
786514
-713724
364949
-905705
-591444
242995
-713584
-163019
854410
225821
578432
57423
11160
96105
-1176070
142104
1093468
-74292
-711208
322671
-61518
194034
-425725
-1277036
420989
-1147367
-3958
-1042444
-896519
-130865
657127
-82122
824703
237191
940850
-354120
-618722
1464017
1153339
876999
-823014
853971
455726
1439392
-369631
-172137
-97872
2128699
748113
45597
-589518
389235
-920800
-138879
162055
370300
-146684
174044
-415563
286836
507430
-923770
-1281046
611576
1423786
1828164
-869565
4426
739575
366168
-707035
-481020
-1534860
389816
-238603
-1911262
-814135
-106781
-304265
-1084555
-481602
124315
1210910
-1686310
725586
312163
1571377
-599520
-1650946
597986
1833864
-939976
712821
1043873
