#SpinCore Technologies, Inc.
#SF in MHz
#SW in Hz

[HEADER]
@CLASS=	RADIOPROCESSOR
@FIRMWARE= 3087
@SPINAPI= 20191127
@POINTS= 128
@SF= 21.670000
@SW= 127986.351562

[DATA]
-7469412
696166
-2855147
-1988688
-3773821
-5576573
819971
-6366487
-782115
-3441501
5075477
-2960930
3417424
-558171
5067148
772463
907490
2494703
1117768
4757683
-469259
2962671
-2318397
367280
-3182058
-1964
-1571939
-864079
14414
-3069625
569355
-3762092
1545715
-4220771
2779612
1134141
3001814
817696
1578688
1487397
1188214
960267
-283789
3775270
-2835608
2070064
-481482
592252
-3032483
-533463
-1696189
-974501
-1482820
-1549242
554178
-1598503
795511
-1171244
2324528
-902651
1735731
119117
291724
1611820
335609
1962391
624457
1561975
1012877
-1078038
-1604654
1015984
-2172423
-294275
-298578
2623120
-420067
-2306467
391798
422444
-1284660
-716908
1998705
493892
892253
-965100
198259
244704
-1404214
-648722
1752090
1248707
-419655
-197544
-1508692
-1458700
-1876430
776083
23492
-383315
384182
980878
-1152433
-1591645
-396202
-2018498
-768100
-71359
741633
1016632
7319
-1229673
-777266
-760960
531763
-777501
-544650
396988
1990330
2003404
-145919
-1792116
190228
868795
-1587365
1525901
1532490
1188269
689139
-555524
343297
-647923
-224301
320653
-327970
42979
538508
-21769
1445775
-917129
-11609
1053834
-1523183
1012317
915615
-86704
-818848
582867
-5868
90910
-1784703
230528
1155208
-741327
-1205480
-18228
1159274
-660054
-915391
1301195
60713
-105983
1520563
2244983
-69183
-1228504
881100
719476
-1080163
-916613
-40885
1325975
259554
-327365
1427023
-352197
-441972
711144
-123760
-556384
624299
432125
547246
-793195
-785333
-211655
-503716
65772
1423369
-584120
-456578
204412
-1404
-1018186
-988363
642932
1535270
-637120
1258741
998448
1289919
-1297087
-1074527
259050
-564709
771884
1278399
1148832
-1721639
-1222854
298149
-700371
-127072
468683
957693
582765
14673
-238305
-865193
-1271556
1386726
266600
-1962673
44992
966309
2378790
-793548
-1040159
-259067
768373
-710208
-897545
112637
875546
-1254199
-523759
2414344
8275
-994260
-301022
740225
1272097
-514084
-1223615
1444881
135634
186388
63838
-2207522
130685
200291
403883
1616819
1741732
1422135
183247
