#SpinCore Technologies, Inc.
#SF in MHz
#SW in Hz

[HEADER]
@CLASS=	RADIOPROCESSOR
@FIRMWARE= 3087
@SPINAPI= 20191127
@POINTS= 128
@SF= 21.670000
@SW= 127986.351562

[DATA]
-6655162
-747143
-3971550
-525181
-2775513
-3937766
-1287267
-6542817
1501708
-6230312
3706463
-2744654
5830143
-569247
4895048
1667594
2906668
2800300
-10299
4221312
-720944
4990454
-1720660
3479973
-3133173
674009
-2621486
-832045
-3651321
-2065895
-720137
-1092732
842755
-3736159
1667597
-1478396
1139680
-643026
2283796
2410990
1163323
2128981
432625
1863377
-1225731
824821
-2471477
2307338
-2696231
1168920
-2811824
-1038061
-1323191
-2273306
-2712163
-879229
192597
-872667
1932801
-1541765
1308361
-634947
372348
-483378
257207
-397123
1673191
1041455
1433568
1314194
67373
362518
-209330
-558788
-306164
1269817
-409633
2326266
-13316
-338277
-632743
-1731805
256553
543696
-2485751
906875
114166
-148975
1659710
295874
-1040472
383326
-423368
-368793
934068
-706735
-266003
1292288
-1374670
-700646
-1089912
-1055351
-2103863
-52997
-1130890
1001263
-243438
-753194
-599545
-378571
84243
-1658063
-320755
-921059
199537
-1168862
1935492
706741
1285477
292123
487976
-1992375
-90258
356968
108026
1633412
-500040
897377
613094
-327359
-303944
-444132
-410436
1494655
314983
-227151
715818
-297785
817235
-22098
-1138659
892382
-243586
2388635
-383758
1623704
1477792
1142876
-1430412
-262884
-670958
246927
-1072526
2026653
-136606
126624
-1450263
-1278206
-1069806
-941821
-798038
166515
584560
521305
-2298
-2923900
1223030
-577870
-1341371
-1174497
1250719
-571206
1358863
-2169642
1766436
760966
-326275
10653
-303851
625523
2586716
-405568
-101579
822708
-889744
70438
-366079
-244085
342283
1115715
-1615094
-27172
193281
-1345106
2043973
-474395
-708998
609677
-58843
-37787
329693
-558812
836582
-170453
-1840168
-213867
15590
-310959
566559
500454
197146
2155491
-89129
-296169
-545748
237843
-568871
-578858
-607035
2030840
744099
-388558
267838
-50268
220805
-395909
-1614482
1338273
361488
1097119
883834
-41809
-76079
384756
-1200347
578697
241156
675855
903392
-409037
211070
-602280
-840002
369253
-45705
497076
-392661
256270
846535
-828672
-560532
-94013
-1440361
-634081
56221
215916
