#SpinCore Technologies, Inc.
#SF in MHz
#SW in Hz

[HEADER]
@CLASS=	RADIOPROCESSOR
@FIRMWARE= 3087
@SPINAPI= 20191127
@POINTS= 128
@SF= 21.670000
@SW= 127986.351562

[DATA]
6648231
-426014
6913266
1571283
3712522
6301820
-61836
7651534
-2646385
5252802
-3557844
3121790
-8009994
431098
-4687668
-4240731
-3635657
-5424879
284053
-5022660
2426758
-6204981
4730194
-3028198
5359127
-628114
3580942
2967658
2414129
4501417
481507
5740287
-2973427
4800083
-3866364
956120
-3719536
-351952
-4321740
-2234189
-2577752
-3824811
1535314
-3114022
1375933
-3730055
2269023
-3699511
3708718
-1189710
2229381
1906429
2197361
2718296
1114854
2620380
216412
3105442
-3454476
1707846
-2070750
432226
-985593
777174
-1912091
-130525
-642918
-2777745
-288319
-1793405
-690028
-596151
-360629
-863120
981076
-1174796
1258402
-1020438
715913
1286141
744759
-1008869
989705
484065
1493250
802471
-1094327
764247
26924
-198881
-174846
739706
-1014498
605585
140827
-835350
491095
-498038
-702004
152595
-2390892
-185003
544466
787728
1450809
653658
977330
-1638266
354020
-786645
-457055
1439635
-398730
483412
-520275
173025
63988
-588005
-239483
155018
-416810
10674
1175887
1667079
472430
-579861
-409525
-659613
-245630
937679
613959
335245
-466900
-1635330
1004296
1499752
570033
985570
-942098
-28979
229886
-114671
-601118
327982
-456212
-376071
1044327
-610551
796326
-563862
-1183903
802773
1071954
-350123
312801
1158710
256557
982233
-591599
353541
1785668
670001
-26633
1250577
-1154188
-1391827
-2078438
205120
512689
2383583
-967144
-424876
1360670
-2582723
81128
-156298
-1726879
-153099
-665239
-648596
1791367
147507
1375255
1813229
-440402
-915523
385607
-1116282
-290820
385823
-3291872
607187
901125
-733068
2543525
160049
791335
-1250509
-2178759
-1719082
893743
744589
270698
2193309
-324025
-122509
263875
-1419817
-103273
214292
-2245753
1041619
-399703
43200
677473
1079175
-386182
718481
-1000261
-1961619
250841
356317
-298578
-229658
-1460294
-95301
2266883
-1269327
916286
-647028
-1240467
-649919
422459
-1808052
1712934
3372094
-378977
755310
697671
-1322035
2241732
-117117
-3013168
520310
-1235932
-1256552
594703
131043
948792
1381029
-568289
-1563083
-446187
-600746
-780878
-273932
