#SpinCore Technologies, Inc.
#SF in MHz
#SW in Hz

[HEADER]
@CLASS=	RADIOPROCESSOR
@FIRMWARE= 3087
@SPINAPI= 20191127
@POINTS= 128
@SF= 21.670000
@SW= 127986.351562

[DATA]
15409382
-4904153
16236014
1440942
13608436
9744437
6893349
14984448
-1272954
16459174
-7199679
11486457
-12312847
6570075
-14537407
338944
-12673300
-5699587
-6372301
-11803708
-839496
-13336873
5799423
-11272238
8951070
-6949080
12414177
-1833005
10005750
3262437
7500627
8711328
2173210
10079752
-1488027
10486445
-6712806
7288439
-8284802
3649707
-9122583
-1256251
-6135266
-3537394
-3447695
-7373270
160567
-6685334
2032982
-5607599
4885799
-2176740
6259981
-1022863
4461167
2157474
2999362
3303446
1326403
5260787
-846379
4626236
-2509077
2558359
-4162116
1023095
-3416195
614988
-2361278
-1095077
-1884619
-2935115
-939410
-3192982
315228
-1780458
1100154
-1242412
1490339
-2205600
1237393
-518476
1600072
398767
1264772
1157285
782577
633875
224350
1589950
26126
1437528
-414842
660664
-571866
222253
-1594219
-223307
-821491
-703978
-1002333
-733074
19349
-1172007
276604
-1453924
1369664
-1008620
927371
-770149
809370
89390
971075
-567240
1559632
1105016
977464
991950
-313502
755390
-58384
369669
-600950
1120114
-467185
863699
-1909745
-420575
366738
-1016614
374785
410128
329517
-870780
-209954
-713673
1213787
-358241
723625
325564
737658
1297447
235662
645467
208982
623816
-134472
654003
-678964
159739
-1140268
-54087
-1180002
446061
-320917
9422
-544955
-222860
-515308
-1035669
-383500
99775
238012
440621
-63111
-423996
-385498
-532856
-465217
-384793
288489
69088
-631744
191303
-398088
322317
144269
153329
-738110
296326
-790040
-419418
456188
-664036
546821
-473510
-1385183
194487
-424269
-1291206
442954
-110363
1072146
-59232
-191326
-234170
-503807
-627760
712087
105309
672273
172739
435683
-443617
626292
-1330814
779604
-22944
-73289
769190
-549985
-813745
811835
-377335
405344
117333
-345727
709989
-199008
-99550
526906
-970540
-13940
826726
-421723
953134
-312082
-115654
1306914
-57631
-6215
787828
-58441
-16986
-969469
-182424
368023
184672
-605203
727185
574198
-403503
-102902
-812946
199897
861808
-83820
547161
9033
-499130
967868
-306106
115551
234350
-814430
566082
