#SpinCore Technologies, Inc.
#SF in MHz
#SW in Hz

[HEADER]
@CLASS=	RADIOPROCESSOR
@FIRMWARE= 3087
@SPINAPI= 20191127
@POINTS= 128
@SF= 21.670000
@SW= 127986.351562

[DATA]
867899
1806705
311021
354598
-808119
2879682
-778907
140456
-88939
533940
-2315863
1856082
567967
644940
-1415986
-3080044
-1054179
-276900
-533267
160951
143514
-406707
-424957
-2762280
-471648
-325693
-807337
-260536
-1915658
-695439
-298924
-1357163
-383135
881996
152786
498471
-1690119
-1606978
165841
-1267841
978739
-1844745
-498460
-942610
-658674
-1728717
871119
-1796489
314040
-1095416
-350377
1567197
-1957908
-1499005
-272006
-230966
1753379
-249880
-2172562
-313297
-1183378
-1419064
2435072
-1552264
307292
-331073
-393953
-50983
-547474
-741172
-419816
-1749662
1799771
927794
169427
-327434
-1459204
-318403
-553100
-1562006
729488
-1263790
-328885
779227
86354
-992335
-80062
-1323857
1210827
1128512
44288
11954
-1153808
294056
720170
-583502
656743
1063364
-1408001
314989
663400
-755267
-351886
-763676
940844
342631
50446
160434
510585
-1757211
303929
-818788
1387715
364138
-447392
-468583
974586
-1123133
576863
-1305135
-583076
78883
251988
551249
-53048
-1752282
209399
-408360
1588476
1680121
25421
-415975
-1243946
81495
1012070
-241369
451392
117446
-1111425
575706
999363
-1491233
-362525
-444933
302422
-690784
-412119
-512132
383134
-726478
707267
615793
-936864
-442079
-1768944
-539114
1566303
-605497
-918020
840897
242132
1287736
-393735
89376
708977
-1492945
749515
1820240
-64620
-479660
-1080551
138493
1008345
1180431
958746
977813
-1031255
613651
-946261
-234094
468841
-418431
596829
634004
-615496
-666509
-823569
-1099336
1435268
1511946
1302557
146618
-41438
728190
-231818
1053464
310855
1084924
-283591
1955661
-744189
1151818
-1492016
-1535173
188275
919600
231082
84566
510995
557180
-828052
-90097
127836
1448395
-630973
536320
-897042
485810
-1602557
-1210963
-426069
588557
-107701
854461
-308890
470782
-2886880
-800478
-694472
1886205
333267
152938
-1202342
465298
-531028
-1037956
-1118765
276960
1059363
423831
158199
1960854
-1713411
-1192040
-31477
942164
-195325
285356
-1871038
973860
363874
-670395
392285
-8700
-182758
1193945
