#SpinCore Technologies, Inc.
#SF in MHz
#SW in Hz

[HEADER]
@CLASS=	RADIOPROCESSOR
@FIRMWARE= 3087
@SPINAPI= 20191127
@POINTS= 128
@SF= 21.670000
@SW= 127986.351562

[DATA]
18189736
1228930
14335571
10295651
7333852
16951580
-3360469
16692386
-10898939
12623912
-15476692
4135857
-15510705
-4548149
-11163997
-11312856
-2048125
-15349946
5693352
-13276907
12568285
-8501259
13656718
-1785168
11635525
5518861
6382003
10966905
-1017752
13085364
-6488335
9455608
-10565785
5241768
-10439712
-1646642
-8496302
-6083687
-2759410
-9016618
2266788
-9114298
6055509
-6121170
8242530
-2572910
7381200
2798046
5086792
5032747
1115016
6298042
-2084700
5658233
-4300848
3718242
-5308120
1319045
-4782107
-1390760
-2785678
-3944874
-635305
-3750578
1144057
-3308365
2629962
-2416989
3057008
-1108849
3115320
690295
2091228
1695306
968909
1671714
-873211
2257606
-935881
1264291
-2653819
1133429
-1995727
52198
-1458805
-335006
-1046217
-1310391
-410111
-1841415
-90562
-1670473
607975
-884493
2064410
-853233
1476204
496797
1038257
202766
1029771
802567
-1083776
2832462
-1194070
491001
-948421
676744
-1219373
-240813
-736381
-620043
-149229
-1060069
-853662
-588958
329043
-107143
359070
-655202
1146907
-645129
494858
216625
675733
978653
128263
1343412
-195368
497207
-1264838
327918
-1069895
638641
-1445592
-174760
-618563
-282262
50101
-421927
-98096
-68731
130078
-195227
1195757
-536501
1190756
510439
456502
569355
257910
374654
56528
386808
-1013298
667018
592193
-20258
-70848
-17004
-97019
-1194495
-129938
-255492
-446985
134413
439742
-374243
705696
-295255
-474612
-656599
218087
-137800
-690176
-144075
-523346
12839
199832
872809
-538074
-356544
486086
-892442
-585220
193404
16716
-628867
90906
361984
509546
314545
-488495
-85857
432609
92050
290145
-868319
-85719
1002302
-373699
152755
1113445
-350164
396871
346874
-792829
-318979
809029
208911
-721156
703721
44671
-670422
613642
-474646
-381557
-70861
-134582
-721203
625085
-217725
-616792
-66784
149547
-8985
345275
309529
362994
-351025
-512099
-35209
215377
-329281
-1044127
654995
377008
-85818
209756
-178645
-57962
777444
-147008
-858214
-60876
675143
-375723
178314
-453728
521972
-46713
13985
142787
-243293
-677736
-63132
