#SpinCore Technologies, Inc.
#SF in MHz
#SW in Hz

[HEADER]
@CLASS=	RADIOPROCESSOR
@FIRMWARE= 3087
@SPINAPI= 20191127
@POINTS= 128
@SF= 21.670000
@SW= 127986.351562

[DATA]
5622871
-526686
8969422
3289736
4157899
4567754
942734
5590465
-1638887
6019840
-3601643
3319978
-5698783
747185
-5403373
-3061408
-3095336
-3841407
117334
-4211423
2664484
-3695504
3198252
-3749440
4655786
-20733
4681872
3007600
2125774
3394391
-21626
4993940
-2345860
2912528
-3384081
2534589
-2523156
1028425
-3251413
-1937498
-1948911
-2050634
9837
-2663472
1067634
-2620586
753578
-1707715
2231989
-274828
1927779
-283554
1281044
373874
-139490
1651840
-10827
762930
-466028
2156279
-474019
98226
-719696
-898728
-475529
-856498
-570480
202796
668304
-53338
478759
-1549857
1679556
-511368
1303834
989263
1397948
1329701
-135651
93573
473398
483797
-1037228
737036
652385
1451724
-1419270
-642123
-84855
-808569
-1093322
-864481
1402653
526245
-690478
-1408067
1466156
-1451592
-682452
-439933
2709943
277704
223838
736078
1102864
-1123033
492298
-34518
1813130
1526064
402653
143243
399241
-757845
717945
-1316952
542367
528462
-52634
823864
1385589
-183263
-791501
-1898787
944773
-506963
-543147
1127178
775847
-808529
-162808
233995
1398780
442161
219277
1691110
-52731
-371080
-179774
1295571
914189
-120970
-655936
-745513
875786
-167289
808477
1353829
-152347
-470083
505117
-1028374
-718245
-942819
-462588
-61353
-177973
696501
-49802
1116694
23753
-721267
-189790
377311
540571
556366
-1515315
449251
-355149
-697302
218201
479549
1349526
2060298
-1362486
-41226
621379
-1157747
-496549
-92503
1286201
1496263
-1518514
158754
821775
-1411425
786575
135741
599118
1304907
-896655
-484332
464301
-1155362
1466829
73803
521514
1334555
-464854
1162429
22851
374983
-260018
407983
-182155
1420634
-1537804
517178
-464560
-1421756
-163861
555955
832894
-348925
201353
29941
-773382
-1686172
-132274
523764
-172260
1107081
126433
-36501
217923
-244598
190024
1055130
-107264
-266704
-1122745
1310251
-223696
-2228647
445015
-335621
-1114897
-209785
-330909
-223178
856682
-4709
270114
-767436
-503312
-34861
-543622
1076768
-364146
1147865
-1430833
-751085
-526627
302168
-1110362
374549
