#SpinCore Technologies, Inc.
#SF in MHz
#SW in Hz

[HEADER]
@CLASS=	RADIOPROCESSOR
@FIRMWARE= 3087
@SPINAPI= 20191127
@POINTS= 128
@SF= 21.670000
@SW= 127986.351562

[DATA]
-4802624
2686856
-5089801
-2413623
-2271691
-2043861
892420
-4090692
2770419
-3633838
3142753
-1754556
6108604
1183737
2983311
1530698
1906525
2616569
169268
4117558
-2610684
2700055
-2716130
1665454
-5939029
-167182
-2541503
-1224450
-2331201
-2552113
427173
-2852061
699804
-1703714
1780900
-2311113
2971936
474794
1082598
1894558
1429010
1621883
-1157939
2951293
-686887
1910399
-703783
1335458
-2522723
-938484
-582129
767326
-533393
-218185
-1191754
-653061
3018853
-828983
1626211
-1735913
1205349
-636485
-559885
1079418
397612
-104379
40645
1088765
-1400045
872728
-1021859
796858
-501366
-1332135
-997343
-1151365
-580424
788714
970799
-949955
-469296
-859756
464216
-1848229
-760925
483471
367924
-471904
-604881
-404043
-130795
-540602
-425547
1205115
428140
-61487
987420
143711
-285595
871048
-1338792
209885
78037
-472298
-240491
-1248723
135968
941634
443309
-204657
957172
1999645
-73848
-818829
1158544
-425161
405821
821621
2642985
982660
-1395578
1325916
730237
-531369
-1054565
127785
1328109
-1551058
-118594
431740
-1302684
-1416894
464321
-920736
-817447
-1351935
231102
-567074
-801182
-50366
315235
-504229
-483772
-54139
-199522
127590
431270
-197951
30814
864919
-2454014
401722
-484966
-171003
-1548155
1580682
-2068205
40694
580904
1684583
233534
-447164
217611
-287094
880736
-595006
1213970
1743520
-889138
-308914
287420
-302998
-254529
580292
903491
-1018609
-256530
738593
156549
-1306135
-611545
974899
1288823
-235604
887121
-864147
-305977
37660
1094447
-41305
-955678
-293081
1166540
851763
637180
272680
1332638
-268440
340219
-187934
-328523
-646904
1347572
-61154
483286
271201
-993981
-406873
-400702
-1354729
1515479
164470
-226786
-628636
12787
-525134
317170
-651979
-652376
255314
-692460
-239255
693822
446842
255688
390846
-49881
-171763
-963002
785584
-797542
-730298
-1026276
1423067
-870043
601860
177682
1560215
635277
652096
-1352751
454938
-349624
1009126
367996
543283
259800
-62702
516777
-250465
1412869
1870746
-144066
22066
-360379
682592
