#SpinCore Technologies, Inc.
#SF in MHz
#SW in Hz

[HEADER]
@CLASS=	RADIOPROCESSOR
@FIRMWARE= 3087
@SPINAPI= 20191127
@POINTS= 128
@SF= 21.670000
@SW= 127986.351562

[DATA]
-5228176
-52199
-6893430
-1956001
-4220350
-4493714
-721094
-6117859
1447300
-4888897
3658967
-2623510
4302751
-496190
3337895
361713
2619927
5187095
510636
6333094
-2032630
4338338
-3725697
2083010
-4122769
2575069
-3611508
-1237166
-2163707
-2802812
-699299
-1793625
1309800
-2768307
2759979
-1530397
4198236
-125096
2253648
1167288
2325517
3103436
1523968
2634516
-363744
1145367
-1116796
1063860
-1838562
306897
-1988976
-215104
-1697745
-1175079
-463985
-780388
375486
-2226747
-387687
-2675593
266574
-27692
1546995
-827207
419293
-48189
-84092
-326687
412870
801107
-285831
859559
-1397046
-205759
-1390609
754209
772625
-604215
-1389819
151652
-1099972
-1434871
-1406494
-86267
-548995
-353137
246160
-1422553
-1530927
-165455
692220
242049
2596
-769847
-1457471
966487
458795
1960968
1005643
265416
1257192
1171660
-975449
282762
76321
1059220
-353702
-1952512
740796
407901
-801357
-210753
1339781
105318
416006
239402
-514755
-190858
1706671
2131838
253897
-1333994
622418
186147
1402566
738536
1165622
-46852
-1261894
-157200
-797762
-1496745
8433
843268
25276
-1136598
181794
-338169
-811303
-1575885
817156
-780132
41286
67203
-491755
232888
-2036127
78378
187765
-1252768
-1008013
-1041915
-481853
-74161
-208106
502920
72628
1106273
-1548679
-124415
-880908
697568
170502
-76977
20792
-577688
-345812
927133
11579
1907846
236410
606454
-896115
871474
1834578
-1122446
-232149
860904
-645552
-251736
506677
1276240
291599
-1695301
1099589
-183506
331262
151584
107014
-536579
-989862
835587
-365553
-591823
661940
-1526071
-47784
-1946027
-1200490
2427858
-516910
691935
463757
-330926
336449
-141013
440785
332953
1462498
-164862
-397573
1091140
-96887
258201
350975
560374
977790
-996453
-206450
480997
112283
-731206
-1675385
259676
1448612
152751
-715637
-977862
-289223
-535721
718295
-344354
603820
-1564243
-726681
-7386
-226072
770494
-362508
-966764
-1089803
-135605
115492
-369402
130010
935214
-658037
1005417
1780781
180360
-109622
627290
-342534
89374
-582048
933614
