#SpinCore Technologies, Inc.
#SF in MHz
#SW in Hz

[HEADER]
@CLASS=	RADIOPROCESSOR
@FIRMWARE= 3087
@SPINAPI= 20191127
@POINTS= 128
@SF= 21.670000
@SW= 127986.351562

[DATA]
3147392
949926
333765
404401
-456337
691043
2153952
2245067
-117156
1307564
-907718
342754
-1549623
1142358
-895707
-591484
819103
-1481756
-1422809
419736
130833
-1031848
821121
-1655817
1490365
-2479432
2018176
340057
907290
1474729
896140
27504
-240289
-1539230
-76542
2483736
153321
346450
-1192461
134269
-1687144
-1116892
277074
-258748
882754
-1807958
508193
-227315
-1760146
-1051215
1393818
343383
980635
-1455634
1578628
-437605
-2004489
424699
1218052
1013781
-630048
196867
-204049
-2167066
-1380764
2026884
-873639
-805336
898896
-29794
-869226
-2313045
306127
2514754
-437318
649241
1325987
-771684
-1406504
179734
1175825
954830
-638695
978310
808742
-1779402
-1634142
341210
915846
1276731
457361
1373048
-163710
-1791173
-1907555
1388833
620131
-132774
2111103
-886973
308216
-1027887
1190888
754175
159093
-237856
1220562
-1684937
288120
302215
1173145
785433
1251811
399996
282324
625285
452746
194981
1158462
-1798669
1594761
-442486
424761
-132672
-770861
1208440
161192
-321260
1374664
-1587549
-678981
1885177
-74544
535140
-861542
-849176
-78713
-1322360
163992
1301754
933628
485916
-967543
-810075
368214
-1588323
-680029
359553
-856008
-1007815
-336259
1352470
-787196
-859891
615976
1407213
-1980751
795578
-78525
1399108
-1510318
1026200
-1153306
-1728952
414739
-57784
1973983
814937
-795762
915148
-187852
568654
363407
1813027
2195788
-1610509
-88051
1489743
199379
921127
1286333
397965
-1026054
-1214426
-232289
1550219
1129864
379252
-754435
-262118
274503
-829135
1613308
1396913
1515483
-1558113
235568
422437
-454297
173064
2063946
-984374
600414
139235
-164186
1155799
-1130215
-654198
-830890
-1612063
-525396
-293575
45983
-1161080
-925130
-316912
-638179
-1645258
-911394
-547618
838122
-200918
-469370
512620
-2325586
1287612
236066
-1152491
-296082
-604315
-112340
267374
161909
1362158
-1387467
833626
-11823
141027
-457438
-217435
1565610
1260346
1040620
1683359
-491620
-375214
337572
345977
755606
-1112367
246906
335344
432160
312191
182722
-240079
