#SpinCore Technologies, Inc.
#SF in MHz
#SW in Hz

[HEADER]
@CLASS=	RADIOPROCESSOR
@FIRMWARE= 3087
@SPINAPI= 20191127
@POINTS= 128
@SF= 21.670000
@SW= 127986.351562

[DATA]
16828063
-1242675
15827714
8135316
9287946
15079690
1206517
17129155
-7956984
14194408
-13785662
7058284
-15989074
-545944
-13103542
-8784063
-6319737
-13193876
1486907
-14773365
7880101
-11743854
12807802
-4322067
12573419
1591540
10449924
8395059
5087655
11071949
-1773154
11252761
-7151827
7925123
-10614346
3866813
-9451575
-1380232
-6691515
-6083366
-2522975
-8192955
979660
-8320957
5172626
-5915937
7441909
-2036371
7322913
1569874
4607562
3351494
2233633
5997467
-1070627
5478280
-3270847
4387365
-4662829
1310604
-4193469
-757106
-4456728
-2471235
-1077465
-2837268
793692
-3976251
2113508
-2431569
2790267
-2164155
2346747
695427
3000525
1662255
1565905
1935673
1130517
2412252
-584459
1916720
-644834
1291557
-2083307
1612943
-1458130
845707
-1427945
-993411
-1164324
-741989
-731309
-1022103
474953
-680876
908543
-1567645
1658577
56489
1365623
-1265828
993819
1262825
1337818
996546
-740952
1553746
311483
1025105
-867090
100689
-266628
326825
-942427
-403063
-315710
-463098
-92912
-1035249
644422
-789023
936892
-1456918
435443
412068
1210963
1180107
1456683
577755
161931
766516
-171927
1317590
-712560
1223779
-979459
501031
-326843
-367165
-1026156
-568226
-987161
-1272023
-446203
-212380
1108787
-395633
-470911
-896012
656366
-196322
750146
138456
1452818
461692
477277
-157744
467664
-463471
-476431
24300
-348452
639594
184867
-930527
-63773
1136455
-175336
-2205
259186
-110760
383588
-498447
-54604
473330
1018011
539264
33775
169512
779773
183040
-728618
-262457
-569067
549333
451108
167243
13973
18571
-750884
-321385
-629677
-372464
-53487
380844
802962
-267908
-236239
56639
600672
169641
-76061
-288528
-114094
618907
352372
-431854
689299
-485214
933461
-319934
-389302
625652
-318610
-350273
447879
599255
175704
163201
-263327
-628425
468963
70106
-110435
-142779
-596341
-28821
811311
-115651
352341
-155875
-178006
-99732
-1006020
-851448
670927
402798
-115383
505242
177109
-1130342
264654
-234821
-139121
232605
219185
91897
1040422
143205
313699
56455
-260674
215292
476211
98429
