#SpinCore Technologies, Inc.
#SF in MHz
#SW in Hz

[HEADER]
@CLASS=	RADIOPROCESSOR
@FIRMWARE= 3087
@SPINAPI= 20191127
@POINTS= 128
@SF= 21.670000
@SW= 127986.351562

[DATA]
-127030
599813
1143873
-92056
2041132
34015
177829
473881
-746553
275004
291324
985531
377435
855203
-1304674
443902
-54934
378940
-90065
-667966
-1619898
492196
-1431332
153916
71759
-275414
1477211
-766552
-1118621
-714891
-52268
-525309
1239133
136189
1256021
-301906
428227
-1963028
821118
758222
-512328
-566246
226693
664667
1138635
478196
-397643
925686
79351
683533
-606224
-1420871
246394
2169195
-678881
219130
602744
541880
844982
-1500197
-1047287
-290034
56660
-1390068
33864
1081458
1361030
-50710
753863
-948888
173882
-1494919
-832977
-301759
428277
418028
207142
-979166
999685
-784636
-276987
-907946
-1045785
-366931
-74713
-190019
1486711
1568799
1118876
-60621
-793443
588730
1529739
367294
-823053
535155
447992
1556980
223711
-193688
231643
1918583
-1030967
-119055
-438108
-906493
208185
956656
-726387
650429
700745
-657724
913199
-1910680
-705398
1197442
515700
-788002
1191876
592656
1064819
49260
33995
-637292
1540319
57058
761555
279602
-158445
674504
-70380
883606
-865254
499074
-430329
351157
-1738599
920718
-642213
-394933
-138390
-44932
-328217
-953884
-564741
-1231894
-719904
392694
653829
444805
357408
267962
1207487
-452491
-97234
-1080557
356246
-282424
682489
425695
1333587
1523227
635135
-947049
-730471
-924799
1309158
47752
-1494205
1010575
1652382
56205
-841061
-477256
-55471
360109
-1868371
-752126
624969
1845823
-970955
-1081572
-996954
161919
-251291
-787194
-281213
125071
-571798
699417
-24043
600833
484085
-31429
496757
-566985
985723
748228
597890
-364283
464235
151425
1522203
-42582
-867712
-16904
1268740
8129
-1298409
-51753
-994272
787939
-155752
-172753
-338995
68680
558253
112940
-2807367
-72217
2204
-31508
-227546
-332534
355616
-1389117
720071
-1765092
-1051793
61741
-902052
-1568445
896545
847670
1253626
533870
-290503
-196017
-424667
148765
1109699
337300
1254523
950541
360700
-257017
781797
-76673
-763649
688088
-1087788
119766
-412797
1240422
84373
465523
