#SpinCore Technologies, Inc.
#SF in MHz
#SW in Hz

[HEADER]
@CLASS=	RADIOPROCESSOR
@FIRMWARE= 3087
@SPINAPI= 20191127
@POINTS= 128
@SF= 21.670000
@SW= 127986.351562

[DATA]
4485772
700270
2648098
1379365
2878812
1898963
709969
1406638
-3372830
3958164
-2797627
1435568
-3389572
-1139079
-1085466
-285739
-1009432
-2310605
89390
-5015461
2201750
-900016
4226171
198940
2095801
1817002
3200598
800666
-375498
2739595
-2136244
2102691
-1993130
2033268
-1499508
-301636
-1948987
125195
-56222
-2274568
-2466255
-3390374
819280
583266
1328500
-772030
1221949
49653
3230674
-319212
1599137
1318159
-1005764
922986
661493
540015
1068199
-794731
-1449816
635575
-628248
-401489
326325
-240515
438555
1109601
-368059
-2494307
-106391
-510417
432157
1172175
-629288
1170653
104104
495778
1329620
1099393
-1938295
810026
-1587804
1799836
-125316
-816489
-241848
418875
-1397362
284029
-1297794
-1578643
276109
1141612
-1411423
1081333
550459
-1084528
368882
-1782059
281062
-400310
-394292
-1483745
1052032
1605398
1821902
-1073179
1529123
-586009
-2160270
-789700
922306
601291
136588
894969
1120807
346631
-318374
-2334004
-810144
-144945
554952
1199196
-204192
223385
851912
-446174
208531
333397
-1165564
-73855
-1048073
1570046
1303247
1108996
-1128838
-3007
-741822
403143
-133764
-788880
-1594416
1539745
400432
-468941
50192
-1365935
319041
-1596794
-985506
683446
1446848
294454
214644
483377
1927082
-149798
-1549712
-883526
-360334
661531
186648
-35451
-556044
205868
-919021
-131844
-436398
-269533
-507888
-635277
381194
2437617
469881
440120
-435149
150218
1616176
-2367
-433108
237326
-852211
-208434
151691
129363
-192154
-1303845
-739145
-37294
-1405912
-1735691
-21286
1044273
1876320
-1374797
1985579
-848385
-610673
-2501025
-323478
1540912
309910
-1565404
-118233
1506435
598504
-916049
-1767069
-643827
-5744
17424
771105
1864980
-1263964
424632
112469
-529975
375476
208275
-515585
1020611
-397097
1324821
-64057
-905269
-280516
-838981
-202736
-678896
-1384044
260410
1343557
1165363
-116213
-1471657
-390145
-204859
-293874
31840
217397
350714
-282793
-514281
794678
-411892
78739
-1315440
291484
-876911
883433
-995719
-475457
-982271
-475389
-844322
743954
-525756
