#SpinCore Technologies, Inc.
#SF in MHz
#SW in Hz

[HEADER]
@CLASS=	RADIOPROCESSOR
@FIRMWARE= 3087
@SPINAPI= 20191127
@POINTS= 128
@SF= 21.670000
@SW= 127986.351562

[DATA]
-4895237
1153093
-5860587
-3192601
-2864836
-5819671
309802
-4621545
2857140
-2798382
4370090
-2575523
5065990
1161521
5287000
4444236
-1436145
3375580
-2567385
4398805
-1929005
2270712
-5046400
1863679
-3301197
-1916059
-2334352
-4408015
-646703
-3835803
-402550
-4935456
3994508
-1954936
3318667
123577
4293848
2436362
3159554
2055107
-390197
3792604
-3131044
1957097
-2936131
1959657
-1822754
965541
-885406
-1235221
-965467
-2825767
351367
-2403859
-728903
-452586
-410870
-2196295
2735215
879100
3554010
1863256
643780
-264083
483149
-487152
-384465
1094774
-2560912
1654140
-496755
-1060919
-400254
-117463
-2546599
-641862
-1591217
-1757968
-665930
268591
1300744
-179256
67030
-1034309
379054
-670115
-1561217
-182392
-58098
22661
599566
226766
1658937
776509
-988981
-1499719
-285621
-1455715
-2070469
1066764
-974504
329281
1522027
-21935
-416741
30466
433869
-2460436
-109944
-1620380
336426
926567
-121868
1833858
2323945
265764
809024
-948685
-1099187
94845
-1147104
-162033
772810
297096
-556236
1057644
33566
-678755
394195
-992017
-1124744
143480
-1463015
-1103781
778567
1267175
278314
2293069
698503
-320590
627389
-2016411
285430
878318
-1628682
286641
1916213
-1393540
2100096
864246
-838449
-167469
-264228
-1971934
2243086
346475
26162
-35234
828952
15840
1723242
866154
-550619
2222786
916631
32795
144081
832059
-363893
1156071
-2887358
-250384
918500
708647
849270
873632
-541019
-410608
606996
-1997853
-223333
-377750
799552
792970
312662
-1157709
2038544
-883450
-267134
-277995
-66539
1233182
-640993
647256
262667
2761482
-961766
324842
-744055
-350994
-172160
438529
-2092574
-1034701
-237519
-260300
656257
-804883
248542
-1315030
511274
-3195375
-462647
-196630
265212
1451219
823551
-451286
2623926
1718815
888105
294980
-1618726
208209
-382532
39097
-1144208
2429966
-1133420
464762
-1124720
-893995
-290134
272979
-1349927
-1203139
-849179
-29149
1841392
-433872
513700
298620
1072944
-1240576
1333332
-1023442
723696
-785788
1233331
59613
1271865
315527
-655911
329987
747053
-711149
