#SpinCore Technologies, Inc.
#SF in MHz
#SW in Hz

[HEADER]
@CLASS=	RADIOPROCESSOR
@FIRMWARE= 3087
@SPINAPI= 20191127
@POINTS= 128
@SF= 21.670000
@SW= 127986.351562

[DATA]
-1377779
52948
160337
620807
288340
342878
-951985
835551
-1054202
-114397
-1067269
759821
1576117
-1561225
-931105
682252
-530640
-2653686
330157
-1052315
-271391
-1507815
-691501
-1056253
1780563
-1011604
1023096
406383
-631673
-10415
-808
-183437
1476960
-119976
426882
1200471
-526443
102240
72322
-108329
1600690
708482
1046786
302043
-116499
1596430
83847
-1771872
1257541
1415624
504342
727055
91771
1155249
-290018
-606875
438740
35962
-580683
550788
-997343
506604
-724832
-631135
978276
-1427350
-1447337
432428
-195402
-1747888
524317
-136802
916613
-690697
-905671
-358726
-572693
-41756
1141206
-279748
1362014
408702
-514499
-1081595
-672662
-289557
207716
503239
996608
1427495
-639918
-970520
784809
-1789364
-1043524
115284
865821
-55308
211574
-788057
-1007610
45012
-1998038
984278
-37403
-1647223
-194540
-415054
-230024
-176549
523515
19817
330067
998891
195154
52954
-1382260
-1990844
640178
-459274
353750
620375
16315
743524
-383448
-1575223
93367
-186002
-59555
2412877
-83214
-876784
334884
359955
-33592
21432
516095
-242680
-1136808
785803
1124541
-1362434
463956
934333
461898
-180166
-301019
1563292
1147445
-1396800
1553141
775121
-21693
-758799
-854027
836459
-515711
502002
1208894
417304
-1330007
-178388
344208
549276
-1075210
-853914
394859
142135
631416
84446
-1404316
-477765
-444057
-1052715
-110731
1170392
689745
-279820
-1143063
714058
702496
-1649400
741601
1389927
739084
-312964
156747
-474808
1541713
-1427712
-1369556
-120175
-386182
391582
-968845
158173
2367849
-1217312
-674566
-1021127
-943249
449561
324021
-1032182
1305315
1754690
386233
82841
-670710
-389926
-949801
-2155836
-835365
1642757
-274432
-128163
-76367
302510
278633
-1145949
-840387
637503
-220291
247442
953762
-490091
177423
-1098960
-1846479
776990
-920722
-54158
1331191
-146145
2042892
-420083
-2471405
-778398
-545067
244637
533978
89409
291391
408442
-1096580
-1457828
-950623
-131206
-436524
-450964
1348267
86762
-123049
-81363
-424571
-1639044
