#SpinCore Technologies, Inc.
#SF in MHz
#SW in Hz

[HEADER]
@CLASS=	RADIOPROCESSOR
@FIRMWARE= 3087
@SPINAPI= 20191127
@POINTS= 128
@SF= 21.670000
@SW= 127986.351562

[DATA]
5241867
-1591680
6601633
2545454
2923951
5552352
1009553
6265778
-3795687
4973267
-3556250
3141134
-5172689
662528
-6001849
-3153848
-3171577
-4101422
505244
-4825114
3168195
-4551501
3840380
-1027448
4371911
695546
3631611
4283213
725219
3727278
-484408
4805391
-2345973
2952746
-4311792
2294820
-3688492
-1920947
-2484486
-3997315
210589
-3774072
605537
-3417200
2791483
-2632109
2518519
-1882370
2058593
41402
2289047
987353
299438
1837210
-654245
2326137
-810215
1668870
-1586284
-812267
-1993548
232008
-1474499
415192
-144506
-840314
52044
-923407
460255
-1955296
393061
-534306
-222981
-82141
145438
927118
1044677
1067966
70103
1424710
-796653
995458
-609337
1092039
-59487
448653
-458388
-364656
-484630
-112157
-618791
-637615
-174044
-905813
-330888
-1155335
246290
-360092
20438
-638366
971822
1382820
963114
-2082448
-440951
79614
805861
501287
-343028
1638893
899147
119314
254089
120667
-634391
84253
-617315
-860462
1663893
1468900
-1213093
118774
238685
-950298
164279
-857585
457474
2272096
43612
503125
2543552
-276056
-24526
847822
-1940015
973243
-245789
-460756
595204
821105
-64225
1640912
-1420324
49150
29188
-543254
90974
-297161
-326950
-812783
904501
-369116
658208
137965
-1743342
1209275
-983312
-747964
335402
-178446
942692
242645
-293180
472941
663033
-1412704
-656508
70917
946730
541123
-379222
418917
2081739
492436
-1530255
-61497
1580100
-321046
266176
-941529
1335482
1708578
-408462
-484325
-419465
-711374
-580720
-410023
-521729
843602
-463814
451174
-375541
-821876
404043
-463687
-286274
-513241
-968537
-488339
1261485
150054
1891310
422676
-1552590
-1270439
-1039535
-852222
-141792
638349
1672669
819415
229271
-1007349
220910
-889444
-157811
-116115
-1020400
1518974
744354
260025
679187
-679543
-1053124
427763
-1900635
1664727
627403
172596
312585
1753207
1455763
-1004543
-2360236
-1217442
582045
-888063
-845719
779011
87207
861851
-1248612
-1192328
-193018
-76537
-911175
831507
104690
1365516
1706259
-1052898
-475199
-815785
-870772
671124
