#SpinCore Technologies, Inc.
#SF in MHz
#SW in Hz

[HEADER]
@CLASS=	RADIOPROCESSOR
@FIRMWARE= 3087
@SPINAPI= 20191127
@POINTS= 128
@SF= 21.670000
@SW= 127986.351562

[DATA]
6291771
-2091299
6391455
1896702
3796393
4841051
-428911
4613091
-2266352
3421716
-4548536
1280048
-5746899
-103342
-5195968
-2975371
-1640067
-3607327
668662
-5484627
2164631
-2347161
4621090
-2501739
5817203
1216251
3586997
2309184
2444216
2925962
-937241
1336527
-490982
2215481
-3841609
1629291
-3821884
-447230
-1858915
-2739908
-1128549
-1172563
373570
-1658398
-247145
-2127942
2181524
-2312688
1880640
809526
1025051
1816150
-418138
228150
102963
424341
-1939575
979958
-1581023
-658432
-1734509
-730594
-893578
-835948
-2344940
-45531
-1326087
-1691943
70360
-921823
1224646
-827595
-1315344
997425
-1308916
438887
-545909
1885294
-105124
1166001
-1221373
1856942
-1196436
1265296
-523362
328524
-899271
143380
-1004793
1339723
163068
506690
1464159
208348
209952
1153369
-714470
-193289
1837565
-581727
2190833
-575175
943148
2540130
-276753
58174
1480216
709632
1377268
-444501
1095507
1837494
-886976
-75071
1505621
130382
709066
493815
-252603
-17344
-1113992
-675822
1431899
-1740089
-10679
117014
-10542
-1942920
-400745
423315
1201830
-2304815
759924
117470
-2120957
-983207
241524
-1231889
267256
-1746591
829172
-742562
-1613314
1076277
71059
-931817
-601173
-1335297
-1548763
-758131
-1122361
-759926
-144542
-1049298
-2240352
763610
-1838630
412379
-1474100
720014
64359
-1171096
-1368838
-1145783
-1838653
243901
348539
-168789
567104
-1342435
-881153
1010665
-1886493
426447
914107
247231
989664
988579
-707708
1746637
-1275537
2469967
312543
1009517
1669723
1630229
303191
1024901
209064
350944
956612
-597886
714696
-681408
-804423
886759
931716
529734
928000
136897
1309534
-25865
-1497448
974556
1730228
-1118596
841321
-303003
-356163
-784766
386404
339199
1133447
-2170406
1455421
-442810
-740862
44378
962717
-581963
1218058
-2198785
1341896
-1083112
-1456927
1312812
387660
-682229
-554289
-1954278
-43065
-1377577
-1856490
1615170
-642812
-1938597
-193176
-62374
-1152405
-675955
-768139
1454774
-353538
-2038635
620639
-86573
-1537524
-973418
-317504
2269881
-1042284
-794164
644571
83902
-2694400
1236273
