#SpinCore Technologies, Inc.
#SF in MHz
#SW in Hz

[HEADER]
@CLASS=	RADIOPROCESSOR
@FIRMWARE= 3087
@SPINAPI= 20191127
@POINTS= 128
@SF= 21.670000
@SW= 127986.351562

[DATA]
5980700
-2074996
5751023
2690286
3128154
3575392
250676
5684919
-2381526
5623336
-3973073
2913003
-4918335
-1307796
-4657298
-1890403
-3060565
-4659008
-1203533
-5245479
2013885
-4471080
3751909
-2401883
2514724
-1842072
4798909
1425010
3093855
2339929
955780
3948099
112879
2297792
-2900268
1654932
-2947181
1920935
-3267364
-1268242
-2492085
-3669381
-901574
-2104689
94787
-2495803
2390502
-1857301
3261153
-1396578
2156878
112622
-427873
1369655
1110079
2611687
-112021
1418730
-867639
202823
-1603363
734103
-3439857
223711
-987890
1199478
-701706
-1602884
-281212
-1734735
-1028816
-2206357
634950
-1040240
-10629
-1396176
1591509
-88363
-328834
-259271
130807
454674
190917
1004950
1649112
834159
602678
728475
867485
-1103591
-1782376
-441919
-471467
1052246
1486472
608651
383037
-449315
747222
-76360
-910756
-148202
-38994
1917869
1036517
775680
1064565
152577
-1274729
1114105
-559441
104065
445214
-374913
661663
1485357
-1487843
-863782
-1356397
-1353577
-1174697
650169
-263776
182293
910936
-1551184
832743
-782386
152401
-1088139
-575013
524030
1928399
-1965548
-32718
-133299
535681
265087
779589
1046007
532579
-725434
917705
2188004
855179
-2011833
-503381
1996408
577869
110748
440874
625252
1088837
-851566
-872011
868370
-1399403
271138
-677351
1028807
823103
-167381
-1727394
1484250
-23538
1743888
-94876
-1171476
172126
607560
-688806
991720
-525954
162807
-163764
130064
566275
1243581
-1476668
319859
-1084374
1979540
-503277
-220002
-82799
426606
401785
85865
-269032
128783
609986
-1133620
501354
-375313
199697
-1011977
-1022208
-408316
882100
-1085326
-71212
-150497
-669016
-491689
967634
-250789
367643
-534943
272068
-597434
248929
154478
631231
1193316
-1262647
1117249
-255263
-1494614
1060515
-618437
-223647
443555
-1561368
1736351
429268
-629118
1580358
-462731
-39555
-233230
78411
921071
1634012
-221428
451917
162753
-483693
356877
-478410
-514211
944553
319669
-1056000
16300
-19156
-1406553
-911682
-994817
-737986
-99749
-1108923
-12711
835045
205410
688639
-123718
