#SpinCore Technologies, Inc.
#SF in MHz
#SW in Hz

[HEADER]
@CLASS=	RADIOPROCESSOR
@FIRMWARE= 3087
@SPINAPI= 20191127
@POINTS= 128
@SF= 21.670000
@SW= 127986.351562

[DATA]
16323429
-3783964
17427635
3901890
11361384
11378070
5036301
15173458
-4910794
15010132
-11067720
11349839
-14466994
3342985
-14128035
-3510378
-9436524
-10435019
-3720607
-13034706
3585594
-13289298
7951222
-8697025
12106699
-3153536
10921431
2296322
7947570
7249233
3685249
8687980
-2551674
10419058
-6130117
7096770
-9332168
4040924
-9035425
-1263754
-6799221
-4658236
-3295962
-7508004
1021421
-7806510
4419332
-5920421
6094227
-3034155
5930228
897727
4616507
2692077
3855944
4857338
43529
5592762
-1821815
5300918
-3354779
2673598
-4157585
1398045
-3604919
-1079378
-3280369
-2034352
-848266
-3045848
-459587
-3318218
1041449
-2392864
1909859
-2153020
2436469
-139537
2000447
-101353
1636071
885951
753064
1087952
-51393
1422425
179330
1141575
-1348001
1105244
-768272
714615
-1363065
-957319
-1093394
-153843
-893816
-807532
-353301
-183754
1520734
-1253387
173932
-952053
1735793
-750201
130818
453344
536528
994914
884255
650632
683193
825341
-403101
554718
-1550724
532314
-165648
-253422
-548583
164314
193671
-718515
44479
-1667663
-158886
571459
1010623
442055
471208
-885420
1586884
-137816
307511
499395
321255
1285127
437106
327721
-644410
945906
82518
-288724
-805061
-344419
-336785
87988
-484507
-224877
80295
-445162
6752
-757862
-172438
-426579
121409
-889600
3312
-185904
408637
145892
579990
-414922
68491
501051
-209059
-460102
454467
502507
-117065
-47315
-166330
-95682
586934
-450404
-7739
77872
545162
87165
-147763
-69282
-505865
687975
324161
-534538
790096
287506
-986258
12256
-173165
-574984
707501
895517
-231792
456057
77023
-444946
245576
-685051
-761376
419335
-478622
482181
737484
-562619
850156
387720
-319363
-764414
505653
-560155
211799
745356
-763837
850373
715790
-548684
461898
-158716
-651738
143836
-677676
77015
788303
182993
-391362
-52340
-21745
-698312
-606907
-1357651
677203
-254909
856849
377019
37230
12769
1082033
-114438
-196402
-191339
-660148
-61223
562740
349106
37593
1255904
-171245
-129780
-95226
-691295
-102814
12450
-521514
-85773
