#SpinCore Technologies, Inc.
#SF in MHz
#SW in Hz

[HEADER]
@CLASS=	RADIOPROCESSOR
@FIRMWARE= 3087
@SPINAPI= 20191127
@POINTS= 128
@SF= 21.670000
@SW= 127986.351562

[DATA]
-803404
-1279051
1097437
-643486
1251329
1702134
1402584
2120628
-1188210
-237614
778560
-517311
-255220
1825977
-651815
755088
-795364
-1448685
573119
-1444267
141920
940680
-929915
1503997
1198559
-1029622
2031706
-722177
226123
2360012
-491535
1824394
135370
397010
414906
79252
-2405520
475356
-1786683
272826
-1099143
224362
1614696
-1059384
-1044097
401095
-461621
-743960
862145
-1421728
1176473
-760760
-1477656
2135635
185636
511634
-978931
196034
-305724
-420841
-1108934
1067090
-345862
-658710
-774075
-1271914
82867
2183287
-318120
437211
-1758599
-1124989
-217752
-125776
1216917
1057291
-796940
-2254183
-1212006
-664281
826653
-1223248
360309
604396
-2298113
209169
547625
-1438654
517904
-217662
-595916
1498413
-553370
-958389
257414
-951730
460977
-590482
-61331
279774
242405
-1397661
416912
-954606
1406849
-1084946
-1412056
353027
-604839
-567365
337867
280097
119445
-991443
-120971
-442568
-1653298
-1231525
874868
27719
672711
-691580
-317466
-1189753
1250400
103954
1447351
217531
-464926
-612857
975624
-529603
-109670
140263
233435
1251911
1630016
-713328
331295
-963910
185052
988920
-458513
587067
929384
-1300364
-596742
62184
159428
1148846
-334257
1089346
563246
-231647
-634888
-827966
1209641
405284
501204
139147
-627068
395420
375202
275421
1307406
943897
1427117
-244934
-1047360
-1466434
-53357
235021
-90123
480949
-419717
786161
-651500
525936
53584
-744371
287982
500228
79092
907447
475523
-392399
-709462
-245735
499098
674606
-731064
1378694
1773397
548144
291674
1416502
172704
598380
626575
934815
423734
-773984
-83671
-825651
-833354
762002
48632
432117
-1390220
625824
-382369
772097
-915621
-645282
-554746
318048
528303
903513
322944
-710937
-1375969
976875
-580892
-50891
421847
934905
-92747
-85424
-1054568
1255212
-97255
1266910
895513
-266542
1195074
-187850
407934
-595144
-928953
415343
-236455
261431
-357351
-572876
-224866
151826
-1623580
-424114
-1728086
-1037061
1488637
-266872
-340491
-100599
-1429286
-599130
