#SpinCore Technologies, Inc.
#SF in MHz
#SW in Hz

[HEADER]
@CLASS=	RADIOPROCESSOR
@FIRMWARE= 3087
@SPINAPI= 20191127
@POINTS= 128
@SF= 21.670000
@SW= 127986.351562

[DATA]
-1535675
1108154
721545
-416681
-437883
175277
332884
770310
-2581197
791566
-2180042
-85948
-1912443
-580252
-380724
-986585
-2253896
-856537
-1482630
-2036648
1090677
-1028147
2932007
-1522809
-725559
-760258
1498807
-773423
-180497
262300
442955
-421354
-2871270
-1842921
-1773391
-250767
-1382291
529636
290361
-1246249
-777792
-2088001
390847
-1932476
-248904
-665410
2020020
-1483684
-1390948
-2818626
1542383
-931249
772672
1216486
668958
553889
899009
-2167841
-407567
-683250
-431000
507590
180008
856161
83546
-1169648
-274457
-730817
-2546227
-373794
1151034
-718943
1204937
-1981497
2672363
-1660126
1152327
-461213
1586157
258021
560288
-612697
1300363
-918208
-239150
-170647
-176871
-665353
418623
392123
855484
-415762
425658
-84652
16662
-674847
811941
-321770
1795504
-1372624
2436461
-1492571
1670349
-885002
684095
98902
1502983
381270
597269
679086
472852
504708
-1630643
604128
813304
1047303
43248
459714
1105414
-523945
-1028560
-563292
711700
-286796
1188444
-620233
2167427
-475472
845799
907002
1088469
1453713
1819296
1131940
390797
1399588
791391
1299228
163167
628320
-77165
1483761
-742228
386413
-570776
782121
-1305372
161812
606084
211500
421293
-153172
87655
829862
-2511
-181186
1733766
-605821
221845
1150601
-166710
282595
255123
-178245
-442681
1303671
-97543
738933
-1636088
-144343
682845
-337194
-258424
-178646
-370464
-2060972
-166137
-157914
-252629
-1744150
-120641
2036060
795568
-23167
323069
1075945
1552201
1421646
-1664302
2314284
-1181371
-1131759
-2135301
639082
779987
1045224
-2724971
543789
-1069689
-512507
881069
385341
744090
7371
-182753
-2191539
516157
-263289
1020041
109834
444726
1189209
-1036172
594556
-588680
2013
-373411
1905058
488203
1475632
-374540
-508454
-1741648
653014
-98364
-129603
-399600
441130
578898
-415221
-1623481
23790
331492
-778466
839170
835364
344438
727445
181866
502987
1185499
-66042
-656317
973508
-1916087
457729
-68154
785247
-6370
-338870
-1511595
825685
1215703
-346049
1709127
-502598
