#SpinCore Technologies, Inc.
#SF in MHz
#SW in Hz

[HEADER]
@CLASS=	RADIOPROCESSOR
@FIRMWARE= 3087
@SPINAPI= 20191127
@POINTS= 128
@SF= 21.670000
@SW= 127986.351562

[DATA]
4611533
-692124
3753987
2798847
882196
4887025
-867400
4469910
-1601592
2446158
-4268215
1100131
-3687306
-341621
-4696728
-2723335
132677
-1501514
1012150
-3239060
2599508
-2124906
3207128
-2113024
1929806
1293670
2279854
1342455
1708488
2454494
537678
2350126
-2599618
2044938
-3192284
642021
-2437318
-1332396
-1113137
-1145913
1196389
-2349261
1161617
-1400517
951884
-1912956
1360377
-73517
2083217
1771286
152886
290676
157486
681060
-2050413
828164
-1220918
391366
-539701
5681
197799
-1718366
1943358
-538195
-731763
-666251
-463618
357705
1353050
342404
115948
529581
999236
1716581
-780285
-473281
1428505
515576
-320686
569877
-47711
-164041
1032215
138694
-1051838
-1183363
-525209
-633727
-552532
1014944
1089090
931018
-36735
-311840
-928146
80311
-950519
-1439027
-1382117
685171
850805
1243821
76681
-1124764
264962
739130
-299451
-479878
-2420476
-749162
1174700
253350
1644054
354120
846510
251175
-415908
-1918377
-199455
-736110
-1705098
549527
545809
923212
736177
258761
811447
-367965
-695813
-1950992
-2321974
1124037
362869
691322
14614
548516
1993971
-1221571
-2690592
-1912671
-604791
-598402
-210211
471125
1175062
1331031
910274
-2351490
1155567
95556
1071088
-210079
240847
725503
1583050
1344847
-25370
678826
-48978
158201
-2899544
-465573
-847628
1664198
-1194911
-846593
908866
401863
484761
-2191432
-1010961
-436636
-1292562
-490883
-1094455
901213
1099571
1410590
1396898
-54045
1212901
1153374
238092
-1811103
674090
473765
382840
689265
-717585
1242742
979860
-176722
598998
521348
-421464
-984693
-1878835
718007
121059
48666
1800834
-107535
347531
-1219788
-1157572
-1329644
116936
556662
-1109275
238151
-498575
981415
-148302
-590151
2493627
-832483
-1039586
-277882
-1441747
-53295
1718212
570099
586110
1455377
3722
-940806
-2541423
-1584758
-847208
624740
-1364965
-231417
-626969
246011
687116
-1779605
-1155017
917016
139016
-985257
322652
-1890074
1631772
1066414
-560442
562309
978555
1783493
641007
436388
-858720
1004466
-830803
275248
140524
1915282
