#SpinCore Technologies, Inc.
#SF in MHz
#SW in Hz

[HEADER]
@CLASS=	RADIOPROCESSOR
@FIRMWARE= 3087
@SPINAPI= 20191127
@POINTS= 128
@SF= 21.670000
@SW= 127986.351562

[DATA]
-3194182
-44802
-466300
-2646137
-1616353
-1900543
453959
-1934038
2639029
-2917214
5017991
619343
1869294
559550
795239
2531741
1834906
2444598
-1286819
1765065
-641438
473746
-2921397
952
-3151168
-336589
-1484824
-2488646
-127185
-715793
1657720
-3008274
1306128
-1549596
2285155
806934
-44304
833589
3119587
1601094
425101
1419882
-3207551
772159
798848
-2105631
-1390713
2117698
-1257124
-1186633
-1939014
-1643592
1201027
-913161
-1661165
-433610
305591
-47149
1857987
-161431
197833
-20839
751321
957731
978616
1418579
-912499
1165382
-1548052
916542
786997
-761700
-862783
209289
-857321
-258170
-548826
-493023
1640231
-1245697
-724616
-1231537
533453
-131059
507622
562283
-823075
691562
840541
321475
-662362
-931589
-515632
1948494
-882033
371745
-547248
243569
-635454
-504771
-1923225
-1067190
845106
-1174679
48935
928657
663327
127577
527800
406203
-219053
9960
448743
568226
137322
-1224713
-726788
437064
-1807844
-1293757
-45739
-33317
1487967
-174775
-2162733
284651
391310
-671641
-1403601
345084
-838960
-479202
1360197
-407036
209832
51811
286038
-1018050
854290
-530823
394179
342601
-1103440
-428252
1119817
33274
733819
650631
-698526
460478
1138546
-12260
-647346
1608615
-1014577
-539977
487034
-106295
-11719
219823
-449410
-92850
-424886
-274152
251379
87942
-111071
10324
1639128
1603392
843898
-13291
34782
587964
214948
-1674127
-1317339
-389339
21467
-498815
-5926
908155
1415458
602409
-734180
-674006
406536
-1511536
-302172
-2197984
469727
1238122
35791
716700
-150052
40870
-924275
-26839
696960
34429
118038
-876343
-982932
58476
234144
1978007
-330332
-36164
879140
-179349
-1464622
-1823159
69997
-729856
-56703
-167567
-868852
1139643
2302698
-540201
-208849
-2378
-418324
90076
-1333821
-90931
-505303
586705
666989
-150478
1390634
144591
399981
-492569
-290990
194995
331680
14586
-1817569
-324150
391859
-420599
972153
-459819
-849941
788459
-1229482
-193160
1484080
711932
1535603
948799
-215846
510004
-566851
138481
