#SpinCore Technologies, Inc.
#SF in MHz
#SW in Hz

[HEADER]
@CLASS=	RADIOPROCESSOR
@FIRMWARE= 3087
@SPINAPI= 20191127
@POINTS= 128
@SF= 21.670000
@SW= 127986.351562

[DATA]
-5688533
1770161
-4132569
-3186442
-3296708
-2432311
-2860262
-2269152
1271760
-6055659
3215618
-4515227
4225700
-1315371
1645293
441895
3597025
2225655
2336387
3508111
-764724
4330517
-4422598
1712664
-3952046
1809629
-2886068
1165391
-1444331
-494594
-1505087
-4089382
-223271
-2960353
732026
-1819421
535441
-656615
2792726
-2135695
2417089
153801
1667117
1173363
-1832301
2720340
-1909748
1850047
-983427
325930
-2342638
-25418
-2193764
-725338
-1608110
-1542205
-392653
-516905
-236349
-1486718
785938
-893766
1812192
-1049639
659810
667292
-37437
1116449
701808
1787704
380299
-819195
440021
1284060
-237133
-740456
-657509
363235
-220266
-206955
-610417
-646810
-871101
141587
-180552
358677
-566968
452152
-885734
-88347
821547
-176542
760573
-851945
-533704
591867
410773
-80740
234561
999777
-711938
-176938
-355014
-1940897
-1921409
620412
-831944
332749
-738140
-8369
1862433
-1269887
770817
179623
-117471
-1292892
-1451157
-949877
2660286
519035
-193164
-476979
-564062
-970688
600017
-1049146
-89723
592201
12295
3097518
-918580
-839624
883973
-279506
574188
1496440
-1166008
322336
601518
-439930
2212695
553406
91987
1303563
-2363902
-1023973
498211
663735
-110366
1006236
-741146
1300718
-337011
-462696
1647889
1501518
-762826
1498248
-763490
-278975
-381638
-67195
-1535664
2606571
-1043006
-837755
1155677
-1179167
768880
333052
-1495644
7321
-609111
-2124839
1642156
-1769882
788095
562450
-1158313
-33221
-75780
-1262903
1006456
396165
-872758
1816424
220968
-1820478
1611645
-514963
802079
363597
684839
1409788
468688
-833282
1502794
1955370
-942616
848160
-693640
1123362
669405
-377302
-969383
1055872
674732
-2290419
-343711
127525
-500106
-409196
-1653499
-432069
-373949
-1243138
457832
-465673
-179703
851682
-831565
-1036411
511671
631878
170949
-1590140
884275
-1060150
85158
-915303
200812
1052706
524253
137007
523102
-231589
844814
-1489763
-2326015
31498
312488
756599
287083
26336
2065173
1580270
-1576480
1325451
-181030
201108
-115392
67660
-547649
695479
-1458316
-370275
