#SpinCore Technologies, Inc.
#SF in MHz
#SW in Hz

[HEADER]
@CLASS=	RADIOPROCESSOR
@FIRMWARE= 3087
@SPINAPI= 20191127
@POINTS= 128
@SF= 21.670000
@SW= 127986.351562

[DATA]
-5271605
1642136
-5464211
428945
-4041672
-1690974
-807346
-2351730
644387
-4728010
376401
-3478462
3534806
-1375918
1897907
1825397
4623800
-130030
1395520
3369656
-1402544
2687956
-1915887
2776385
-1857266
1617553
-1816264
-1314715
-1891382
-900514
-1529548
-2627254
608794
-1789668
907451
-1283435
1179525
-866726
4157766
757428
2744427
1459450
1463484
1324270
-719671
2475469
-1033698
2750894
-2204270
1194571
-1366086
1072713
-1188928
-1046088
-2275622
870994
-1045193
-1498642
1494898
-867425
975737
-2036875
308236
-458274
1026925
-1565997
468362
1324285
2645569
1064555
93774
101143
451308
-907266
-324169
835786
-885124
268255
242548
228649
1470313
648328
-559848
2914
96202
642374
1035108
508093
1722542
395619
-255046
602716
171828
-411107
-973950
591824
-37236
140314
181355
-263457
-1024132
-396365
-697929
306639
536912
-540689
121124
-367388
-144904
209148
527366
-1911864
-257098
-307202
-572010
1568118
180972
1735022
1616004
-1583363
1356743
-205998
851900
1483020
472971
37710
630625
1392750
1145347
-47455
-748470
-246001
-188074
-1095309
-501071
-88231
703401
-807806
-285855
-693217
543464
-976487
-859390
85494
1342916
-522937
998151
798401
969431
415542
-476306
-1483971
393387
893419
1076703
-1250331
217619
1319067
-201428
-886326
-30624
-328637
394505
-120054
-893075
-156919
1299349
-362503
-199527
-49886
-763973
-637637
1219255
1071068
-49313
919740
1490978
884096
-671666
-878711
625170
797684
278456
1054774
722432
738090
464470
815702
-628336
188615
-12884
-367466
-628586
597674
308279
955088
-472417
728492
172956
-1474781
-1415330
-1169778
-1206265
-951014
-405833
271151
903893
631115
1914963
-2459432
-430981
-1640142
253382
830897
-849958
1217792
1872059
2745796
1871448
-828937
1163003
88797
-188400
29219
-2255306
2659101
644345
-239677
675484
1573210
-570227
61027
-3295411
-1255664
90021
969408
-735809
451495
-1001649
-661701
-1937976
-1491048
303762
-812050
-542806
-35555
-25727
724652
1775103
-314793
645315
-1548738
76706
-1900392
245696
-806652
