#SpinCore Technologies, Inc.
#SF in MHz
#SW in Hz

[HEADER]
@CLASS=	RADIOPROCESSOR
@FIRMWARE= 3087
@SPINAPI= 20191127
@POINTS= 128
@SF= 21.670000
@SW= 127986.351562

[DATA]
-2692042
-762330
-3125583
-1316842
-2227126
-1638998
-918936
-2199428
-1252997
-2957336
691566
-670778
2834850
-804532
830859
910070
2664512
1707952
507082
1605046
-129386
2985792
-1898782
1013836
-2643838
-297072
297217
-319980
-1460263
-2213402
-130257
-1838227
644236
-1114458
2004061
-259621
2008087
560461
2135566
952512
1595767
443607
-575126
1738931
-781460
1804376
-2063177
-1521602
415332
2284497
302410
437250
-458141
-1466472
-17374
-1648755
-126870
-563480
-774362
-765035
1701651
508675
1487951
-789683
-2839
-996635
-140770
-544466
198306
398967
-608950
450845
928291
-168038
-1770632
-212884
-524440
184412
-335515
-536948
-77430
-175278
259667
-1310823
953638
164451
379330
24292
162454
-1159105
-275343
-1244383
36614
-1430444
708584
647251
-1906176
-1084138
1146497
133778
-149266
1188393
-2099726
773877
1674744
778865
132261
847861
943662
-480794
-361805
-271564
-822966
599372
-47587
1455208
1224752
-596258
1164474
-231984
202307
752992
-92294
-222721
-626018
-722030
-165155
2244168
707585
99840
-710763
-1817656
-111919
300733
-621540
-330263
-1302934
-471491
977548
273870
-391153
-390148
-816193
914116
-174376
-1816318
-1846108
1404849
449773
855876
397809
-143404
870434
244456
-1205499
370949
742096
43458
-571212
1459129
-115576
-729348
-242633
-1083524
301288
898670
703883
-865019
-222370
-814060
1201420
-453336
-740830
-818271
324716
-347090
-276955
357325
258093
-526647
-425228
149834
49890
141671
-482176
1550427
-58200
148423
1315416
-671633
141528
191020
-2006547
388779
406800
-408428
870895
674815
-1304834
1088963
317110
-1604047
1326540
119658
79588
-320540
-1273581
-174335
1322763
-1797337
956362
1294431
1146532
-480538
-804592
241715
2198979
-442585
-1533207
741958
219916
576036
-323276
-1003563
98333
636158
-662584
-168120
366472
456180
-557768
-959290
600014
78017
-876953
-846784
-1658090
16514
1459451
410607
371195
-1318486
366417
328332
563824
-986683
-181032
1932288
-82465
523259
654955
-651651
330418
142120
33863
892403
