#SpinCore Technologies, Inc.
#SF in MHz
#SW in Hz

[HEADER]
@CLASS=	RADIOPROCESSOR
@FIRMWARE= 3087
@SPINAPI= 20191127
@POINTS= 128
@SF= 21.670000
@SW= 127986.351562

[DATA]
942879
-669983
1162394
557257
496018
-2490943
113165
1304771
-55973
-1152018
-330684
2456054
360213
252336
-599156
937942
-161813
-1568700
-445420
387972
-433383
208109
74922
-992174
1337676
293722
-801946
-839937
-443666
1013266
-81954
-738069
404503
2084760
-1680872
-1066784
650336
544497
-1019205
-702846
689305
926966
817611
-240555
319385
641705
1529434
-676733
1002425
-430250
-323152
2000731
-647509
-2545430
2247859
1548279
-2274326
114043
974284
-506369
-71912
1376049
406804
1805633
-2210939
943382
-366835
-1978448
81082
98695
-1412199
-776330
-1078515
-1771402
-271139
-1886393
1935807
14895
-272707
-276282
1515164
-692869
-115748
-42967
1105852
2046631
-649895
134205
1234635
758095
496614
-597381
-497452
855574
-918827
537818
-1481314
648694
1356938
418843
-3324376
919253
528724
207183
-1419100
661519
-696266
758474
-1312868
162296
283324
-803087
-475391
-257739
-882578
581981
1223845
586140
-785627
-129675
532678
-500881
-57713
-544596
319345
-75391
-1680761
422815
2227732
-1213743
53541
724767
765531
598802
239992
100265
1514829
-500663
355435
647757
-1200118
-1146562
2339981
-203510
-183238
505016
485212
-724385
839651
-420807
-500659
374696
377167
-232297
-259376
-1030097
1465188
561624
-1950485
-973555
337495
1323852
-823290
103422
242578
-875435
-1041118
-248573
39109
-522563
-1809059
735106
-6334
-1389998
-352038
657575
143477
-1317356
1291862
536145
-157271
-198473
-381466
961351
-1337420
53237
638470
-742160
-126278
-683737
14100
-1191456
-234215
2379185
-1662247
-788215
878165
-270005
2033856
-162724
254393
-355519
-1359790
-1790371
57154
338020
813293
130753
674845
-871982
390321
529739
834675
-1287123
478176
1672229
508122
318955
1295069
1134097
-256113
-1406196
-368964
870882
-670127
1338959
1138580
-75052
-582497
2000822
-1619414
263898
-1985913
-352852
-843344
784228
-1643534
1975932
-269811
-2346749
-90147
-850410
-1957950
426101
54514
-1061623
1127678
99997
2599095
-186519
438803
-1706951
-262693
-3344978
261554
2025588
