#SpinCore Technologies, Inc.
#SF in MHz
#SW in Hz

[HEADER]
@CLASS=	RADIOPROCESSOR
@FIRMWARE= 3087
@SPINAPI= 20191127
@POINTS= 128
@SF= 21.670000
@SW= 127986.351562

[DATA]
-2475883
-615061
-1066147
-1750539
-1071686
-1954948
-335375
-2685035
1432704
-3520170
3265524
-1930973
1655263
-1994787
1665870
895475
3148697
2496720
1384763
2162845
-152510
1239306
-375515
1362229
-2795000
1299583
-946779
719274
-983256
-986400
-600082
-689738
-645019
-1821259
1230849
-456882
625997
-832218
551175
151732
268817
143803
157028
2776112
73499
912044
-2254780
414180
-932408
1710940
-2051894
43934
-1044850
-297307
947681
-585374
255370
-1745199
108982
-1231990
2328230
-89531
829907
-165445
763040
722747
1898823
-282338
-644937
170169
-606407
1666174
194721
351147
-707692
641591
-1388731
-325048
-1284584
-1148464
-41344
1139128
-1022404
935917
923955
324914
-365202
-1328854
1572405
399550
-2448978
-136940
1187585
780950
1409184
-335899
917017
406373
-316883
639728
1345194
372242
-512827
1760860
-5269
-668448
-807753
-1222341
-1636271
745970
46744
572549
-819806
-830852
-167279
-559590
704325
-1423276
-2109
-1303427
53068
-268122
2137239
-301356
-540795
28293
311647
1285756
2144883
-279781
411857
224208
-549842
604175
1110532
-1315688
-122818
-456784
-316038
56936
-104438
-353479
459979
1368897
567555
7601
-65343
256494
168981
324756
384500
-16924
-550157
176078
-587918
-154994
-7700
-290193
-1801783
479579
-27297
-226839
155643
-314684
87548
1034538
-1520889
284695
-405512
122834
-1316464
64998
519962
636715
-545652
-430754
-378318
-870010
911748
-91494
-394084
-498084
1874052
-894964
-897566
88840
1068415
1037541
-273808
856675
189938
-1563801
393791
329301
1249886
-730455
-1694260
801881
550843
198386
424273
-334539
-606438
1357199
-533781
-532100
-190639
-493050
367659
1431357
-786276
344298
199927
-804955
-329948
1224535
-261593
-337568
-2458662
-245311
-403485
-743977
271572
-184080
-540368
-1202068
130005
-1133225
-769801
-725174
-393324
1676859
839357
-3988
-1139722
-815911
-172791
979029
389665
802416
-978918
510418
-316880
-1917903
1146449
-1227039
-611534
-201398
-52911
1122586
104731
-1012048
1111056
495893
311810
392170
