#SpinCore Technologies, Inc.
#SF in MHz
#SW in Hz

[HEADER]
@CLASS=	RADIOPROCESSOR
@FIRMWARE= 3087
@SPINAPI= 20191127
@POINTS= 128
@SF= 21.670000
@SW= 127986.351562

[DATA]
3988306
-1657173
6798852
887003
3730459
3711403
1441804
4738516
-1690458
4892921
-1586397
4889690
-3623279
3113189
-5516618
-1139870
-5106411
-3370005
-2099151
-3384107
-1937550
-3759219
1558844
-3709120
2294511
-2308237
4210382
-428233
3189675
1915286
2693435
1088045
1310531
3340635
-1426746
3781407
-1757952
3145769
-2567998
365116
-2867331
1485811
-3437674
-660499
-1860072
-1441691
437966
-2239890
1181915
-1362436
185683
-1600845
616054
-782811
2002728
914185
492390
1352494
331037
2068323
-1147832
846247
-58669
1097701
-515939
862094
-14541
-613897
-2460549
630776
-19036
1414161
520935
-1740404
1132393
-2260307
-656360
456815
347720
642679
750570
-906340
441535
499157
47275
98477
-771569
316061
177243
270116
446964
278333
76197
621768
-928749
-326232
-499191
789427
-1023721
-1643286
-369975
1087733
-672095
-14903
-114558
265215
-152415
-1020823
195149
289660
-908237
1866776
359696
-191265
512931
-18348
-31067
938947
-565201
418570
403245
180234
587890
245622
476193
-397182
-460442
619772
-59353
-432979
508489
-730531
2466344
-290319
-633618
-102935
-711283
111129
41239
-938517
884900
973496
1332882
-437817
-628005
370716
289676
-1013294
1477407
1754133
210937
860637
-1710841
67089
599466
-182925
2466140
789236
-629878
872402
302918
-336048
1093661
147658
604813
1477106
387336
1287348
-114096
-1760907
-106638
-351725
618046
215585
481757
150483
-432398
-216815
-655860
-527746
1129774
854324
-70984
913647
-1051178
-884228
-254568
50639
138689
-896277
-555196
1022255
177905
389116
-976670
374446
416661
-660515
-800973
2169888
-1203777
-508270
74258
404813
-194246
1831776
-1514309
2089216
-1815156
-602112
-697819
-531382
150044
355176
-841124
529166
-118364
-355333
926822
-577378
1023190
896540
-1121656
834057
-1295991
607077
125140
-1253391
-387423
975828
107143
-722490
-1178923
-765666
286498
228748
308615
599849
-1163644
-277674
-1508665
-1537409
-258538
-1232568
259914
-679183
-1449851
56979
-1336913
-61420
811224
-1630846
942723
103819
-1135908
130492
