#SpinCore Technologies, Inc.
#SF in MHz
#SW in Hz

[HEADER]
@CLASS=	RADIOPROCESSOR
@FIRMWARE= 3087
@SPINAPI= 20191127
@POINTS= 128
@SF= 21.670000
@SW= 127986.351562

[DATA]
-2789736
1253544
-1207724
-845617
-3024753
-2566093
-204852
-3042786
579929
-1691358
2958007
-2103600
1787136
-1657866
1579801
-366372
631863
1446483
221326
2518203
-1063518
1451249
-781542
2771606
-3159392
1620560
-2080944
-1367903
-613075
-1078453
-1514076
-167582
286171
-2481486
1194112
-2928671
2553368
287286
-847913
135870
789057
579680
668078
2111579
786634
2446477
129854
-704988
-263039
-357661
-2299800
8463
-1920550
416686
-294946
-1432422
1713275
-950394
325956
-1118652
-609528
-1232964
2116426
924970
1362480
1335986
1308435
-532639
-309702
-519532
931107
61723
-1703374
-226689
353121
-362701
644326
1322470
-508380
407563
-338640
-1414005
-30226
-199235
-1661486
560536
-1022713
-629354
-119266
-164619
-758154
1575455
324988
-705956
463866
-1086846
549675
-36826
-1433920
644153
-1129522
906758
407289
590443
-566271
-166237
-1400010
-992583
-933145
-999113
38333
1141371
153191
352189
801298
-943714
1019878
-526387
-338143
968908
-1480941
164742
261038
1157146
-7109
224864
-1934252
843732
-142773
-1009248
691409
167282
356965
558885
-1912593
-892255
317768
-870535
-553157
23538
-1310220
-407934
1557389
-1313208
350064
705561
-1362663
-212448
-159740
-149093
1424733
-147886
-801044
14510
40487
-531302
1594294
-572033
527620
213232
-1404400
91568
1923955
-332334
1349111
2220884
-1228938
1037329
681719
-1114043
801054
1109545
-751017
276120
2629
-886767
2040456
-446633
100601
-537981
-1121352
650625
-210456
-868556
559033
1143612
648125
1863806
-986945
-327745
-615032
-790443
703
1049017
215949
-279707
1758617
733257
25826
-1535921
-1085418
-731802
-46581
96458
1613228
1341532
1407768
569179
529128
-1342755
333615
-1708343
-1046621
435874
-455662
-564879
1028401
983874
1387156
1338553
-416017
-1505535
-562771
-900304
-526382
837295
-406909
118104
618264
722531
-277347
-663118
-610468
-454284
-1040619
397118
238575
368451
569195
353477
224979
-1932812
98929
-890403
450651
-167614
35937
-51208
-660202
859142
1412949
224920
-778216
181033
-2565481
-435862
