#SpinCore Technologies, Inc.
#SF in MHz
#SW in Hz

[HEADER]
@CLASS=	RADIOPROCESSOR
@FIRMWARE= 3087
@SPINAPI= 20191127
@POINTS= 128
@SF= 21.670000
@SW= 127986.351562

[DATA]
3629957
-1737806
3387735
1969144
446157
2972665
-476913
2761515
-1686271
3225706
-3047931
934279
-5711044
-1361401
-1982008
-3227308
-405872
-2803987
35890
-2857200
1709654
-3328863
3022986
-1324218
2132252
-697565
2402522
896148
1837698
1728548
141732
2233362
-1011542
25794
-1353382
1014933
-1730675
-956300
-763383
-186740
-716020
-2710159
724706
-1257287
1847764
-336363
798536
1234717
1944322
2092899
1622933
-228645
-1182953
2276058
-581982
123662
-1294861
1713279
-131895
69878
-1808833
914214
-1208954
-90925
-326377
-477538
557980
-106694
-716035
-459727
653613
-560019
1059042
-733616
700563
1045374
928723
-746238
-97078
761756
273833
-311237
236287
1203078
-746867
591005
-618681
-623238
591938
145444
1148128
-19846
3970
-488568
-217499
-1426819
-1371140
-367793
906759
-1680894
1389007
544024
150646
753742
359622
563154
-237281
128342
768058
273369
-781316
-449331
171418
-1097662
-1453355
714887
984715
-1247197
-1218772
596506
1064157
-1462735
-549368
164494
386714
-1059742
-196875
693679
-391152
-812091
1335188
-334559
255404
-356693
625361
706672
-35341
888346
1084659
-1363758
560579
1059140
256492
-84179
-384393
117245
1608632
-122733
-439264
696023
-1655628
-814168
1425546
710914
-207230
1031030
-1323526
-246088
-57158
-112741
-139628
-779810
-682047
207547
-471258
-247389
643472
763657
413057
-394354
782808
-430205
-114013
-365024
-211829
-213580
-33391
339640
-355009
268376
257419
-444235
-937176
-931895
623912
913325
-1634044
697102
801963
546397
942668
-1279225
-14527
-1193083
-138017
703576
-293562
303442
520928
314666
628533
-1331096
-525040
683815
555831
-173301
85338
-6492
1567596
-642728
-963312
-288772
-582164
78510
1372478
-544043
582281
866053
323660
-1216179
-1403858
611733
1219044
132762
7230
1832739
81762
-1649510
-1633818
-946884
-213400
956315
645102
320112
554388
-616559
506929
-1688617
453163
625421
-1031301
66412
240438
-602754
540255
-224354
1350724
256280
-1826691
-1137881
76246
755770
1069711
1035757
917238
1027729
