#SpinCore Technologies, Inc.
#SF in MHz
#SW in Hz

[HEADER]
@CLASS=	RADIOPROCESSOR
@FIRMWARE= 3087
@SPINAPI= 20191127
@POINTS= 128
@SF= 21.670000
@SW= 127986.351562

[DATA]
-4845374
1272323
-2550185
-902338
-2435871
-781007
-1260040
-4387799
1069000
-3139371
4303485
-4828895
4439264
-709430
4045903
2281112
2521580
2181280
2730480
1552385
642435
2877146
-1356204
4439587
-3273525
1906421
-2401038
41931
-1705167
-1983415
-1721126
-2896188
-224554
-1528159
781755
-3422355
4174606
-2062252
2235955
1083891
1731237
1666159
1501687
1927058
797103
958984
-976686
2587436
-2856840
2295742
-2021375
-117448
-1770615
-849133
-1456434
-1956867
-567695
-1694169
-759448
-1103194
554910
-2179830
2017590
-603053
388860
181057
182105
705975
-445368
-609118
176908
-299027
-525955
1250184
-867303
1373230
-604480
-437011
671744
-573503
-309044
-319477
-1543487
139494
64733
-2125675
712825
-893539
-1042976
885
-29450
391975
345550
-796327
-35913
-398195
-356624
425135
222476
317239
-556732
256171
-174137
-371928
-670332
632899
-518177
1461409
117292
-352135
283147
-1179311
-1293464
-443708
-492436
401113
-361018
165135
-31458
-750582
-359093
-786799
482111
3334236
942922
141614
-930167
-132906
-1621401
544754
-384927
2155682
-68866
1394194
-2044350
578765
-1149513
-1075930
-752380
1243295
-39850
-10017
-325065
216200
-351652
-485998
-611753
1909753
-412645
907416
-877994
794300
-315460
578753
-829085
805271
130772
379933
-2040505
1066717
-920670
441848
294870
1105665
-1183685
511693
-889176
956139
600469
409119
1159915
-112638
-124816
482352
-1215977
938886
-214497
981299
794161
1194245
644179
1947227
-265556
922518
422963
-944446
-74683
-438577
-576632
690603
752389
-445928
-418132
808854
258599
-619159
900269
-449607
-482101
352877
-41679
1023397
568025
-577495
-424577
208400
-504199
1451944
1455257
41455
100415
-513979
938688
1800173
-163647
1938652
920996
589242
-101887
510959
-144645
723210
342712
1646645
-236480
393251
-589333
-942680
282317
-391317
1813356
615697
-69455
-149200
70929
-960990
148912
1359670
1416113
-189795
44378
277782
601876
-488147
837525
1253052
-626451
44893
753348
718966
1062134
6888
-210541
-53319
961221
-147147
