#SpinCore Technologies, Inc.
#SF in MHz
#SW in Hz

[HEADER]
@CLASS=	RADIOPROCESSOR
@FIRMWARE= 3087
@SPINAPI= 20191127
@POINTS= 128
@SF= 21.670000
@SW= 127986.351562

[DATA]
296203
188395
1884039
366180
223858
2274668
-510991
-668155
-1534848
-1419852
-938083
1223486
-951153
-36727
458205
-1153936
-1829810
-224240
398824
-968375
-1677
-293504
-455400
922468
-327864
-307955
1834806
239033
921282
339189
-263653
733515
547250
-970693
-525347
1178987
147342
-236515
1154479
-443189
-265771
429492
913962
-1841094
405462
-16787
-692691
169417
-372693
630771
1817098
199812
1646315
703652
23699
138944
-488803
388478
-147752
-1137007
-1741413
-436779
-111950
552179
79175
25932
501827
268132
1116211
-1096997
999921
11749
-657583
1080029
-718424
202336
1091224
633006
-170275
-81710
-527101
-117331
-874245
547814
-332202
505562
-1574387
-823704
1480517
143563
-286452
-997018
282729
-507557
35775
-1211572
-686019
43542
-1130691
394254
1355992
649900
-505683
711397
-616231
-1101649
-836554
211602
-2233129
-324957
-333146
-605557
589475
-87476
1916948
-401632
1202415
-1717254
-368562
27126
-766964
-1569275
163771
1754253
733535
2245816
419074
831719
-612418
-1039640
-357922
-104315
-171465
61490
-2266621
312692
-33269
1969730
665814
144817
313233
-2470918
1000988
-310573
-1292170
266701
-374383
281807
418191
713997
478844
-73873
1145860
-334979
-460927
-1133189
-1304060
237800
287199
358070
172718
588637
1189267
1056865
64510
82617
-440105
-1445475
-1440814
-1319884
-1740290
-698114
400957
1730053
-446478
-909761
-1204793
1357216
-120558
275263
-1719721
55146
-1048261
-919847
-592187
833867
915135
162731
183159
429632
-1154718
-216018
-947116
-273075
-358718
-310637
-1556590
1566333
-934974
-805805
1101492
-1002453
-829548
-827469
-208339
-75876
137137
-1593878
1517979
1707376
1046786
-224762
720227
509250
641474
540894
-47292
899763
1696607
-514836
-249315
558053
-1539209
208388
218914
-1784008
-809535
591803
-1125654
-2512764
-266360
-2464662
-106890
561915
-354074
424531
1047890
204003
208264
1060545
-72435
566282
546937
651663
-1111539
214675
62152
265152
-423647
-1005636
43047
36677
-807796
-1465005
-187769
-1512309
