#SpinCore Technologies, Inc.
#SF in MHz
#SW in Hz

[HEADER]
@CLASS=	RADIOPROCESSOR
@FIRMWARE= 3087
@SPINAPI= 20191127
@POINTS= 128
@SF= 21.670000
@SW= 127986.351562

[DATA]
-2525589
-1777883
-3354535
-925244
-2408489
-763492
22004
-2452553
3262834
-3318396
1428037
-2364051
-518146
-176141
3099772
315947
1816659
2869585
1219980
3527686
-421608
-311485
-1561681
2643566
-3259092
1513191
-2022131
-697785
-463107
37269
1108782
-2642874
-388197
-895248
1098541
-464167
1778125
182033
-708034
281400
91360
853434
499777
850942
-1965690
1323465
-620128
467137
-40585
-1654164
-590149
288215
688761
-920717
-628152
-1651970
1252926
915088
-534894
-356485
746267
263295
954103
1111449
556254
303826
-546145
-229987
-368550
-133215
39349
-804315
-2540639
-116794
-109448
153154
-686293
461331
-42233
1033791
1353861
-1925674
-250700
-1552873
10199
1369026
577359
-126078
791375
1075173
1880168
-44704
91068
-976409
441496
-708552
-190331
3033752
-53211
771843
1030784
831389
-318474
304136
-1771858
-991903
-2053599
312858
1022858
-253896
-467678
-36196
-1559990
-589690
-234533
-1810954
-60308
1064683
420333
-332631
2047068
-1754651
235310
633606
663418
-634683
643334
826602
293615
203440
1419997
240920
-1045359
-977015
-966476
-136913
-389736
-323660
-1877342
828320
1036612
-464518
595548
-489677
816524
-1065638
-86431
-523043
45793
-495904
65853
-718787
1220383
-707055
-277001
-1312000
-670944
1319331
218962
1507957
-57794
-896222
-1159305
-316441
282154
-455127
-1352514
984306
441154
180386
37899
344140
-934799
182494
-2222612
754251
-263095
-821650
-725231
540734
1033848
-377703
-485782
-1223771
758399
1427817
1881460
-860448
200251
1101037
892160
-719948
1192281
210829
1144390
14900
-838456
126687
-373259
-441330
-689403
767743
220987
568971
-1258066
-1400230
1030067
572483
1616758
-947662
-1393240
1425966
-931590
-761312
-336151
47946
-315318
888916
-719436
-43498
708321
80077
-320618
838166
-389228
-261683
-500633
-1727693
-159244
2182182
-149244
370839
-572931
-512483
2159458
143660
-1418825
702117
-1188883
-1208697
830102
1031465
1209287
631412
-365989
-309882
1242322
-642230
-2220825
-1192740
-649716
1643846
1148356
-1802771
1492587
766699
