#SpinCore Technologies, Inc.
#SF in MHz
#SW in Hz

[HEADER]
@CLASS=	RADIOPROCESSOR
@FIRMWARE= 3087
@SPINAPI= 20191127
@POINTS= 128
@SF= 21.670000
@SW= 127986.351562

[DATA]
2787618
338057
3819546
3425587
-64836
2106157
28560
4002385
-2227772
2950236
-2192025
3107322
-4421615
-1610888
-2002240
-2106923
343520
-3528308
-1041128
-1586567
381453
-854561
2888041
-1569111
2315625
-812420
1353167
3060893
-278488
3199846
-170906
1647264
-1127742
422294
-3722372
233614
-2828552
-1058367
-378353
-2080805
459982
-2193324
-945824
-435293
1573479
-1127171
1716793
-466328
1163709
745821
-379168
2259935
-1076334
967743
1054194
1035490
-449965
-1183506
-1293944
-843720
-767960
-970319
-219062
195119
-272940
-1345859
-1090367
-2144365
367303
-1453636
723072
105442
1323667
459660
23025
-185129
-102860
-861177
-620010
2166867
-644198
-355231
521346
459375
-1508388
-1232076
1310208
56835
-192372
-49003
764687
413416
838077
-1537636
995694
-323738
371226
183750
76333
1423428
1223763
-953691
357317
76734
-83550
-200383
-2593763
693273
1311725
-402807
-240840
795493
14295
-1183522
-1032567
-691925
580680
750597
562695
-792720
747219
-874618
918139
113991
1208769
410546
819251
-71071
-1112440
-1103793
720198
157399
-953019
1650768
1260680
795705
-1274831
-479914
-356273
-369925
-12538
1270994
579702
229981
163387
-1657652
-765052
274539
-1039027
227146
-470566
614796
437724
-346115
-812904
2149450
-405223
723798
-711204
269371
104184
-536804
575630
-1022289
-764935
679412
739604
-221699
218730
-1141270
-1831231
960274
580291
-414127
-216604
-19243
369688
505592
-1104576
613173
613461
-70484
-1918036
90092
1059925
601875
-1038178
505078
789317
-193760
-291378
-1685266
1038890
1569305
-1129897
-15328
322226
-185713
-11612
-1725227
261047
903816
250326
49500
22058
-101280
-1457594
-285237
-464677
122186
-321364
1565915
-321834
-124236
503122
175663
-414173
121652
213004
-57757
-337017
-523526
432574
-310956
-1068795
74605
-1225570
215211
-39850
536343
-138743
269594
1059394
-938603
-1148705
29669
834900
-524624
-80990
-251872
791143
153765
-1370172
-610618
-256985
-1175041
-1400934
395785
-229234
94160
-972763
-491864
1256958
418655
-529510
-262216
