#SpinCore Technologies, Inc.
#SF in MHz
#SW in Hz

[HEADER]
@CLASS=	RADIOPROCESSOR
@FIRMWARE= 3087
@SPINAPI= 20191127
@POINTS= 128
@SF= 21.670000
@SW= 127986.351562

[DATA]
4422332
-1092005
5233509
1935033
3367974
4155204
-525577
5676507
-2179078
4460655
-4444245
2633710
-5023835
-853200
-5227618
-2287022
-2986460
-5617561
444836
-5081558
1372171
-4466600
4368692
-1264946
4672928
-393917
3325178
3274492
2464846
3158823
-1625737
3673266
-2489605
775138
-2157339
1386209
-3154723
-1804201
-2802029
-1737109
741049
-4228590
956546
-976560
2960874
-2504388
1417680
-804762
3551281
-371124
2258698
3330742
240282
1578347
152698
1329738
487041
754257
-1119198
1137323
-527354
-268027
-449496
-2052136
1170653
-347690
423235
-430615
489591
-1658769
2853782
-719753
4265994
1543676
1444757
577242
797948
1553423
1032900
923309
-481004
1964982
-244871
1224484
609074
607807
121166
-9040
-606442
341710
587999
1439080
-320815
86193
349593
-297701
363595
1029684
584763
1397772
404982
871914
434565
-223764
-667429
2122226
1607098
1498320
-829236
158561
359656
824331
-506044
1923173
-1233552
806691
-1043938
-154314
-775196
-317370
1527595
1435964
-940812
262715
320252
-2388383
837799
429848
1236847
1007737
-880211
314619
183611
-961019
827388
-91066
-323113
629378
-826082
775300
-10130
-740213
684360
-196545
704404
237561
-1729116
-826096
447674
-1333847
796340
-327037
257809
-215730
-1898358
-1317408
-256397
-1399085
152763
1041309
668776
-178159
-1151468
-1448721
-1135812
-89470
1175385
560630
-25337
-159369
195481
-192410
-55483
-1209097
-174674
1279737
-889569
1139644
536326
-981020
260876
-220482
142084
-793963
-1379206
-638265
-466042
-358555
968467
-357210
1358769
9436
-1040347
736037
609049
-536641
327899
818836
1649400
-964392
-491332
-112940
1104494
-397735
1453141
463092
-263319
-363575
-263640
-204853
1189448
-854632
1476354
-816798
939468
-405710
-327062
-342998
-676963
522845
2402303
766064
1704541
-579133
168602
287352
-812802
1258459
1714803
1427522
931844
-991680
-34636
-257985
-1031622
-39951
2608830
2530837
1065715
1263573
-159327
92785
-1723803
1168946
468335
2187828
317037
1118188
50269
-1523130
915229
-368725
1241511
950501
-188016
1169699
