#SpinCore Technologies, Inc.
#SF in MHz
#SW in Hz

[HEADER]
@CLASS=	RADIOPROCESSOR
@FIRMWARE= 3087
@SPINAPI= 20191127
@POINTS= 128
@SF= 21.670000
@SW= 127986.351562

[DATA]
-4281961
1132154
-4067778
-1850039
-3915268
-3628262
-750731
-5273595
325076
-5749925
3622559
-3155107
3130026
-1909446
4450522
981489
2677514
3928412
1423461
2787520
429900
3109916
-1654018
2341345
-3742378
2072437
-1676378
-612216
-1721522
-1091275
-1890102
-2850487
-361919
-2706941
1450973
-1243273
3148930
129733
2159306
-298484
1833983
2174783
870136
1346847
-478942
2653594
-698370
950828
-1015939
1231728
-2327796
-306130
-2331999
-1988199
167657
-744201
-1064666
224240
750276
-1392763
331640
-1731965
1931255
-36578
477529
1070205
40813
431279
2014570
1660904
-939529
1079540
-86998
-243144
-98687
-226562
200796
1566731
-2463459
615992
-145498
-1133933
1456495
-933783
292514
839863
-1645758
-1998927
157740
-936689
1730854
1395865
-782781
477542
1245407
-2307798
994415
875571
-1261665
2507963
-1052430
-28910
1037065
905293
-404786
212469
-3501208
1706377
-1007179
-929820
689785
-53931
-190763
-749674
-1199731
-2461516
291935
-1208454
920665
348792
-467799
-521737
142428
-2545058
-501632
-745161
-1564823
-670217
356580
-910655
1603316
385844
87645
611910
-928194
-639033
-553795
448953
-151025
1974330
48180
-455082
-325580
-2030803
1641163
-1517366
-907291
1723973
390706
686237
1847369
-693611
451631
919831
-1251287
1350188
-206462
-548187
768247
968505
-36279
-423835
-855866
-2382443
-486037
-862629
-79087
1042153
-944282
-1139579
292658
-600581
168474
-954487
-1528369
-148083
730365
-1417832
2261979
-133772
372897
427818
85143
-685056
954484
-764685
728228
1598663
-1166358
1438959
-103493
-1533848
765226
-104763
-1152913
1122976
-257862
-1060113
1045669
-1734400
402435
603874
-1060928
512981
-1473729
294268
559796
62347
-275516
910458
-52307
516033
1483054
-1905239
239101
815064
-95922
335604
-1124227
-339746
-148314
-768555
-681047
-623949
349184
1267167
-817854
1228458
442565
-717997
1515782
44708
413726
-892075
-1223609
219209
-478738
681481
1181175
1458254
168948
-1600433
-486451
-1106640
328351
-135357
51463
348748
-170408
238662
631264
-223738
783112
-449648
-556178
774271
