#SpinCore Technologies, Inc.
#SF in MHz
#SW in Hz

[HEADER]
@CLASS=	RADIOPROCESSOR
@FIRMWARE= 3087
@SPINAPI= 20191127
@POINTS= 128
@SF= 21.670000
@SW= 127986.351562

[DATA]
5568744
-473112
6095036
3155382
4707735
7700507
-79668
5883268
-3064379
5623406
-7163676
2048947
-6686390
-220090
-4763990
-3572430
-407393
-5668354
833111
-5528723
3026975
-5463939
3849089
-936508
5821168
1669465
3331030
3348121
848714
4402632
-3288273
5428964
-2697904
3429539
-6320813
391548
-3742777
-1133959
-3715228
-3058824
-1202140
-2686202
-118766
-3948423
1622344
-1623439
4129651
-997003
944672
648306
2741821
563733
1814345
3306108
-1427296
2816121
-2340587
734117
-2603243
1605970
-2285570
1941255
-3661062
-1064987
39851
-1966115
-1132543
-1085299
-267241
-257921
2333444
-2582157
984140
513469
-801906
697922
-1144759
-44048
961329
-1099223
-715392
1674650
785070
-541578
-247459
-2118912
-32611
160858
-2068136
-1103274
95205
949741
600487
582398
177177
36864
1242888
-670117
639609
-132953
1021914
72428
29364
784506
1003088
-423935
157772
-957247
-2403703
1301260
-1547674
-428795
-674876
1046995
900679
-424983
-99169
-577617
382058
-2714584
-504480
-1888902
1056614
-426693
-143522
-817675
1944705
281381
35342
-547854
-92086
1588139
-392095
315813
1062872
1950402
1848813
1288826
-1684346
-395669
295048
166398
-1060886
1494081
-1166902
-98797
423155
-1183742
-836410
-48254
655569
894677
-1205562
154674
84647
-2067649
300819
-1521474
-998156
473599
393931
-312403
56749
-129696
947764
-186139
-406178
-1254352
1215087
-2126390
796834
954185
731247
1340187
966717
11373
1781204
470662
361687
1486120
295851
511588
-913083
598771
2835
240330
-456425
408940
-382887
1529758
-290316
1053124
-1242396
-490741
-1040565
-1123126
-859037
-226603
5631
-998313
580683
62696
130950
-912157
97147
-2608888
-418205
-1704274
122389
1169533
-732075
-1175656
1511170
750626
-660206
-115678
-882241
1090796
-688656
-965164
688724
543938
-2063582
662253
-575117
12739
894101
-335029
-343482
532350
-215733
-983330
96432
264378
-486138
281314
524055
-435082
-478779
-489843
652112
-959786
390837
90693
1108488
152720
862152
-1152592
2354234
-394296
-491780
-290256
967893
903919
1282691
-83889
