#SpinCore Technologies, Inc.
#SF in MHz
#SW in Hz

[HEADER]
@CLASS=	RADIOPROCESSOR
@FIRMWARE= 3087
@SPINAPI= 20191127
@POINTS= 128
@SF= 21.670000
@SW= 127986.351562

[DATA]
-4903857
994761
-4413937
-1964197
-2289838
-4354385
-348588
-4231013
1903739
-3233011
3171957
-4061425
4250532
-1155059
2208708
1436045
2776401
4135985
595809
3020301
-2072136
2653382
-2754682
984460
-3429458
1756755
-3110718
-1651495
-2690195
-2186757
1221548
-2905159
-161828
-2475742
2140980
-2352627
1355905
549712
3451435
517595
1871153
890198
1034394
2358973
-1430503
1609116
-1053870
1920420
-415613
-313934
-1366339
1383538
-2204993
-1838788
-1676308
-982447
1209936
-506377
348431
-566997
-427211
-1384237
-1448857
-30181
-726844
1799453
313705
-203113
530664
-188448
-1770179
1166244
-2358543
-781717
-568958
-881369
-1110200
594488
509610
-1118079
-1350239
-2191011
-26440
-738416
-84707
50704
1236039
-238672
847582
-21001
419220
722058
-331778
2080029
1520974
1351061
1273361
790204
330264
889628
-1807491
-273571
141358
1043133
-892472
514948
189348
611146
-1265553
-764669
604429
1156140
-149203
-551497
416809
1562632
-337681
-21732
-1106448
1478467
-324262
-785730
-264239
991277
-1160789
-331784
-267981
918741
-243011
-818222
-1189099
-135709
761473
452085
71409
616780
300603
746234
1349612
-44391
366785
853519
-354662
190894
778678
-393260
-110086
-361150
-1496056
1982654
-960724
227796
1192646
30194
-2150850
244266
-803859
603935
-221945
-377021
615101
-144902
-1580250
-240053
-528046
-934506
-1733618
-890893
-545382
1175856
876592
724171
268022
-992484
783037
108653
-491323
-750437
364150
-2369314
1442928
2094159
-199718
-1019868
-422544
-202085
1466889
-1221416
-362364
1751675
572250
-989611
-230584
-461832
1923910
413134
-124782
484916
-483831
632202
670901
-539335
1020254
702285
881901
-519692
-733794
328402
1240063
465911
-795348
483888
241896
587165
-437248
1097797
465926
339025
-561234
-443041
-746732
261823
330283
763658
470090
-136817
-1171769
-40273
-401515
66084
210303
-14171
-581809
-203014
-352393
126697
104125
530634
-1154296
-763936
396878
329998
325255
552770
924397
1331433
-191186
48053
-230742
1776833
-1237446
-117245
911391
965165
-392784
-750950
