#SpinCore Technologies, Inc.
#SF in MHz
#SW in Hz

[HEADER]
@CLASS=	RADIOPROCESSOR
@FIRMWARE= 3087
@SPINAPI= 20191127
@POINTS= 128
@SF= 21.670000
@SW= 127986.351562

[DATA]
-2635331
2965162
-4495468
-2353900
-4363155
-3530031
-3563458
-6128837
1489636
-3534784
3143347
-4698333
3562311
-3839706
2932110
-1267397
4184453
3991860
2686535
1873020
-600259
4355894
-3519419
2735404
-3169812
3765208
-3112289
613809
-2896353
-998730
-2931028
-3648392
-1001709
-2802899
1491708
-3469737
3759605
-1520817
2674612
-2121890
2436322
1018425
1450291
1953895
1840823
2689291
-343072
1775486
-1315915
1911849
-1577809
1118208
-1368559
1391258
-1982431
-1243609
-1019581
-925716
-360556
-1278104
77010
399761
992399
-1670882
1345681
-1003393
1294874
-1501556
-580851
2722413
812551
-16057
-17521
617757
210399
2590754
-1781467
-889273
284410
1638624
-305635
-1577203
370793
341158
-1039311
-814197
-492901
353930
470947
284783
6469
596845
432873
-534038
-658452
611147
1264582
-12438
539654
789079
365376
-611892
-505232
-713955
-553302
1669818
-992819
754504
975129
-204559
-1630696
-1105109
-733511
-201727
-1541381
504132
1650735
-845848
1364646
-1370177
421214
307837
-238221
581910
1367285
11052
997150
461344
-224502
674243
-802437
123361
651314
-84005
933018
-50090
397975
-766074
-653887
-1385023
492166
172103
1009600
-867336
68362
5811
545313
806814
2257247
1281678
664255
469283
1343071
-168223
889963
1293007
808589
1409146
586472
-116836
613705
565763
530853
191534
-936272
1176794
-683048
-7201
-1049833
3035923
438088
262217
-769057
1100613
-857400
-660154
-744247
1559163
310488
-538890
-2196057
854961
-1820133
-907052
-99587
1210052
879909
1737570
-52538
-1429482
-504937
-801228
-488910
1000571
631754
435455
36116
-589468
596650
-2313303
-1405830
-682063
170340
863404
698284
175521
1733528
-909640
90393
-776839
362851
421967
1846272
1601973
2327738
-1167460
-664195
-1286727
306403
1051053
1580647
524693
1437745
2419435
-138966
230425
-857385
-115615
1237553
2295907
-305998
524859
-815362
-970692
-319186
-671319
-372916
1825702
89584
1758906
657479
-170018
1989131
-146250
-829424
293931
-32350
822748
69853
-341255
-452819
-601450
-754390
338306
-1619157
314393
