#SpinCore Technologies, Inc.
#SF in MHz
#SW in Hz

[HEADER]
@CLASS=	RADIOPROCESSOR
@FIRMWARE= 3087
@SPINAPI= 20191127
@POINTS= 128
@SF= 21.670000
@SW= 127986.351562

[DATA]
-4019496
380615
-5967915
-2168173
-3072889
-2668274
-990956
-3850686
3799552
-3813369
3262292
-3402942
4335976
-28103
2900547
1499114
2639781
4192946
572372
4344176
-1392207
2853871
-4193180
675761
-5161628
789570
-3244383
103302
-149860
-1650644
610164
-3609542
-327980
-3263070
2414360
-1741355
1332178
814187
1971066
1243894
1265264
1528747
390173
1396331
-106996
809535
-1779653
1983372
-500267
-405298
134067
-149776
-637866
-1406534
-659225
-971065
1025028
-1022436
-8265
402844
1210717
993574
2538072
-853522
502917
-219774
-1622655
528563
-915057
1859691
-895900
660186
-2056241
90550
256194
-547409
448953
-1473841
-920991
-1288663
248097
-754576
1732094
-116616
590684
-1635425
231833
-604497
1400018
-489941
65186
1121638
-572613
799810
1355540
1517388
1953166
518033
-1909594
-519880
-232317
-13484
-773453
949616
119121
305625
-1031338
-1204994
965597
-1224463
-365780
-253233
-58031
-542947
620627
-291318
1056703
282720
644484
-1274383
108076
883096
344418
343374
-406223
494167
11843
49283
-374502
454288
812285
86001
-1116008
26300
-112899
-1149241
-263614
-922944
333558
235367
-39397
-183525
681006
300137
409054
-939503
342887
87611
1491048
1017296
-183982
-175195
-178846
9063
-51899
-463813
492740
709829
-1210025
-1123864
132673
-352926
1700237
-568003
-1130282
-453202
267424
-720891
534898
-2009829
996631
-665399
1345866
-1119046
2424583
-155285
70609
-841856
-877351
151782
1445640
-420478
794311
1880396
703563
1272934
-1757894
-969311
338012
1048243
133063
-512732
-595962
560214
-386963
-556613
-1133274
-954393
511915
-1497998
-1704859
-1453581
912784
187588
762681
-1260351
-200781
-417001
323620
-1842527
1653952
559515
-80777
-1697092
636576
7972
1275637
-1059289
-536572
-349643
-527892
133681
248978
1451408
634852
427632
-99301
1206557
683344
90155
-99193
963831
-1168069
615196
-530959
893506
1207327
-1186548
-1050142
23309
-653360
-208529
1082301
-319015
776986
893339
-861806
-417206
977390
-652737
1478354
-1458232
-1430769
976136
-648149
-278591
