#SpinCore Technologies, Inc.
#SF in MHz
#SW in Hz

[HEADER]
@CLASS=	RADIOPROCESSOR
@FIRMWARE= 3087
@SPINAPI= 20191127
@POINTS= 128
@SF= 21.670000
@SW= 127986.351562

[DATA]
-6506323
761506
-4953274
-1935634
-4072733
-4708217
784144
-3878457
2002718
-5946097
4239714
-3607192
3824314
-474142
4482282
3732212
2146558
2980018
1402244
3539832
-1047756
4176757
-3917941
3192929
-2998024
165557
-2378869
-661611
-3408676
-2490634
-1769125
-3201437
3289073
-2342641
2981344
-1262609
2883938
-2320855
1351815
553356
889550
3360913
-1042089
3009982
108299
1199792
-860205
794980
-3323420
496956
-2836044
-1117792
-1291008
81740
572261
-1685281
61180
-1821371
2263753
-1766576
-192437
-355829
86903
1643856
1663462
169812
-162872
304477
-1234687
398727
-1545507
438867
-1578168
-902288
-1468308
427907
-1555847
-509566
708978
-789240
-71732
-663523
-1051731
-644763
-1032424
-1180180
1857086
-230538
331305
1082473
332390
132538
3570064
223
1512395
1024452
570811
434486
486768
33090
-3778
2372298
-862452
-212300
491677
481388
915819
-196279
-2126084
-1257662
-852735
-957746
-740117
762807
816546
-678454
-497674
-1847665
1878949
-241602
-586637
735050
-436551
1283240
61036
-455482
-345625
1551423
175455
99802
-615047
346904
1067963
2010286
-202080
-636755
569393
375545
-204583
-499298
228303
1268575
-225868
507689
-1187255
770513
1640753
-957759
-1062865
-995332
810396
823978
-1508408
190976
-215888
583605
-647923
-1991806
129126
334086
-549303
-444166
-23348
-933538
873593
-1218639
315784
-455000
894760
-798732
622079
-251030
179696
1162580
443063
-1003528
339757
715018
-864002
-91862
450819
422869
293865
-1185066
-59174
221046
-734922
687532
-1320215
802797
88559
-857089
82178
745948
-1338926
770693
345241
-581496
452681
-357073
-2204327
802752
-1409061
-994328
681668
1057387
329817
297652
-1249188
-384275
858238
-1605896
63593
602663
13437
1900037
1241280
-638100
1152402
-20552
-1175262
1049419
-1371183
246430
92905
2084496
596911
282043
1348533
721363
246130
296282
-384837
-112507
-371418
221272
270586
1249793
206206
-798833
-747716
-764268
-267941
-298243
-2042258
141857
1631385
-484997
316200
-653697
1047389
-1547015
-1208449
-892165
908318
687846
