#SpinCore Technologies, Inc.
#SF in MHz
#SW in Hz

[HEADER]
@CLASS=	RADIOPROCESSOR
@FIRMWARE= 3087
@SPINAPI= 20191127
@POINTS= 128
@SF= 21.670000
@SW= 127986.351562

[DATA]
-6008379
2017983
-4529368
-40534
-2977365
-3111476
-1210691
-4774683
607884
-4504404
2495871
-4290581
3935297
-1539872
5895193
121365
4038260
1825586
2006379
4188253
-578590
3999072
-2308860
2548138
-3105191
2777670
-2666221
1422657
-2916392
-3620551
-2764957
-1535033
-791078
-3155800
-964044
-2221483
1758555
-3797755
2959654
-1211579
2158532
719138
626589
-98703
3233837
2614986
-119434
1878768
-1039900
2057565
-1680211
-415284
-517141
451540
-1272402
-1207913
-1607102
-253615
1313697
-2637217
449458
-1224564
1299473
-493937
29016
146608
1558621
1325518
-119455
1911104
525963
1019667
-298964
253830
518160
3069117
-1634782
620948
-946492
217254
-267298
-313147
-1345718
1478268
-862065
-297592
-718437
-85619
-386905
-1335168
-933378
477391
-135827
-607463
762510
1014215
1455374
-412890
-708286
-73394
1813176
-996886
275404
-151131
-708961
-516720
797200
-287310
372176
-912428
-410494
247383
989003
145568
257641
182472
1668180
-368259
-419861
224500
1678967
53341
865025
-112954
1290509
1417008
539909
1608944
-1846793
1583928
-440340
478129
-1554944
1168301
-1561910
-247487
-1258145
-68173
-465472
-1343365
-2465527
771389
-799189
-1061694
-90794
-585941
1518094
-1394894
-2059657
-1061767
-269732
-1575351
-24121
1431454
1592515
-566830
-124605
-1461744
705355
-1351954
1651345
451693
926200
2001679
1867806
-1121550
800940
-342286
-177679
414086
-1800718
981669
1367053
811488
695855
423812
-436623
-458650
-2462950
473135
-481698
1217161
530297
-148395
-484245
-1084438
-1604251
285970
-562946
968028
-590414
-424547
-863731
267239
261045
-1490934
-1023957
-652577
-881398
115492
-268847
-207057
836542
-2246962
895942
-1076342
231159
-1855241
-437791
-1195808
874049
-462666
2190509
975661
80411
680174
38123
-1379409
-1306249
409737
603920
1126632
-178290
950765
-483779
-1104777
301298
431764
-335431
187106
-888223
2129653
972916
781883
595471
-181474
-2298907
313840
-992315
-1020723
228151
376014
120057
182763
-2382683
-1999125
-1871220
-759449
-152409
802181
245423
-201702
195123
-604674
-581856
-915831
