#SpinCore Technologies, Inc.
#SF in MHz
#SW in Hz

[HEADER]
@CLASS=	RADIOPROCESSOR
@FIRMWARE= 3087
@SPINAPI= 20191127
@POINTS= 128
@SF= 21.670000
@SW= 127986.351562

[DATA]
5739967
-1316151
5613400
3090319
4081781
5379922
86715
4780414
-3096493
3952122
-4104917
2592916
-5897169
118458
-4166541
-2301400
-2422005
-6255897
-816533
-4181778
2951481
-5060644
5356395
-1165595
4072347
-1056286
3635835
3250986
2136398
4228491
997919
4597278
8890
2141283
-3752984
2080000
-2727036
-1386080
-2216914
177929
-152587
-2594254
-70654
-3204759
1858928
-1870729
1638152
369998
2877577
711282
470337
2530411
1355119
2370766
-1158730
2177852
-1473225
1684067
-1797623
754674
-1589797
235031
-1339376
-200938
-47420
-1469787
-986521
-754530
696820
633947
582877
-975030
981585
-1636355
571253
-587962
-71740
521234
588551
620127
1687681
-89512
-114619
228390
819620
1108995
-797582
1653310
-613962
448459
-923129
-609248
-552368
-63246
-239613
-956616
279068
369537
-303673
-342851
1274830
-1851215
-171894
-144764
1428847
253286
629195
1269485
-516339
836734
289186
613057
-636392
249786
-396265
-1063435
-1388547
892176
344946
-803745
301225
240619
318317
-69479
926152
-974712
-992249
622463
706754
-328123
-234851
649122
-493334
-414635
878071
375545
-696750
1463590
732740
1203063
-2014987
-1092671
865496
-838873
-1141285
-1050037
221198
202372
-1052156
-918317
-270972
211595
-140473
-82341
1041107
353967
502851
-998924
-1062619
-167054
32729
-1564959
263783
-321117
828312
54539
-558259
448679
313417
-546940
193162
-656755
1691583
1111971
69189
403388
890159
-768289
1047725
-995400
-539869
479147
1106339
-103974
-1278622
-457349
1544867
986266
-1403638
1335811
187504
-476504
972168
639979
1148597
350656
-208620
-1300986
-113399
689418
373909
1122228
408035
1540887
-470643
-819326
-708995
412498
-130156
579779
241229
-87341
1150328
-1829459
-845029
-1245788
247429
1440721
-1003726
93419
285719
-290245
-179440
-387842
-1246686
27187
-781570
-55904
620699
-787186
-194155
65320
-1102296
-703062
-556742
-597121
524035
153064
156912
195423
-392547
-816728
523325
-696419
985704
718708
-1070785
-969076
-545925
-998787
1002434
575895
-778169
569431
789807
-303342
