#SpinCore Technologies, Inc.
#SF in MHz
#SW in Hz

[HEADER]
@CLASS=	RADIOPROCESSOR
@FIRMWARE= 3087
@SPINAPI= 20191127
@POINTS= 128
@SF= 21.670000
@SW= 127986.351562

[DATA]
-4263220
96317
-4017856
-1436780
-2303084
-1678331
-416847
-801373
504205
-4271212
694615
-2136128
2149613
-196040
1286300
1276565
358756
1348655
1562960
937468
39530
590484
-2683801
2332502
-1490368
-521155
-2143207
-2303911
-2388290
-880517
-413855
-781680
-709958
-1918959
669627
-1805442
2385823
-2217035
1257215
677387
851878
1996566
664632
-281118
55304
-627251
-1957374
946306
-1439064
411781
-1106108
-306262
475533
-1858206
-90087
-1033364
-419296
-1463565
494612
-1438488
590386
-1530444
882841
1671838
921975
25756
1188527
314947
-259378
95186
-118173
-216045
-955807
838984
-583983
-685130
-385996
-344430
164600
-876967
-543475
-1104848
-27620
-650766
-62764
-972383
-189848
-361740
-466348
12114
757849
905860
-500435
-647528
-1173495
29073
-536630
355050
283676
220920
999579
659979
-338760
1603430
-1315489
-1348480
104737
-418589
-903940
-769725
247136
105750
-1117643
-67578
1692419
-335938
-939976
1093291
255130
-621414
-1140580
-1281449
1404558
-518600
855941
1516067
-115117
-599861
-510005
-274864
-1448826
282204
-183049
721286
126656
1081045
207953
-1397628
-729137
-1472109
1024182
-311556
-142014
-115500
-977131
-1076597
-551409
303883
1515898
-896622
-820943
323061
-875365
-613036
-235564
616019
-594924
550455
-1275292
184190
-1379564
-556392
-697323
-1794616
769454
464912
42207
1276405
823579
-1031282
281962
-1232648
909269
637649
-305205
630777
-931918
-926103
514045
-191994
-448206
121042
-1111499
969324
216844
-1093854
-758039
-899221
-10075
377164
-156465
643520
287657
281539
744188
-1049303
-744988
871425
-503668
-898799
96042
-703369
1008804
-265125
632608
28376
-149566
-1446637
-559297
999673
-202041
-634578
1008720
763623
-624212
-1933733
-1206986
-197717
-425571
630831
24176
239771
-776168
152013
15071
512966
530660
-935770
94138
1403899
-115567
-806301
-9917
-883962
898288
1005661
855313
592861
575990
-575008
907824
-93981
1074737
-109651
-525295
158881
135080
-459028
-1942930
926749
1268637
-193391
1402029
-484765
441099
-1123763
