#SpinCore Technologies, Inc.
#SF in MHz
#SW in Hz

[HEADER]
@CLASS=	RADIOPROCESSOR
@FIRMWARE= 3087
@SPINAPI= 20191127
@POINTS= 128
@SF= 21.670000
@SW= 127986.351562

[DATA]
14757604
-6133173
16743364
2733417
12948837
9564842
6788026
15141181
-1420988
14777954
-8300620
12605204
-12614542
7191569
-14477355
-284761
-12455491
-7302232
-7776552
-11585735
-1196415
-12245888
4710190
-11210223
9712983
-8420008
10972401
-2025719
11178604
3825165
7277500
8174678
2748378
9038366
-1554511
9515146
-5543901
7051864
-8487581
3844964
-8047479
-1132880
-6862721
-4507083
-3561977
-5789012
-872006
-6647609
2555008
-6391923
5168960
-3589093
5515630
-838262
4692482
2209775
4488987
2694858
2411182
3631706
394533
3923912
-2240617
3515580
-2904584
2051436
-3032565
686935
-2816261
-643338
-3179111
-2202952
-1046865
-2064979
-273145
-2214766
383677
-1822624
1138771
-2044913
1408368
-87611
2536204
455924
1088262
-137650
655470
232669
347104
1257118
-534569
1944369
-702328
968051
-645627
922409
-749682
-16790
-2063564
502915
-1558506
-868057
355304
-1548374
149809
-1221439
-305314
-515807
392133
-759131
1765082
-201826
1521499
634592
815506
865628
-89087
651592
132549
1336915
13531
695680
-589638
830043
-1474608
23993
-1061901
767637
-5687
-489138
140551
-141747
244579
-919179
582883
-144180
462147
-140148
168999
-174113
292512
-194659
787295
750461
330746
516635
-52141
526946
-352180
-346761
-56355
1014038
627599
525686
166946
100879
-288583
-194489
-193267
17770
-69470
367331
373946
-108960
837523
-184298
-388304
501481
-540966
520977
-189660
72380
483306
-89125
-1140298
406489
-884935
-22876
-196271
-425082
-395717
165702
-279947
270138
-66163
-69815
-23581
-431036
-215295
-122721
333668
-420287
-233976
-563714
88967
-517092
230163
-251005
801842
-524283
-289824
-49668
-729794
504779
-461237
463715
198277
589862
798592
-137511
-23936
747833
441204
-591012
436153
763978
-307682
-127685
-562295
75883
751858
-376361
281091
262735
249779
-393605
320166
65594
706146
157320
-418609
522194
106763
474022
237118
742042
-480757
-229109
-38481
7586
-428772
120908
-31640
241164
-73961
-556510
175787
-261091
-215737
562092
-412492
797898
-135294
-878967
120306
-1288
