#SpinCore Technologies, Inc.
#SF in MHz
#SW in Hz

[HEADER]
@CLASS=	RADIOPROCESSOR
@FIRMWARE= 3087
@SPINAPI= 20191127
@POINTS= 128
@SF= 21.670000
@SW= 127986.351562

[DATA]
2659002
1136036
813258
1357796
304688
-1054993
-76641
1136346
303353
1753050
1651982
2420164
-330495
-859771
-74696
-1145772
-1580288
507686
28051
837330
956742
-919607
805954
-1363956
-1442269
2197002
-659030
1555430
312793
1135788
1429556
-509092
-2871214
1281691
-929278
-829227
295415
1311768
576126
-415293
-1008348
-40244
-992250
354738
994107
-838926
1336716
-572347
-2103046
-1273372
-902025
-346233
-1164829
858026
899013
1539306
-1609270
-1075722
-953964
-404100
-200866
-1102705
16383
469685
1177395
-864511
307166
-1984502
-1141535
-1167079
583118
970432
2149211
-73439
549840
-1888907
679722
-550691
-797554
-6817
1881276
303860
1795637
-1166626
1960200
-405435
-527186
-744304
21490
-277890
980601
1732971
1294043
-349066
39278
-669087
-408405
338565
2723488
3012204
900170
1061577
797465
395407
-1636665
588117
533238
1616547
-1287399
1477000
1914051
165418
-57373
560503
-646763
225891
-1006796
1067862
-303304
515568
-541522
-596000
67690
242851
-1452916
-212288
-892631
1619888
-372274
-351613
-760369
1092706
225244
-911723
-1373886
1787959
-261498
-1347197
196440
399458
-1164000
728748
-2107418
1344816
-64032
117301
382789
-640233
-426240
-433510
-906111
-16538
282358
887890
125293
-427726
-481500
-571311
-655496
335863
1481385
314664
124061
-148207
60632
-970432
-662293
-910634
726518
-805202
535672
471115
-27865
-996490
87480
2718517
762079
-463645
-572175
33404
627771
-226867
381610
268427
-775248
-861921
1056867
296604
-556056
-201562
1103246
739211
-1356387
269309
164948
104861
-35428
-196728
-386212
296808
-786797
31098
-1956890
-1502305
746102
1021330
181837
1516826
-337914
-549764
-783213
-753696
1154053
1006042
-242051
1735090
-547412
-1633856
-590237
-102475
229651
235385
75580
607974
-1209419
627338
407548
-123274
-2468869
730492
1150791
-625721
-901154
-1944081
845057
-734650
-1619616
44488
1083041
-822652
1313784
513870
787156
-1943375
-288451
-803144
-86731
-2336303
1113748
-661297
466469
1303265
392016
-233597
651590
343001
