#SpinCore Technologies, Inc.
#SF in MHz
#SW in Hz

[HEADER]
@CLASS=	RADIOPROCESSOR
@FIRMWARE= 3087
@SPINAPI= 20191127
@POINTS= 128
@SF= 21.670000
@SW= 127986.351562

[DATA]
-5957119
1640953
-6756492
-3207510
-3004710
-4101446
-895155
-5461831
856144
-6649426
4305942
-4315947
5495311
477215
5495098
2669173
2854750
2162261
1943480
5457656
-2621766
4257154
-3955426
2274578
-4244852
332897
-5596773
-717928
-2392139
-2313125
-1346687
-3087102
336985
-3258125
3908341
-2868177
2732917
-353589
2353256
2189791
1864275
2911007
1007274
1633765
-650842
2030904
-2328092
599623
-3070335
920633
-374508
106984
-698330
-999477
-166990
-2134058
815127
-2920014
1057315
-1472811
928140
-1361914
2442772
1139630
923974
1026124
-588876
2417180
237835
502393
-429671
623446
-453862
448558
-1311900
-651439
502919
1133101
203430
-464557
-180826
-1283030
484840
-1945526
-250409
756103
752831
-640515
1448824
-62387
3043730
669143
-985140
-714063
-1075135
-37696
215758
2394716
-87538
721884
484705
-727517
11428
-905804
-1089462
-378218
-561786
-1456275
-132963
774940
-427840
1033887
853947
-1270932
-360757
-1003301
-821212
-580761
-203018
-629693
-92858
440071
180396
485777
281383
-978513
1017114
-322368
-589537
1133529
-795394
-1405587
500144
92624
1002205
-284502
1791187
-258292
293739
23270
1138542
-678457
50987
-848325
1536676
487960
324191
352195
174220
469268
1476426
281255
-655649
414857
273288
254694
-753733
193982
-32732
-637226
-1265954
548005
1362983
270415
-623472
-513386
482883
1266189
270256
-1302038
429183
-1314390
1091858
720409
-59371
830069
-1105209
-856161
1341966
937340
540369
264557
-696785
-458585
434352
188834
-1084051
223899
-1580355
-754481
-59298
-1428681
180185
-376890
-496133
-589499
1055959
-537058
-25635
-287365
195913
1204672
735489
-512545
718819
1200923
-489577
932442
-3070796
-1657359
-422684
994421
272553
415218
-1228174
-34693
958210
-874162
-51522
-605834
-1195720
-1427641
-349886
-172615
1056198
764063
-1058445
477370
351565
-802406
307376
-457849
197594
1233316
570908
504648
-122913
505667
1606467
48367
247002
-1441609
37807
-685678
-126321
76957
554509
772703
-2309
-1676462
1099383
-524414
-729104
182079
-31731
-3741
