#SpinCore Technologies, Inc.
#SF in MHz
#SW in Hz

[HEADER]
@CLASS=	RADIOPROCESSOR
@FIRMWARE= 3087
@SPINAPI= 20191127
@POINTS= 128
@SF= 21.670000
@SW= 127986.351562

[DATA]
-3563069
955120
-4930498
-4654343
-1018557
-4475367
872679
-4711717
1989472
-2192687
4565986
-1181005
3644434
1054154
1465270
4002071
341323
4224339
-146923
4239113
-3043249
1302005
-3817625
-523206
-2267113
-2541642
-785890
-2036695
-1365639
-1947844
2333456
-3764788
2679290
396951
3545596
1346363
1719213
1302741
1591319
1482853
-975227
2054478
-2811201
1659695
-2934230
-552929
-2901946
-182216
-1126126
-715909
368324
-2321999
1955313
-850407
1938129
1796
997061
563903
1122595
1025135
745454
1024805
-173367
813493
-1028533
296143
-371135
-13632
-1158801
-291800
-389810
-1604659
856322
-2334929
1274579
688455
-72781
-301135
979545
-1105254
1205258
-577334
523183
1104741
-412264
459928
693929
890699
338517
1211315
474676
1613078
-43291
1041428
-220146
-71909
-1298946
-408739
-907892
-998373
-768270
934759
42952
243514
333238
-604595
925169
-604848
326491
25217
999091
663579
1164825
-609829
431870
-78146
-305280
-501666
175253
-104253
-291253
-689686
989525
16148
-1237179
-332920
761096
276430
-586197
-613182
849452
782018
400632
3778
-85767
-386612
-28225
-738026
-998508
-645166
208078
545720
-1314809
477785
1494021
122300
-1415134
-901582
-1131631
-1488548
393130
1008304
1632414
414752
1925419
-563828
411230
-589410
-429376
1278396
-1657963
844277
9801
-16055
1081665
134945
-992168
-799483
-153285
808579
-204171
1195918
-567488
1515024
552611
-927173
561213
-423108
-1338187
-748123
925888
-1083491
1041726
-144711
-54241
386266
309111
-1830471
95612
-1141476
117226
390382
-701411
1253443
2667236
-381009
1008756
-435722
-97614
1027378
-546098
-1256691
1309708
865368
991123
1072182
-1177925
311416
-34256
-628868
-1508630
-580293
376145
1380275
-145602
-1546449
-95188
-173847
-727426
-422295
436868
815788
944459
582510
-93716
1239879
231603
-357541
1539858
158969
1301200
796964
205528
578997
1227107
-1433401
453231
4277
39718
-402519
-269188
-165284
1155866
648445
-171355
-408341
-1253818
-501426
811372
575166
-841647
155751
435518
219312
465915
-480456
