#SpinCore Technologies, Inc.
#SF in MHz
#SW in Hz

[HEADER]
@CLASS=	RADIOPROCESSOR
@FIRMWARE= 3087
@SPINAPI= 20191127
@POINTS= 128
@SF= 21.670000
@SW= 127986.351562

[DATA]
-2821805
791501
-1745171
-2443800
-3131379
-1466511
-1239723
-3780051
546232
-419041
1492504
-1993589
1605283
-365210
1430252
1191924
359980
2568805
70119
761800
-939238
472380
-2032258
1600040
-1248442
1403429
-3512783
-1251833
-1482523
-611971
338685
-553832
1897581
-1725048
1412779
1207834
1362925
614238
1273524
1474885
683096
789888
258988
1244429
-216272
3123435
-220667
792726
-1693392
-905129
-987338
204788
1760804
164853
67326
-1586490
-406202
-19685
653527
-927620
679956
-1687234
1737931
982921
126024
-330402
-441656
851312
-356536
-116673
-233660
-1349860
-49280
739846
-132760
283669
-1999193
-1065064
-1099520
-950142
-348075
-353763
-484337
1602286
-1091270
1697093
258514
-1012655
84862
594165
1535428
1169884
160952
696440
-520445
-832913
653745
-339795
1489618
-984242
-364971
1174442
-131769
-403567
565549
-599191
922684
-1744425
-217276
383620
-1376607
488872
-219221
393823
-715349
-750311
1233714
-225451
456526
878751
741553
-477968
-2314947
781215
209450
-1735932
-392340
1347413
-864015
210485
-1648743
-301466
-834293
-946560
1857974
-672925
-260413
-332373
-334753
665187
-72950
-727279
-260406
-1050063
923186
656523
175572
202504
-370766
369840
-1140616
68434
-139920
-248586
-227903
-822478
487329
914436
854268
1802233
-278474
-362347
1003036
501991
1800839
419897
986455
1354745
-639711
-1507329
69240
-1732258
1019738
148827
1201969
-14616
-723785
961014
116035
121114
383165
-1446733
837502
-128818
-728293
1128891
182750
73928
-954483
-581174
-145411
-1773506
365613
-682122
-619887
-139088
-1621948
-1473002
-894647
-1231427
-246508
394238
524241
1611223
-567001
481773
-1170714
-168387
-262814
-1254973
646220
572361
65506
1051076
-44521
974113
335584
875490
-517758
-199414
1072666
1120631
27525
41949
1014063
641740
14813
-606049
935356
493648
-1040969
-237915
757390
70130
-1680694
-508112
-1436607
-1131026
-366250
-539912
567475
851622
-492241
-874750
-977241
351219
-638456
-177630
562070
-355682
272230
-767517
-975209
2038604
-1071828
847935
