#SpinCore Technologies, Inc.
#SF in MHz
#SW in Hz

[HEADER]
@CLASS=	RADIOPROCESSOR
@FIRMWARE= 3087
@SPINAPI= 20191127
@POINTS= 128
@SF= 21.670000
@SW= 127986.351562

[DATA]
-4511557
922961
-4906685
-2247863
-3543914
-3202634
1563473
-4576010
1960017
-3667426
1868302
-3149634
5622565
-1270883
5513098
1702736
2611493
5335054
639960
3163405
-285770
4588346
-1452183
2654216
-4632767
2052434
-4245540
-1213361
-1595836
-1754847
-936770
-2827256
-317263
-1937083
2165363
-1302550
2446288
517118
2478261
728096
-19592
1933986
-128235
-8788
-1513558
2797159
-823224
2313954
-2977709
375447
-1002725
-2693753
-836483
-945610
-7735
-998164
-60802
-190469
1011625
-2571115
1675986
-16551
486160
-814038
1167314
807099
1037625
-641907
2377163
1076494
-1678233
428340
141960
889761
-619751
-1004843
-813456
304751
681583
561863
538712
-255257
366446
-486210
1701014
-69314
-397449
-550227
-590660
-326239
1382805
-886232
484204
1326069
1030075
7836
-1037754
-481771
753652
1351679
1175805
763884
-956209
527613
-607574
-377111
1255
1204315
-625793
-302213
-253943
652120
776480
-1496957
1193323
538344
34999
880997
1157324
-658850
-93967
177708
989591
1329748
-1162217
-24698
-383434
832289
1577203
842640
-1244634
1076804
-1605637
141732
397947
415499
319770
-112426
-1760657
495740
206260
-1502261
-3411
471916
949926
529939
-829850
396798
-1520331
-232864
-372984
501447
30642
-381231
-131265
-451574
-592920
-1589705
-702946
217070
1061614
750190
658396
-333682
-1442346
178171
323674
-1337961
456152
752336
89505
312804
1072873
-868536
227463
-95637
808554
784756
332041
-559875
957223
-492262
-133010
732694
311432
977187
-818949
-1502463
356067
-19121
-879434
-553857
-1056316
209675
792876
157817
-50371
-1282954
-711088
-429565
1187364
-1127877
-201409
399852
2531951
-94582
-769497
-862659
-718004
983630
202841
1766607
-118484
1947252
-1249064
-1605933
1052373
1034976
655165
-398155
-121097
945639
-126821
-1154980
-273996
-39041
-594801
423344
-464387
-286638
-84161
-71278
-197747
338945
1314868
860875
-1441237
551565
898045
-592833
-478567
415034
-553075
1816040
-634055
391295
-430998
-2309355
-127918
2203801
-1354624
1330246
-2613618
-730301
640337
-160274
