#SpinCore Technologies, Inc.
#SF in MHz
#SW in Hz

[HEADER]
@CLASS=	RADIOPROCESSOR
@FIRMWARE= 3087
@SPINAPI= 20191127
@POINTS= 128
@SF= 21.670000
@SW= 127986.351562

[DATA]
-5553664
-141603
-5108290
-1254819
-4093034
-4412335
-232908
-5164475
1501741
-3877465
2716133
-3983228
5041262
-551797
4086323
1805893
3288110
3017648
283866
5589663
-518262
4276185
-4221253
3228376
-4117178
730377
-3885885
938584
-2891065
-2668666
-956734
-3843379
-521125
-3504064
3139183
57962
3672813
-1312344
3188895
934673
744714
2607751
1370572
2731544
-761259
2275033
-128020
2127989
-2332593
118761
-263929
-1064987
-847788
-2584621
341948
-2689624
462754
-311209
1013675
-1590610
1834759
-1472618
2107524
-1489646
1516215
855601
276779
537834
2001230
-196121
-2465552
438245
-1072715
-103249
-1450520
619881
-2161311
-2394303
-1713246
-146879
-45160
-1539526
-64667
-313311
319031
45283
1367312
256251
57924
-657459
1461503
160463
-131828
240882
-776250
324103
782053
-477291
-353781
-164431
1646379
658555
-1025171
213592
-1067332
-1953906
-877392
728280
204286
-316245
-399262
1840845
-301234
-869266
1771852
-123846
470432
181834
2178117
280956
-1096403
816634
-7949
-1278013
-585263
720427
484347
-229924
-1513031
697720
-402846
-527405
-1728048
663790
435185
-3114859
-1192760
30917
-901391
-842871
142946
875849
-1159396
-586391
524284
218370
-665069
1166130
1163931
1329554
-472741
612742
-624588
64542
88390
-596810
1485960
188735
1160952
618408
-308477
-315519
650635
-32584
787784
-2075790
748742
242253
521131
-1303871
903771
-2129498
202093
-729495
1892618
-1461513
305964
245202
-473385
-1771224
-1263304
-813306
-477230
-1364539
-319070
286220
-2605441
-532405
-956225
-962791
-1104647
460720
-640259
-1764025
365659
114724
118443
298831
77474
1318185
-464407
338126
-699761
214304
-1163608
151811
623909
329566
-1020288
1526402
-138697
704269
524447
504614
377390
-1667878
36936
2163597
-504487
967392
-962847
-114769
104477
-1207714
2231971
121947
-2154588
-1311548
-1176081
677691
-1283238
-1303642
-1325452
599255
-1303741
342442
342187
272637
-1413423
1509963
600076
-1533884
-845217
7101
-1083162
919925
-763718
1274612
-2040386
58604
844968
964451
-78569
-245089
867651
1361944
