#SpinCore Technologies, Inc.
#SF in MHz
#SW in Hz

[HEADER]
@CLASS=	RADIOPROCESSOR
@FIRMWARE= 3087
@SPINAPI= 20191127
@POINTS= 128
@SF= 21.670000
@SW= 127986.351562

[DATA]
2687083
-776453
3404373
1511798
2744328
1914947
892486
4566081
-2197863
3384766
-2782658
2377251
-4099238
972438
-2944340
-169224
-3524581
-2517491
403592
-3665645
572574
-2804544
865649
-1205953
1542580
-1685480
1542079
6742
2391904
1035224
-595647
2424971
-1837302
2054909
-1591941
371748
-1700784
-828230
-2760487
342894
-1755088
-768463
-1107310
-2184777
1415270
-3123332
-54919
-1234160
1039348
-844345
874144
84884
998612
-691330
1053390
1036522
540161
877621
-196256
951575
257122
327351
-406617
-1278822
-752135
-622318
-1412756
-1377008
1555150
592734
-481248
-942176
2676864
-1068235
698599
-851473
830557
847549
609733
147608
353781
1153270
-1406144
-867561
1444157
1347003
-1288608
1412000
1207999
-234404
-585212
-643212
439216
912277
-30356
416926
255195
-1282790
1042995
-1683422
-549100
122751
-1366061
121340
392572
-296628
632203
1933
-2032777
694537
-583526
1691362
-976898
-590290
1765555
-187666
-438458
367525
112040
-248985
-1570795
-496232
290658
218194
-338502
784130
-1126062
-1157945
-1593491
-1080742
1073982
236272
1336620
1917486
-1918074
726120
534774
660419
294124
882817
-1039124
530667
-2524188
-507633
308016
-446533
-339833
-559662
-53493
-551489
-400623
-1978784
-52386
-1639301
-211752
556210
-1267772
-89426
412196
-2110079
442427
-408815
606707
2054534
-270763
1323871
1375659
-862245
-1004495
-305213
-1653867
-737019
-1065345
134071
2879582
-1186276
-1012118
-959185
-540430
-617922
-1229436
-239892
1330051
-748332
176776
844831
680977
718140
358177
323150
387725
-341307
1042527
24350
23809
-32356
1445484
-1634709
705813
1053461
611117
611654
-569824
842174
-243756
-1238141
62424
-438804
1666343
1679482
-797367
388469
215906
200668
845967
207808
1461131
1489564
-689013
258434
1289737
-1544787
-624732
273969
-932885
2726043
788028
-79103
1230195
39919
1400755
430056
-329921
733275
725863
1361428
1634472
1680331
664416
339212
-2151993
367523
-668540
405276
16225
1844126
-240182
742709
-1304144
-772494
-537376
1298693
-1083352
1434839
797047
894949
