#SpinCore Technologies, Inc.
#SF in MHz
#SW in Hz

[HEADER]
@CLASS=	RADIOPROCESSOR
@FIRMWARE= 3087
@SPINAPI= 20191127
@POINTS= 128
@SF= 21.670000
@SW= 127986.351562

[DATA]
-3840020
831515
-2947188
818640
-228514
-2378310
573588
-2256440
620350
-2365800
1148876
-2382294
2367979
481610
2701213
142579
1496532
556293
470315
1996179
-1709871
2941196
492702
1961084
-1113048
78658
-1471248
126073
-3048585
-402948
-38661
-2036639
1412513
863717
342904
-323527
-394163
-1685286
1114017
489895
86697
1682403
523987
1426870
729752
-274338
-1051
-450704
-1136153
-384357
-1173175
-416567
103930
-300817
-162106
-270464
-119834
-1788603
157452
-723450
1809703
886889
1875552
869945
-265139
-187380
-437126
497589
347713
923274
-175997
1424811
566461
1141575
-510776
-1790682
-693279
553844
-1219029
-398512
-852764
707547
670457
-216604
-351518
-1095897
-1288503
-715221
-839834
-392649
108947
1025188
679671
177935
1259402
-2866688
1525178
-936219
-1183916
-25581
-303091
149081
2105359
754661
-74621
-368590
-83560
-1071340
-588079
-1061869
1393509
1673917
618157
-556721
996991
-1503930
1950836
471387
153297
2522545
-1009326
-171408
945660
359280
394107
1088875
-725422
1362050
-374035
-476482
1809942
565988
488772
-815529
-563522
-37961
-2214531
-539430
194288
1842500
454604
1094012
210756
-966392
-180354
-1340177
-795201
129385
-772836
1622803
1032436
-1146897
932731
-1422401
-673646
-551610
-1809072
444714
-789368
955968
259761
752092
-576033
-620071
-47352
-392270
377795
311684
584329
590880
-23385
234575
640444
164291
111301
-440747
-1473070
775405
542007
-191965
757543
313709
-267304
780566
-1259671
215733
-214949
546566
733885
671621
41562
-1133833
-1049115
-788847
-106625
1510270
-505678
-749296
174826
186515
-593639
-864513
-923476
993303
269606
-267657
-101618
367755
-321433
-156098
83251
-392374
-44601
-245799
-372832
164605
-350410
166871
329876
-194871
533380
-384872
19632
879231
40509
-1087888
-172209
-328363
49214
-1330910
-229216
772825
-614114
-607273
-830138
197948
1216369
-751142
-1291095
157311
79512
374257
352154
-72225
198925
412421
-1146825
-508854
162987
386325
1467593
-1262515
-147077
1199234
1057433
-1070170
