#SpinCore Technologies, Inc.
#SF in MHz
#SW in Hz

[HEADER]
@CLASS=	RADIOPROCESSOR
@FIRMWARE= 3087
@SPINAPI= 20191127
@POINTS= 128
@SF= 21.670000
@SW= 127986.351562

[DATA]
-5973672
969635
-2944547
-934077
-1875667
-4204259
-1007250
-3860563
256347
-2881402
3782278
-1955883
5644340
719697
4077309
473262
625781
3841995
-819532
3715929
-625163
4087140
-3246392
745670
-4001978
-308571
-2524526
-941154
-2217307
-274554
1282597
-2598366
331152
-3835285
1205704
-2148479
104410
1135787
3746920
1094940
1288697
1411668
431740
498278
-2975220
2058155
-1644295
1432546
-1321072
-665656
-7114
-1089104
-2248575
-1779647
-788714
14197
1784553
-1236911
1408376
-184330
1012943
-682360
903375
-236848
1240640
1269883
440793
1440902
-1395355
695651
-925574
1530840
-853182
-365538
-532594
906536
1579567
-835501
178604
-649317
-960708
-196045
432979
831666
752034
-553955
553031
1151799
-756342
-789573
73323
1321307
902731
53802
-1160026
398986
-95748
-459533
-855391
1258215
-1024150
-1167175
379898
1361973
-239605
-828800
-1788866
-253272
279487
-1133825
-164531
355258
1004118
-169331
-852874
-1011070
721716
-759303
-1063503
-337108
-546267
1886028
520798
-1530349
211126
-1106006
-1192770
119940
-1678082
262324
-203157
-761602
-430018
1577950
-1032452
-469891
97974
-454524
892407
755217
-1526493
498209
-680125
-1478660
825828
679055
297673
302301
-1688901
1119301
254673
-987375
-74350
376758
204356
-231797
-1357093
414965
91106
-853487
1134511
-551756
-1162100
-1231936
1169134
-188723
1238727
-409936
-6053
1365068
769198
-607055
-784980
-97594
517182
-685475
345631
-286454
600099
241111
-575784
736996
296421
-960849
347240
1194896
529573
124015
205588
-358931
855503
-687368
681404
957216
1062171
723657
707640
-172390
1276087
385622
134792
119702
-488793
163490
859516
-627179
2255149
1149636
-425134
84980
-1792130
1012758
285807
-464655
530960
1296054
617595
97682
-460448
-1005337
374646
623590
-1978384
1766182
454003
144179
289476
-1127534
248136
342745
-1722211
1228470
-135536
-936424
125640
-96203
56840
1271152
-1364830
-311025
264093
-1882711
1289804
-578697
-2059
-12403
-840445
-797016
747184
-1756793
-788708
-182498
-1167808
-917559
-1433919
915011
