#SpinCore Technologies, Inc.
#SF in MHz
#SW in Hz

[HEADER]
@CLASS=	RADIOPROCESSOR
@FIRMWARE= 3087
@SPINAPI= 20191127
@POINTS= 128
@SF= 21.670000
@SW= 127986.351562

[DATA]
18353800
-2291845
17507641
6776968
10940861
14380207
1652027
17311950
-7530222
16111482
-14116232
9862585
-16493108
1698511
-14406898
-7319157
-8469631
-13126477
-1252234
-14688182
6549192
-12257992
11917120
-7670249
13643142
-256083
11180566
6401389
7136546
9957463
409293
12624157
-5214885
9771817
-9359691
6314690
-9592608
276016
-9221550
-3335254
-5150569
-7404201
-963003
-9182721
3604004
-7369994
6711966
-4126696
6677796
-1392224
6239414
2559189
3780767
5226302
1157615
5244239
-1466967
3661639
-3627222
3328187
-5576376
1471551
-3545074
-942472
-2660187
-2445441
-917659
-3302605
-703798
-3587131
1707562
-1956036
2297390
-1011238
3078402
-612765
2423113
804630
1024437
1344671
147788
1781548
-251598
2517912
-1175916
857787
-1870063
705072
-1360602
280951
-2000045
-858155
-784275
-222277
126147
-1795527
332739
-1957099
157267
-1559196
324710
-403149
888722
-15700
1562645
270513
887962
536811
573713
1401920
-792558
1132380
-808760
1664206
-52447
347086
-618411
-199867
-1046076
-880547
-1132702
-405003
-23538
-753502
204790
-567587
1079829
-1453870
-156446
-283537
209016
-534026
878717
1003466
-206505
921067
342109
838363
-297038
-76570
-1247659
213306
-458977
-324997
231909
897774
-683841
-476224
-507511
-922488
729016
-111183
-638770
484627
427520
-177967
799415
-379070
427914
550554
247601
-616108
-399803
365006
524440
-77512
-339949
-482221
379501
-469491
-585642
-944526
517860
-559112
-693241
-319481
651850
-665493
1013421
-453909
-652703
509057
-618221
-347677
-198704
47693
-410997
1155738
217537
-51092
-429718
398154
-29504
-437673
-1105935
400432
-389510
-512800
693101
-225543
-133189
-547489
-541351
-552190
556301
-703201
258188
-549286
30741
577681
-177885
133490
146638
-4838
-316053
50469
-855795
433928
-87866
409627
163001
564470
82797
-336066
-26359
-274015
-199094
129480
-41301
-79370
-194333
126308
420166
-438169
-922098
364040
739372
-603181
697458
197822
253560
-206374
-36267
180740
319568
-1055977
532359
161775
-255335
652145
631677
105943
-100841
387048
339148
351506
