#SpinCore Technologies, Inc.
#SF in MHz
#SW in Hz

[HEADER]
@CLASS=	RADIOPROCESSOR
@FIRMWARE= 3087
@SPINAPI= 20191127
@POINTS= 128
@SF= 21.670000
@SW= 127986.351562

[DATA]
2859073
506987
2188255
70780
202535
3124798
1012178
2794996
-2353526
2533854
-2808228
1310386
-4324114
394191
-2779042
-1700606
-1520132
-2291490
81848
-1488457
1477811
-1120842
2716272
-1837022
4428056
978763
3394437
1930873
1164654
3281701
135323
1650548
-475888
1281784
-771043
1843186
-2862519
341024
-1514695
-1508430
-1003975
-2173989
2843469
-604399
1602683
92602
3044658
-1202503
2411642
-1405019
3868943
2230769
-254910
1017479
-548036
-427399
-360820
-132126
2061581
804731
-1051000
-707964
-2142725
-2961747
-507379
-924514
2054086
-2655989
-488535
-807358
-451497
-1605425
492951
-2333401
1802738
-685231
-50909
1651205
-1320581
-1164387
-518770
136165
-106546
-1165832
-1446670
739041
-2087309
-1477204
-655586
-420082
-684037
-2477891
1083524
-1018131
-893731
-1304043
65195
518806
-104733
-762860
691800
-1392256
707011
274818
-213643
2568149
-1456249
-443241
764520
-1250378
73519
458383
-259882
2106896
-2698115
-354826
-701243
-2120732
916377
86258
-549231
2068885
-1616519
140448
-720646
-1233772
561447
936804
150139
1558531
-1593400
-163073
-1077238
-1074672
747150
586462
-230015
1911806
80597
-765474
446485
-1151213
41390
1833135
-311847
2671188
-1506271
-1018322
-1000349
717547
-100221
1876632
731927
2155416
-650433
-654338
160578
-336301
788494
1107490
851760
79981
1104376
-23511
-1031682
-901587
292698
-156215
577516
-723916
1530456
-887595
-1218604
692561
-73988
1100858
571072
31215
1517848
-795280
-337658
1157537
-1822300
466272
1794670
-581986
1815998
-604173
970638
54181
-865446
894899
1443292
-1563516
1823909
-1357634
685456
134901
-882858
1501219
-816089
-3406257
369170
-328172
-194468
1171937
330096
963619
-40288
-2390099
2055935
758637
-1046981
-790896
1687853
1017884
134708
-1425027
-369919
-911785
-949654
-2977
38745
-1042803
-471819
-296764
174837
-428984
-184256
-589141
995354
-1170793
-1082843
549378
-729502
-1665991
72420
-1226008
274386
-1366848
1183281
-92850
-1566618
302991
374946
-2803734
609479
-412116
-1272207
-1429534
-293107
-1951
-144334
-885560
1974092
-750290
