#SpinCore Technologies, Inc.
#SF in MHz
#SW in Hz

[HEADER]
@CLASS=	RADIOPROCESSOR
@FIRMWARE= 3087
@SPINAPI= 20191127
@POINTS= 128
@SF= 21.670000
@SW= 127986.351562

[DATA]
1101543
223162
1476777
-694073
-109887
1036979
70057
343156
975350
-428723
1357150
978558
-862089
219217
-333524
-1543527
564167
-760707
-439555
672519
-63337
-1021319
3345193
-336515
2677515
220289
-1607570
1074788
752818
423602
-33695
949314
-396097
1474658
-1765007
-1074886
-747101
-210703
-545615
1673810
-875277
-1815218
141143
-683241
-29625
495767
1808561
570629
873883
-1837954
-298882
1203349
125897
-888203
-719776
761912
183602
211338
265993
-444199
204460
-128046
27201
-232541
-885554
404271
-269492
-1242690
68029
-196503
-30117
-297247
-620377
142114
1679430
37098
1077410
-907449
1114677
-392398
-308197
-71504
-470239
625002
647381
901400
523570
453074
1067732
749378
331736
-612797
-255669
1952979
294461
-122770
420886
1011009
-596396
-393500
-960421
770967
995430
374850
71647
724287
-616046
-581881
-1261112
-482124
-595668
140669
-584976
-481699
952777
923937
1361544
-341246
-89462
479594
-574961
-1119082
-760360
448031
988980
-694148
1023909
437813
-232875
236514
-566928
-616506
-804790
533564
925094
862439
-922771
594969
-352217
-384212
-28105
887269
-638497
709649
-979877
520792
-1330793
1077305
-478793
-538723
-136321
896316
912748
-1015393
-1429419
845580
542940
480243
-1122946
38377
-574500
-972635
-481963
-129291
1320189
480020
-513508
-70448
492469
-504996
219430
156577
545312
1553858
-423398
-1040874
911313
-310049
1069470
-284130
-700732
248515
914164
-560554
792856
1210475
-183434
342349
208187
-259738
-652432
-958891
459133
1481743
-552626
614372
1293397
59774
-494905
323696
-947712
-1230086
-757033
175211
1493414
1145755
2366
722733
397739
-2104452
-626521
-1487533
-448633
1022479
-757415
-117117
-556580
159536
633228
-924688
-917089
999342
-179423
-1434235
-525563
-420282
-923093
-310451
-1647209
-712404
-643706
-1306341
-423852
719018
-578518
854791
-661669
-1911
1260525
1058259
507404
1066241
464966
316633
388798
-628394
459373
1282476
-755723
324181
-36023
563883
449865
-465017
504279
132211
