#SpinCore Technologies, Inc.
#SF in MHz
#SW in Hz

[HEADER]
@CLASS=	RADIOPROCESSOR
@FIRMWARE= 3087
@SPINAPI= 20191127
@POINTS= 128
@SF= 21.670000
@SW= 127986.351562

[DATA]
-1837290
205230
-920308
-2764768
-1045601
-905372
-1104042
-3009159
-179405
-3471869
1233629
-1735933
-1498367
1942837
1048645
1366508
1730998
1209231
163891
1337559
-3591368
755660
-2241612
258730
-566233
-969586
390609
-475671
-2852197
-2757943
-229854
-2722350
2065072
-2562091
2046291
345346
1263410
-464185
2253375
-567125
375396
374011
456410
1900072
464986
-361880
291985
-631958
-255314
398824
-1942128
286575
199496
-965898
-427010
-1927857
960213
204481
46119
32868
1832678
-605273
2642986
39532
441336
785422
-1749714
1780950
454472
-450709
1678514
232789
-1178857
344007
-2268094
960405
299846
-199513
710340
937019
1103976
-1236566
-1425190
-666129
-166790
-69902
642119
1222880
-47570
396727
-3076383
-850781
-903319
348370
-418139
1025597
-552378
544710
-1139306
-1297066
-1786812
-1406930
-843703
-233115
-57
-1113510
193375
-1423446
600853
-353407
128974
-139009
797529
-678305
2249170
-754013
1008240
-1365018
819527
-853278
480792
-1822635
2257096
-678965
1191977
721485
-312137
-555602
1550677
392692
213522
-1109887
677713
1025093
393375
-938296
420184
972036
-611072
526963
432029
887001
-771084
-1238790
496322
650812
-1079791
734543
115281
2128737
-202343
52395
1561202
-1108587
-111975
-172789
-1546040
1935432
-100519
1073623
774199
-113472
655707
-726805
-1784991
-415896
-729553
223591
1057191
1279649
322970
813860
-1943218
-810921
-2044826
-620307
436354
874214
1111963
-140110
223443
-1791648
-1290046
-925193
-773050
446119
-311356
661771
384585
-1353511
917186
-362543
-1225629
-200272
-1011714
694061
1028778
-1875951
1153801
-365131
-646112
218911
-1190498
-249970
1094133
-757170
600757
882230
-1495031
-182588
943186
-341597
-12877
549898
836688
1566260
187826
-650357
-459727
-132882
-358563
166361
-482907
1904965
1003863
-524808
718247
-737419
772931
-379509
-784421
1968786
-342278
293220
1076387
-26973
-219580
-1967444
-1610020
513846
-19853
148208
598751
441763
2122763
-1323265
-763878
-1421331
-732831
-51446
356907
266255
1675238
-1610901
-465080
-326773
