#SpinCore Technologies, Inc.
#SF in MHz
#SW in Hz

[HEADER]
@CLASS=	RADIOPROCESSOR
@FIRMWARE= 3087
@SPINAPI= 20191127
@POINTS= 128
@SF= 21.670000
@SW= 127986.351562

[DATA]
16979423
-1225766
14876655
8048954
8668080
13922347
479996
15888037
-7790618
13602898
-13772839
7572420
-14709947
-278796
-12674894
-7524372
-6969196
-12704206
852693
-13490123
7788771
-10831345
12412277
-5337961
12051845
584455
9178297
7139175
3524892
10551060
-1438608
10969235
-7056333
7809790
-9150802
3709153
-9716035
-1895633
-6452417
-5479128
-2393270
-8116978
1046881
-7702072
4767701
-5623415
6440387
-1714702
7395199
1041964
4451789
4013371
1317024
5046218
-1050904
5584368
-2168312
3650063
-3933752
2201578
-4341836
-938022
-3452458
-1998704
-808737
-3475098
264596
-2558200
1749451
-2515055
1449674
-735785
2921956
342227
2464538
1225604
1065393
1464811
-41483
1798207
-392671
2779390
-1194683
1809665
-2531023
602028
-1974102
727153
-1148161
814693
-1100369
-490139
-1159186
-2161381
626819
-1488259
169451
-450065
981689
423060
453147
-256131
1052408
797983
168332
1479944
-263551
2094354
-794761
722874
-942224
476579
-1175842
96558
-1511040
14893
-1593009
-284345
-243874
-1814735
585343
-1363324
-56402
-596641
993812
-108460
1371783
-990701
989035
-19067
-157471
1132419
143379
1039829
112021
588112
-253817
317987
-1107194
927322
-634779
-113048
-76526
-257655
-174994
-853415
-644865
-792780
189558
-443382
680145
61421
510780
111483
320096
208646
418841
-547000
-898825
249393
-441617
952457
-1143601
664373
-230245
-644449
-688705
948539
-177042
-506182
-609950
-752987
-6283
-557832
-333419
543624
-214891
-273275
-392401
-354593
109575
-280904
-614900
1205859
-349573
-391690
-261799
-113003
909125
-177500
-439114
255106
-492376
307404
-475405
-960891
315316
558235
-10566
-650329
-45951
284158
-69970
-13550
652404
317667
-533294
-312851
-961519
9939
49033
-374734
328907
-349351
-420867
256111
-990223
-321966
-515624
-823803
652747
50218
502153
-356018
-535764
27408
516682
-1075697
443502
-188256
-26115
229518
-363603
-37679
-924996
-438077
557941
-246880
-620174
278117
-97734
262515
-21895
-49854
53868
-499522
-914753
-121706
308891
-926923
140713
-563784
247620
-797674
-93006
167614
