#SpinCore Technologies, Inc.
#SF in MHz
#SW in Hz

[HEADER]
@CLASS=	RADIOPROCESSOR
@FIRMWARE= 3087
@SPINAPI= 20191127
@POINTS= 128
@SF= 21.670000
@SW= 127986.351562

[DATA]
222525
563067
407206
1993899
1836908
373879
1441815
446013
-2182801
142096
-1164268
-1414549
-1794284
1175011
938170
-714831
1017329
-1554024
763842
-75012
-37066
-1414686
-124296
-625303
971790
661922
-547695
963077
762766
-1279162
371301
354858
-1133080
-560773
-928908
-1392214
165307
-13254
-850282
-623475
1142915
-615739
2561469
-681985
1075162
326305
517061
-316527
787449
428926
279636
968088
-498800
-501799
-353376
2013010
-593692
-890907
-126009
300026
16770
-397573
-1714365
385638
878990
-224434
321834
1400786
87386
-709546
1472596
-547793
86877
70332
327911
-59733
439519
-578631
825648
632797
500695
568078
-1199143
-124139
118928
-1031938
-443450
1614276
-22169
-556260
12141
-139512
227473
1744950
133771
-932421
849573
-1082748
713876
195168
-579613
-1783281
1262983
-32972
804592
2434777
-96734
196154
1125193
-112088
698988
101713
44225
-146564
-54534
-234057
389581
1235172
871222
389653
1195602
-1519592
179061
-331357
241762
72204
-330067
84591
419474
1596724
478940
-791601
269530
921963
-952256
113692
-1813973
-1125235
-160166
625178
471076
267166
-855581
178351
1927020
-1902966
915123
-599669
663430
-152075
-902555
-572316
-227874
935372
-125259
-535679
1430839
-40774
-414705
229846
-213260
689929
-317093
183866
-1591090
738971
673235
-83251
1315609
-1412424
609989
-451036
960645
-149521
-747176
-1431157
904084
881533
-809578
1177756
839389
464271
774471
-578396
485727
667362
89705
-649782
49447
244245
715251
-129683
5465
-960584
734670
396788
-410898
-516946
-1188590
320941
975127
849201
-46513
907812
-573535
-1222226
-868762
-413708
1151186
1194083
-893843
-285944
2158259
-592625
-271468
-515329
168426
529646
-1146823
140258
-706723
1937327
1027104
-359434
395313
-590367
123244
941185
-1512360
-2428775
330660
-869286
1105585
270897
-305091
802895
954002
-157169
-59517
-14675
-134903
4454
-1415366
278582
-1353684
1297894
694536
-157997
585487
671846
1443539
-1371828
-1040082
-2175979
1365203
-28941
