#SpinCore Technologies, Inc.
#SF in MHz
#SW in Hz

[HEADER]
@CLASS=	RADIOPROCESSOR
@FIRMWARE= 3087
@SPINAPI= 20191127
@POINTS= 128
@SF= 21.670000
@SW= 127986.351562

[DATA]
-4843083
659023
-3486552
-2921477
-1395842
-5908243
104856
-4110405
2478212
-3595563
5724939
-3598073
5882977
-112954
3537509
2373645
1143851
5807112
-750426
4446366
-2211625
3682545
-4353391
1173954
-5890926
-75997
-3177634
-1576713
-651961
-2653393
1523176
-4741296
132328
-2404686
3214318
-643978
4197503
902799
2522745
2334904
414298
1361215
-1308028
3560806
-1437445
3573443
-2545424
2893332
-2260754
-2007884
-1659019
-1193899
-2226574
-1399531
-616987
350829
1807033
-2112502
753705
-2144360
1672569
-114117
605479
53434
1289401
234358
-466947
-484902
999740
784999
-1512758
440305
-1936671
608360
-251803
-2668640
2210493
-676888
-1105157
-2361044
-649491
-176388
685592
-1330800
1078192
-43936
637236
-808031
-339724
-361851
2158194
-884604
761788
1371445
-1350439
-1192895
144278
-669181
691488
1927064
-1548186
2769667
-400606
-1109828
547299
-1543395
608856
1220231
252710
2103942
1458657
127234
657480
-110760
-260590
1522344
-909630
2053812
163648
1529837
1635824
397202
-956234
1268509
-1391063
1242226
-39463
135289
1808648
-687468
-981359
472060
-2040482
-286629
-1087006
24671
1146955
1526285
-489471
848926
-1556914
-799813
-324400
-32660
479696
1284943
589258
2032588
-910258
-1479962
1756713
-1800297
563987
1109698
-1080927
23681
104137
-2394765
1298243
-1549870
-461613
-501777
-1469423
680038
1748625
-1767536
2228549
-671875
-963118
-91776
-1768958
785242
2111967
-485934
1171902
1435294
330580
797225
379623
-1641687
989822
-1431976
337441
1069541
-854182
1179910
27715
-1908095
1302166
-742198
581763
2506897
-274225
-180466
848905
-2468816
1763111
-443228
-494933
2196305
-2029045
23069
26480
-1713359
1051768
53307
-1980957
728561
-1701061
-2557447
1537109
-2305749
1288511
1204465
-427140
1627583
-122025
-1249849
2399596
-808305
721678
1681963
-13702
1009397
796629
-1371806
1763800
463052
448497
1563181
209235
259011
450409
-241488
677043
751886
-47912
1685185
-1114600
284279
737122
-370584
1025514
2242781
-988628
112198
-528500
-342695
-321416
509126
-880507
1922631
-2015017
-395334
-864443
-1233888
