#SpinCore Technologies, Inc.
#SF in MHz
#SW in Hz

[HEADER]
@CLASS=	RADIOPROCESSOR
@FIRMWARE= 3087
@SPINAPI= 20191127
@POINTS= 128
@SF= 21.670000
@SW= 127986.351562

[DATA]
-5076252
1290962
-4544990
-3822546
-2178863
-4890415
538738
-6563194
2149232
-2719053
6709568
-754950
5039013
1326169
2730665
3843628
803131
4058599
-860523
4975642
-4541773
2333046
-4199084
517423
-3723249
-1126843
-2067718
-4052063
-174155
-5090772
1823993
-4382251
3532880
-1499442
3439104
426452
1736225
1556484
1269149
2818020
-910791
1733040
-2386845
2300282
-3748446
534267
-2359755
-1162159
-834860
-948062
-516698
-2192237
492624
-2715355
1250690
74876
1456656
-422006
536562
-366775
1307969
2076149
1010172
-300071
943621
1612128
-124924
-155433
-1803561
204169
-1080294
288060
-278243
-93588
-71145
120158
224971
-2144935
1361006
-739462
32447
-232825
552492
-1734280
1294961
1677011
892186
1614266
499426
1080705
1817589
-245230
120330
126485
-3738858
360643
-826731
-1712655
54235
793070
-533723
-147982
1528115
-1082528
1332740
-1317196
159275
-1700742
2021145
-632751
502077
1703392
416949
326387
1906112
223650
-269619
1762975
-309949
272642
922905
479725
-985006
-220259
1031253
-487717
1080328
-546247
-685564
-1272077
28791
-1008335
2165263
411370
1134483
-267720
2273240
1772653
-35688
-101101
930152
1555889
630278
555888
-404388
969472
954802
-1093659
-2090142
-629698
-203885
-556950
-816103
330834
-955534
-541712
1309758
-2147470
661774
1139714
1365217
1075272
-976117
1328999
452151
2006027
-144502
47173
-1671060
-7036
-428378
-238462
-1327776
402143
-1151570
-611282
277554
-660207
373790
-275829
903116
-615191
1642754
84939
-534564
-199306
999502
-101459
360126
1049096
-306991
1746924
-100363
215992
-2565363
1454066
-249718
-580746
-180991
-885300
43494
-935145
1342304
-1218366
-291746
64104
1482770
978904
1147671
262068
885819
566575
-406592
167730
-735535
1590539
-1522442
916981
-204580
-724137
1013900
-1250829
-907107
-801437
-751271
-334559
1295449
-219449
-497617
-124561
1431374
628596
664357
-143630
-621578
1927098
347766
-1482044
1212579
326228
-835423
-342781
-1451480
-1124944
262860
-394043
-380523
-411472
2047116
-1078827
-1554179
-1105083
831490
-305504
1019699
906479
