#SpinCore Technologies, Inc.
#SF in MHz
#SW in Hz

[HEADER]
@CLASS=	RADIOPROCESSOR
@FIRMWARE= 3087
@SPINAPI= 20191127
@POINTS= 128
@SF= 21.670000
@SW= 127986.351562

[DATA]
7422622
-2095128
7295493
688921
4352316
4757730
2792343
7508010
-3024029
6679705
-3861268
4080472
-5382205
2320005
-6688017
-715857
-6132906
-4292395
-1051900
-4677681
184658
-4809181
3333303
-4827529
5637096
-4388744
4942167
-159172
3265517
2630618
2199782
3189393
1767576
4418304
-2055432
3783572
-3293766
2458676
-4588690
116891
-2772841
1019919
-3780458
-2045155
-1634600
-2873794
548487
-3710596
360738
-1764987
1245051
-3398624
2947111
-103930
1566584
2605523
1176621
1165744
2459037
-224690
-716932
1642967
-1676349
1782234
-72638
-88717
-1125071
-867013
-114568
698967
-114649
-1140909
1632316
-666061
393935
-991948
-202388
-32546
-500324
498045
2280997
1398214
1808031
676662
-115930
29314
-1602799
-323668
-484660
965991
-1341845
929413
-1109608
-427929
568858
-2195261
-1778676
-399284
-1797726
-1342062
2050607
-935587
1539677
-423385
442774
-166381
1093236
-1438246
752915
847319
-21687
1573233
-58656
862771
339927
345912
-394881
991118
-2115762
292932
-451190
689805
-1233972
536778
-289779
362268
210392
-1968949
-538105
-701721
-1356308
-2043772
12348
-1383994
280241
1350232
1596403
-145324
611346
-1034272
258595
793659
201811
1808399
209357
-897715
1330127
1138110
-38474
-212684
-1346172
842077
1185697
204126
-166728
273424
383481
1141769
-1291206
-1861826
-494916
1135973
251939
-75260
766323
1160287
-176187
-535050
996391
970094
-712610
-25387
389850
304795
443077
-545119
594677
-1671905
326838
874836
-669086
1604684
-719387
663739
816824
-64290
707593
-875771
135798
-95259
-881678
688863
-1235991
363438
149471
-299608
350509
-780995
912201
-343559
-509995
795216
-201346
639879
642195
-273025
332195
-157454
1039970
1317058
-926771
-959793
870033
136091
-441330
1054195
258391
-1197702
635833
-322692
-32516
981738
-2904489
654988
-222997
307997
1151472
-98045
427069
871506
474480
-709250
-1056207
-1210360
981117
364983
-36950
461181
-63715
244728
-288725
-1640301
-90237
1669824
907237
107620
784913
-776908
571933
291163
-2049953
930522
-410653
541790
845664
255667
