#SpinCore Technologies, Inc.
#SF in MHz
#SW in Hz

[HEADER]
@CLASS=	RADIOPROCESSOR
@FIRMWARE= 3087
@SPINAPI= 20191127
@POINTS= 128
@SF= 21.670000
@SW= 127986.351562

[DATA]
4484653
110387
2637139
1787933
1324844
2433753
798798
2620250
281475
3997079
-4979118
2255788
-3681228
-304735
-4482337
-1466580
-2274716
-2033861
-878965
-3025637
374469
-4750267
2088992
-1900617
2445835
-1435461
2757276
-8383
1526465
1098833
1445700
2772883
-1214136
2489472
-3321443
1283806
-1334460
-70308
-2180798
70802
-2516273
-2801436
-2058367
-2852938
815719
-1813982
1258396
26182
1288899
-2384036
331980
-1149395
1201411
-282324
1604819
14712
907113
49516
437255
132247
582607
339860
-670138
1277205
-1454974
55844
-719960
-1817035
349494
-453348
-332289
-264298
408932
-215586
-604358
-498981
1521350
-1285895
1080497
267468
1985724
531496
249992
-980752
1770795
-361603
2153761
-193428
633792
175540
22430
241342
-298014
848574
944318
290062
397672
-1057404
1157357
-1781876
1442264
-1528313
1447360
146360
561311
-151877
1092358
471259
1495132
-1044172
277078
950082
-545611
1032185
1206054
269683
874784
-815858
1335569
2280008
-474469
628852
840408
449039
56998
-751623
-364587
140885
-892259
923491
1506200
1100154
316730
-1122296
113028
349839
-210162
1193081
1442694
-186250
349397
973807
404212
2049120
-724725
770390
-669295
673850
-615091
-392358
-942417
-205916
-1059173
64936
940075
-1048511
-49721
686709
-570966
1183937
-194379
978696
753431
-139487
-329072
139735
-966366
1188997
-364091
-1256179
877888
-188957
219103
428752
980323
-680408
408364
-203547
1106617
742806
362285
297291
99396
12895
-1329485
-554767
65061
-353703
1003558
-118579
251122
292140
-45712
-1166633
-109346
489053
423379
1369830
1698682
-116705
-442200
550793
-1817050
-703606
968968
881145
171442
-645075
3882
407962
-1665263
-305208
-39276
628719
-1337402
-1569866
929835
717150
-597374
-593220
-123291
925795
-189709
-313192
802054
848899
-594943
-320006
852814
933715
-991049
-1548975
99349
-1043634
-1232454
-545924
1311906
711616
856339
-920639
427776
-376640
-449656
-316432
1775533
969707
578985
192661
-119365
-1398951
-1236066
947094
1712234
285050
-1446357
652239
