#SpinCore Technologies, Inc.
#SF in MHz
#SW in Hz

[HEADER]
@CLASS=	RADIOPROCESSOR
@FIRMWARE= 3087
@SPINAPI= 20191127
@POINTS= 128
@SF= 21.670000
@SW= 127986.351562

[DATA]
16405731
-1329832
15399765
6262845
9154428
13231320
796227
17245337
-8490207
13677125
-13038090
8735528
-14989227
462702
-13309227
-7380765
-6995475
-14458055
258206
-13512832
7214191
-10526755
11888495
-6118149
13324320
736964
9523242
7315010
4490030
10240773
-1348028
11168411
-6164840
9268261
-9446300
3159594
-9725110
-1252207
-7129672
-5388822
-4429874
-7487840
804068
-7805880
4695125
-5440316
6124989
-2721662
6540602
280937
5169666
4163312
1799454
6158000
-418684
5056972
-3798370
3173847
-4459325
2195998
-4436757
-858243
-3090431
-1488384
-1320939
-3335939
35946
-3547162
2145459
-2760061
1563246
-1090528
2833390
288936
1482722
727613
1271500
1963492
1326762
1405945
-1021821
1609493
-346314
1353946
-1853831
1117879
-1710509
923179
-1377868
-782076
-662426
-315871
-476272
-2149541
216907
-1424214
713016
-1525917
702217
-336699
1305572
-5693
1747678
101724
230698
1412947
319402
437746
-52520
2211174
-866837
1242795
-928811
267323
-672168
-331398
-1398158
-969951
-1444332
-1149580
241534
-1177645
939929
-826682
626612
-664222
628449
-564636
317167
-47535
218596
702765
-539960
73604
-101724
827292
-181352
-447479
-1058802
181881
283468
-430085
-150380
-16423
-71890
25953
157297
-721177
644699
-519027
-414365
-741120
427225
-525114
738083
196280
77630
674987
281636
-941512
-151154
393201
-961307
849419
-1217004
-297325
360135
460766
-1976
128143
71702
-99737
196761
-945118
-686439
53572
111891
43337
-536661
506724
1295057
171583
412915
-542614
-270447
-511364
-160065
-491401
-375664
1113152
293694
1039318
-893
-243810
87361
538431
-290376
277640
-331360
41217
321124
735967
-435794
144085
-311823
83896
-26956
-459848
25185
-103912
-9294
339743
-289108
347968
1161419
-178006
809181
-17787
-186192
-431402
-620004
214415
609734
734305
494760
177362
805763
-271003
-317626
-491027
-218684
68337
-149909
99256
99553
291908
992734
22921
215015
-162656
-595669
-726993
-273383
888534
-322309
629105
214267
-660800
665221
-287666
-180444
200253
-576669
140522
-170952
-206710
