#SpinCore Technologies, Inc.
#SF in MHz
#SW in Hz

[HEADER]
@CLASS=	RADIOPROCESSOR
@FIRMWARE= 3087
@SPINAPI= 20191127
@POINTS= 128
@SF= 21.670000
@SW= 127986.351562

[DATA]
-4413569
782115
-4386264
-4664593
-3352222
-4437582
-13428
-5667581
2177006
-2635902
5329581
-307809
5148564
441632
4201249
3654770
891037
2399215
-1307570
5847798
-3367431
3278216
-4053219
2489773
-3221371
-879020
-2305497
-2722442
-1874619
-4642408
2427292
-3927524
2913048
-824644
3610870
-1371945
3911340
529290
1712872
2390902
-908455
3200290
21322
2873425
-2395590
2719621
-1305579
841506
-937727
-2970662
-692957
-542787
-382473
-1743635
747533
-1025999
2763646
-1945651
1145162
-638751
938653
-504398
1378047
1128576
1014849
1544487
-1034130
-1155422
-958220
267602
-1077759
172235
-2471306
309778
-1044869
-785225
-1124175
524051
120710
-758119
714743
-1094496
1172451
467912
-574555
-540988
-246330
-932519
762387
880911
248
1831896
913240
315049
168221
1362681
733982
605796
-2381751
23085
-1421388
-659714
-1136974
596308
-613299
-38045
378693
-1190193
26780
-996848
1469313
-469016
108820
-290059
1002709
-384559
1104156
1763738
-292590
-774817
235764
419923
282164
249149
-438807
464031
239076
-1764108
-440111
71424
-1103579
893123
2022584
-2994098
421261
-427154
-353653
-12822
278579
-1526666
482330
89896
-840818
207095
-411110
-1234582
603186
790725
-567992
1854146
-420205
416382
837442
-597232
329443
-1025037
-1938000
163486
-400449
-509213
-441702
37040
278771
331473
1099099
-1130855
-399951
-7625
-1240211
-528349
-1641025
1162367
483114
427848
-24583
1624982
1078680
-1167948
200221
1075631
317357
102009
-2582898
498417
1264878
886404
661635
1224066
-1351734
-511173
-713401
-2827543
148706
2046966
-1332911
1115626
56665
258625
2160751
465641
-1598942
527253
-1018221
-2456939
563317
-582874
-516543
2341279
392169
-534405
1477167
-2065087
1195584
1040239
-2563841
-1535151
618512
-111580
741023
2849268
17361
-1107246
385969
-1870684
-619006
632179
-2692616
612011
-719841
110815
2074565
357403
-268487
-374495
747274
-2216861
-206065
236924
-1545471
658021
1044772
-27819
1775981
584400
1398303
-182238
-1866600
8044
271186
-920626
-1197389
1332603
-476242
783427
512936
-878589
