#SpinCore Technologies, Inc.
#SF in MHz
#SW in Hz

[HEADER]
@CLASS=	RADIOPROCESSOR
@FIRMWARE= 3087
@SPINAPI= 20191127
@POINTS= 128
@SF= 21.670000
@SW= 127986.351562

[DATA]
-6095042
-735966
-4982096
-2509569
-3036528
-5433037
442405
-5846267
3551245
-4107800
5469458
-1286726
4868861
1030497
3678500
3136449
763965
4660047
-1562523
4740297
-2714438
2570226
-4303196
-291148
-3786796
-380049
-3211841
-3343924
-899906
-3818189
2523508
-3846464
1448821
-2618271
3780114
-657466
2351401
1727218
2128580
3175293
-876327
3605818
-2415966
1399136
-778894
1875456
-3089319
-1104676
-3433214
-1340181
-2019871
-2429199
1335369
-2733681
1877251
-1910203
2496218
-1297985
1602462
167621
71696
1609192
1264481
-874357
1951773
3129635
-1019895
1029839
-1031241
284413
916040
-49414
-1012470
1913147
-1079910
-915701
106344
-1002783
1284192
-569467
453512
1938342
-789130
12243
-16392
-11670
1348453
1443156
375249
1078188
305767
415026
421333
1445975
-401791
438124
-1101582
-1138640
-1631833
-798136
-391691
660421
-1023856
191666
-1224998
-991617
-1064555
-1187910
-266926
-514310
-559345
352675
1416227
172704
611045
-133530
132426
-218042
-880349
-363641
-1064781
-1095818
-566689
351027
-459246
164465
-531426
-1382161
640703
-86779
1494258
174183
-154792
-424296
280014
-995603
537738
44906
-605795
-342592
933453
654920
-288241
1097950
-150808
821004
-887123
90596
-824983
-446598
96763
297381
-372546
-348617
-1770999
-803158
-1415854
-499685
-727174
1372005
523212
-538712
1031438
31816
-1272160
-451998
-1467019
296181
369114
60199
1180564
1063147
1114422
-1033424
-393731
-933949
-922590
-172787
353595
1817349
1985855
-79700
970969
-1774594
280726
-37942
-968728
-394640
1864005
863281
421086
-999527
1919940
1321114
-1360126
61431
-509218
1795326
-1410837
-289821
457403
1009672
-357321
-286282
-2017989
-897449
-949204
1329462
-1018113
43930
1232649
345806
-56500
159888
-68442
-268486
-1707768
-1168398
105759
-700572
575973
-287251
1156750
608770
-1080672
-2391876
-250403
-1349152
75582
671777
425627
192485
1547500
-674656
472916
166707
218462
756249
909980
-1511389
-208463
1608017
850185
264302
297341
-1322073
4428
704621
-226307
542849
-236002
337453
343853
-522477
56897
230677
