#SpinCore Technologies, Inc.
#SF in MHz
#SW in Hz

[HEADER]
@CLASS=	RADIOPROCESSOR
@FIRMWARE= 3087
@SPINAPI= 20191127
@POINTS= 128
@SF= 21.670000
@SW= 127986.351562

[DATA]
5114870
-1975192
6774958
1740890
4389122
4336427
1673553
5101686
-637427
5166273
-1863549
5100519
-5133205
3312873
-5787686
-1322419
-4261258
-1774880
-2620002
-3578466
-1445629
-4787801
1515823
-4552145
4292541
-1654802
3508847
978973
1790522
588444
3252101
1954236
638595
4626422
-1948502
2526901
-3373918
747565
-1107976
484320
-3417924
-925903
-2207509
-3370629
2211261
-4050245
2111048
-2153848
401539
-2116622
2355195
-1060167
4416222
1581600
1217420
2921881
293136
-632010
-126941
895912
1441054
3419941
-1247288
1875176
-1163177
-757355
-360336
-1270277
-1592956
2613912
-711250
203077
-596875
489276
-63212
-510595
-1931147
-121234
-228304
-1072828
524351
84566
491363
-223123
-2255624
134225
53067
688202
408611
395948
305425
1078846
74866
-404450
-540392
-1223923
77467
682829
23157
-667768
713437
-1845817
671779
-1628431
103628
806218
184906
-234588
1100446
-282117
2532849
9598
-1192853
1395505
942599
891946
917399
1433412
1994286
1304436
-570714
-466250
-468430
99236
-741201
206604
882780
980611
-651738
-1734090
-885733
375570
-654069
-883698
-1505820
-69684
-366837
49562
-451082
-653067
156182
-70318
-785757
-446223
87788
835068
-1001649
510357
734199
-1713784
888006
-209318
-911837
-543536
1321806
-1651270
2045175
475099
-238938
-126719
798951
452178
1582992
-347109
769362
1480298
-691342
1094513
448321
354393
1854672
136990
-719
396965
86498
34998
-297557
-936995
349638
1360302
-1012465
671278
-607050
-503837
413607
-1181971
-454041
269563
-968442
495536
-1876867
-1169672
1233528
-590715
-782535
184866
-624240
426731
-23286
-1033141
434201
331779
141457
636685
-360961
385953
636421
-891366
208923
-831801
1056705
610148
-742248
83614
86486
-612838
775934
-395726
607482
1139079
-801362
-883733
-104422
185658
1555868
-1014263
-328412
1674435
-1106139
37572
186272
394014
2430475
-192157
-1599164
369785
692636
-652475
1007865
853205
1192358
1063210
1210338
-662066
-1881826
284333
462195
91268
2285357
805398
145818
1034868
-1204932
601098
-892676
-758303
