#SpinCore Technologies, Inc.
#SF in MHz
#SW in Hz

[HEADER]
@CLASS=	RADIOPROCESSOR
@FIRMWARE= 3087
@SPINAPI= 20191127
@POINTS= 128
@SF= 21.670000
@SW= 127986.351562

[DATA]
5933972
-775479
4078663
3761557
2131175
3772225
-524068
6467759
-2210181
6203962
-4193322
2959465
-6082661
678595
-4765200
-3597439
-1502710
-4906057
-363637
-4178063
2457053
-4241234
3165276
-1856745
5116585
1052445
3794983
2117839
579402
5199024
-909119
4573492
-1375453
1401058
-2984360
2355654
-3369400
752828
-2010885
-3174563
450635
-3460171
1810665
-3664139
698304
-3110879
2662034
-724085
2812687
-1490823
2169487
1634434
-121549
2014009
-655205
623896
-238873
1614365
-1310088
509298
-2406420
-1057239
-1861718
-1993452
-199452
-2503778
-107311
-2005724
379626
-842033
473741
-1439381
84880
-323111
-1299661
682365
821649
-619924
-2179474
-79297
390268
1145243
-479150
216952
-1305068
-898225
81241
720686
-24177
-123633
-1042267
-1383412
166656
-838795
-1101193
409388
881186
859410
17992
988886
511851
302199
-170717
613660
1035757
659830
-472210
2327912
154948
982096
-355096
1991518
-996590
1044423
31230
1194656
-517360
-250347
382973
1065976
-538226
-356546
-259119
794206
434238
-447284
2150709
758297
-248225
1563946
1434287
1307184
-290439
-489612
505658
1307872
-458933
23385
-168561
73027
38262
1553617
736716
-187446
-524701
-272408
562245
393564
625234
-346995
676102
1134624
1653312
1442274
127912
1119135
-86377
1475255
422801
1381989
632498
-508272
-1559674
231389
1165152
-443123
-304626
-226413
967235
-559107
-38908
-504407
1076440
180872
1324529
135285
870412
-1035310
1011962
281073
1842618
270788
-154174
735442
63439
706618
1222040
-1405220
855270
-1269370
-11418
966334
-279030
-174405
-1736644
-700376
1003704
-807739
-226915
-1332109
178790
-732651
331100
-476781
1205560
-2292086
978028
1176445
918266
179221
-1101632
161533
1030204
93987
-904187
-853340
386683
-1184048
-856188
1239190
585338
-1859416
-407615
795630
907386
-743960
-680969
198772
407613
-859525
1120784
195251
335723
-2002455
831826
903549
775069
-371738
230578
-503307
560451
-1214611
-598665
-238766
-2067619
-490190
657797
285706
-86556
-2692302
-77868
445262
-456643
128564
77440
-592486
