#SpinCore Technologies, Inc.
#SF in MHz
#SW in Hz

[HEADER]
@CLASS=	RADIOPROCESSOR
@FIRMWARE= 3087
@SPINAPI= 20191127
@POINTS= 128
@SF= 21.670000
@SW= 127986.351562

[DATA]
17492524
-912912
16301308
7990070
8608762
14516085
-616809
15878696
-8634075
14430781
-14290145
6800192
-15527480
-1836427
-12701950
-9421427
-5521085
-13697467
1613489
-13657563
8535354
-10781618
13428545
-4941301
13118857
2172337
8595451
8398382
3529236
10927752
-2452505
12028871
-7848889
7767483
-10323752
2329113
-9900370
-3009552
-6013974
-6230447
-2022128
-8162042
2768093
-8221528
6188112
-5724456
7062632
-1358660
6827757
2004402
4339892
5007925
1326706
6056641
-2314274
5180918
-4178265
3194226
-4123067
1497492
-3783813
-1483649
-3580993
-3135148
-658789
-4396320
1742989
-1899812
2335507
-1739111
2696014
-787728
2923346
-36937
2213303
990308
973979
1822359
-90491
1183762
-933757
1703016
-1757369
1066562
-1478151
261853
-1083324
-706886
-1523375
-705878
-258054
-2076785
-305786
-1937288
828937
-1222303
1734647
-787940
1554755
-486434
912157
860779
863364
639480
822286
1275357
547892
1513589
-1620932
738850
-1577036
1039077
-1644555
-138660
-1166833
-746662
-512145
-1175230
-301416
-360855
166038
-283735
1158129
-247757
908640
422010
223901
1429200
-42278
687734
678680
736299
-182493
763509
-1363222
792345
-923048
-441302
-737835
-463171
-524565
-345696
-340047
-178560
195130
-1448955
306383
-496421
37160
-557180
697880
-303272
1017617
9865
657371
278745
-224611
-386723
-85641
694412
311821
157561
-51130
-187577
-123416
-216459
-99267
-522998
63384
495913
627348
-188239
215967
17855
780105
-474689
823073
122397
551813
515180
41217
-868167
260523
-32013
425666
500845
-716636
1222721
-436947
-1294684
669143
472179
-974653
315880
468322
468248
97611
-619144
852637
620492
-931279
-770073
-848473
-337111
-203823
-384345
-52880
239413
-286308
-948250
-567068
-529968
769121
-767946
-566686
136016
492020
-407967
-135253
56673
919734
-655564
-326908
-322253
96321
-540392
-379819
257872
170703
192377
384962
687652
76324
-46783
-114242
66898
-627645
587137
415576
837860
-502907
-483785
293596
-459046
-1210365
210397
-1194163
-286476
-148446
73220
135620
-873072
-449424
-58377
-515353
-218789
