#SpinCore Technologies, Inc.
#SF in MHz
#SW in Hz

[HEADER]
@CLASS=	RADIOPROCESSOR
@FIRMWARE= 3087
@SPINAPI= 20191127
@POINTS= 128
@SF= 21.670000
@SW= 127986.351562

[DATA]
830730
-640534
906715
658810
386043
-16196
1096052
1533044
930819
-1553500
-402461
535044
1033753
646665
379180
817605
630991
163544
-769946
77084
-811541
27786
243708
2063254
231191
1612101
20234
-23159
-737896
241456
-1557296
-761792
-1291911
889335
192481
1073962
-65624
-436939
-510125
-842129
-1299426
-1021637
953806
553930
-399100
1763735
138251
1311090
45419
327083
1901986
1699171
-474022
-222802
-1536870
-298046
-345709
701865
-1014643
741041
383642
-1971604
86838
-933470
472940
368823
-333294
-1200813
1652548
752199
-1070591
-1009669
897723
740199
597104
141388
215118
799199
50971
476311
643093
1567110
-282143
-759454
-1455142
-1566060
797125
-87283
-1531110
1048299
-1817211
446049
413673
-71368
2121654
-14410
-864779
-2001397
17890
-931029
-493181
-507481
1235934
1129086
2085413
-361727
977014
104867
1314585
-423068
-425831
268069
388937
1425374
-366876
1286267
154302
1942520
-335483
-915587
-96086
-901855
-1963283
-830744
-1470050
1172340
465655
-868941
-939106
-50706
58088
235182
-1315344
-2065959
-1238259
58873
262495
-1281928
456694
788610
1629269
-93306
549162
-645355
-612166
222343
671107
793464
1090069
-267062
43826
1576534
738749
571095
208790
-929125
504423
722780
381307
557175
-276948
-923823
1437788
-573814
69198
855591
-652221
930904
444388
-1987003
1793584
479463
1433781
268668
1750761
-52464
-679654
-2680013
802750
2276769
532441
64346
-341489
1602546
377065
824606
-1935432
-488798
780428
461345
-248470
1400179
297632
2139218
-1007040
-1874267
1560301
-380213
-622149
-494637
-410214
726227
394011
-1016448
588392
572813
311519
932304
966698
-337989
1101744
-211774
-113722
511175
-985095
-627479
165737
220488
78999
210750
-1218775
-893761
325177
-310753
-28256
-286536
-413840
1447070
265542
-1338815
2758807
-594106
-731950
345476
-1596543
-218976
1681314
-174697
362138
997997
-1108625
477925
-1238501
206092
354507
2071616
-1755545
352563
3052568
435640
-336795
1736554
-1292091
-1228328
-309071
-1671742
