#SpinCore Technologies, Inc.
#SF in MHz
#SW in Hz

[HEADER]
@CLASS=	RADIOPROCESSOR
@FIRMWARE= 3087
@SPINAPI= 20191127
@POINTS= 128
@SF= 21.670000
@SW= 127986.351562

[DATA]
-4989807
-397539
-5549377
-1250570
-4355173
-5412203
61743
-4634201
2741612
-4777406
2936038
-3087074
5466085
-1124083
5959822
2338064
1334081
4925292
547531
3862438
-736403
4328959
-4153253
4365804
-5551580
-927108
-4300827
-1216795
-2938475
-3129123
159611
-4331726
3032435
-3670481
2219602
-1014562
2563244
-440893
2308810
-21975
3188323
4945756
1245088
3604152
-1108377
727684
-432491
1941101
-3594992
167233
-2079099
781700
1779265
-860927
652257
-569596
-540858
-784366
1485998
-1508185
1811411
1334156
-25877
995657
1356640
-483933
-807978
-284680
-2018776
1969461
-1445232
-17539
-1167672
-463672
-1566050
1373813
-1738204
-1523050
2181183
-342281
555945
230865
-340142
-285850
2548302
-1481436
756996
761532
-1672443
-112368
737977
-1574244
1306338
1103880
-1073845
590469
-704423
-67314
-24696
-24714
-1945538
1292036
-62154
-784434
952325
-1518836
490437
-119574
-1593043
-2079461
-327736
-461286
2529467
1574890
1509844
-1515239
2175499
-1703076
2201032
-424346
-1257549
366362
263588
694562
1801314
-371133
62158
190558
-2907942
-819296
-575926
20789
-151353
1947642
-524820
-85307
547696
-1265487
-360933
-761284
-1598564
385089
-1441282
1688619
1043227
1307088
1250789
347803
521406
-1572608
-281434
13318
-720957
415258
-137112
1402000
2452720
686872
1134674
-1473533
-533872
-1445968
-1381967
91582
-1477239
1193877
998205
1877854
228662
-105469
1077159
-2219684
-1342319
427117
-1063925
1927536
463111
-311365
2124553
342264
249258
1148580
93557
-2821350
972073
1035638
304854
722666
-1973869
-241880
909110
-1068511
269422
895162
-1207335
-88974
-436965
-227786
826039
1661700
-278445
-179352
764784
-655386
127796
-896320
-1330896
633169
643337
-1280790
986663
-314791
-32702
-1092890
-1735263
-1624087
-1879874
-1071452
776082
559488
140528
600039
1023592
-1154479
303703
-629876
-682016
-200675
-138635
464241
300579
1383686
1962559
112971
-173920
869505
-118442
-1251463
-629499
-1188167
557564
1109702
599475
-292510
-695192
-367658
-877719
-281025
-1035205
-17477
298097
-342516
-773909
-364702
-673031
57592
