#SpinCore Technologies, Inc.
#SF in MHz
#SW in Hz

[HEADER]
@CLASS=	RADIOPROCESSOR
@FIRMWARE= 3087
@SPINAPI= 20191127
@POINTS= 128
@SF= 21.670000
@SW= 127986.351562

[DATA]
-5579868
-66274
-5891741
-3649910
-2795585
-4794761
-597415
-4725123
3136065
-4577251
5940406
-4148101
5403498
1236086
4425666
2028641
2152339
4270503
427782
4705712
-3897341
4307583
-4498867
818390
-5313636
741654
-2423645
-2017612
-1395961
-4042762
571241
-3993364
2424412
-1912583
1349113
-1604631
3614445
-2150060
3572291
2924265
1129666
1945287
-952843
1722155
-1646213
891584
-2821290
161934
-2018157
-1310406
-706644
-2019580
-308900
-1318395
-366338
388001
1117772
-1083593
1872071
-324289
1965078
-77099
1147272
1554436
218210
324635
-140922
3087540
-694113
1787406
-34818
-322733
-426768
-642656
-1582518
-434669
-606558
270433
751943
-878359
629981
-240317
372373
-2122633
-280657
399583
619834
-709789
867922
1813131
152021
-510341
625283
1007199
-919820
469833
-418711
365615
-1144320
755576
-332146
-937144
-1385956
-337736
-843642
-1063460
-1173006
-148972
601880
17738
76906
-643816
-678405
-345014
403549
-1168021
986674
-487993
-337481
131486
234027
-30379
-225170
515266
24205
-295776
-63600
-900771
1190465
1723906
320660
-47217
176331
-394233
1305747
-326150
692472
-147373
165044
203524
86879
-749611
-700650
474855
-824686
118634
12457
1961607
-1001586
-69881
-397528
863488
-555474
-1209302
-2216202
1152760
319526
-1017517
693472
-451503
940181
-1409497
-1598269
326386
-373949
-261774
-429717
-799308
2343329
-1003386
-1409131
-1447805
108222
1071296
918623
-872216
1118108
1970071
854323
-1623559
141002
-454303
307548
-11145
617877
1384071
-625901
47644
-1186782
-80711
619463
404604
-1942839
1619225
802535
1234987
-87276
-145032
-390802
-799043
-2389281
-287851
272541
345342
801921
-1397378
1097991
-837778
-810688
-2998955
1372687
-217380
-1288982
2422641
417773
1087207
948160
-3152391
672600
-641740
-2148594
153550
-791597
741175
1923074
273022
713483
209728
-1310993
-812039
-867852
1267301
1194705
1212907
-341231
1216395
2060708
-1177777
-1723015
-651301
-957382
1944382
-1301759
-630600
2610928
856453
-72546
-2072619
-544420
1525537
-1378803
-984002
556139
2182243
881679
-128646
