#SpinCore Technologies, Inc.
#SF in MHz
#SW in Hz

[HEADER]
@CLASS=	RADIOPROCESSOR
@FIRMWARE= 3087
@SPINAPI= 20191127
@POINTS= 128
@SF= 21.670000
@SW= 127986.351562

[DATA]
411601
-126610
1979936
-599008
-735504
1129288
76471
1039987
-21530
1788996
1300943
849479
-1505332
-302043
-1227168
-943480
-369756
43201
630477
316122
-821899
-44057
336604
-967799
398878
-193031
653622
665331
694252
-47329
655633
272740
-174540
-95778
-1025004
340210
623984
-1056015
-540068
889423
408349
-1041581
441356
-196629
1392848
468448
-954252
-1038420
604764
-349284
1110359
505647
197572
388784
-452309
-56259
72146
406427
-491509
-151599
-1285462
-434499
1738223
432451
-881787
929195
-492959
737228
-870033
-584454
270427
-338896
-958772
-650731
-785206
-160307
-1736569
-1069844
499945
47619
-589081
159717
-295204
-635573
1043929
-1745063
-451905
-347944
172262
-455713
130494
-198399
567867
-1489794
629058
29012
-945293
1328405
604543
13019
1180407
-703205
-505587
-179280
-194903
-506462
-555925
-580607
-71773
-476252
-450849
-629236
-905142
-1277117
-161249
622752
-446771
-740472
-511421
-266620
-398898
-219818
-554606
1023183
572166
1103206
991507
-967124
681093
-21072
85178
65562
40503
1404812
984624
697465
-1110019
-908093
621237
42087
-1262868
195096
71562
1050844
118201
412232
1227505
36653
792610
-197318
325885
739268
-1512696
-88554
-1314885
-190571
-125342
-138105
-1320167
-193606
-553028
-887540
31525
-134023
1457071
33782
512044
-1161071
1489583
-1455185
-728218
-970709
1467365
819916
415676
-1394898
1360072
-1151716
-366383
-579718
-92774
1413556
1219495
529257
285617
343497
-15726
-740058
-906770
-13685
-103875
1164623
-196790
899962
1042606
-1084542
-309557
-1163611
65961
-657718
-1294347
1043613
281676
-364702
-185277
-633178
1579480
505101
-188668
-632943
-714242
833877
-782066
-1463957
781103
-648699
-294165
-619302
138717
74344
-648502
-1762830
-486914
1347940
1236135
-763112
41406
93928
298400
21913
-924243
1611884
35226
-367774
-244965
1205022
-101745
25719
-1462937
709352
-372990
-36450
-778281
-323181
-114432
967720
-231302
-1154442
268071
563800
-508713
1014027
177487
25287
78566
457464
