#SpinCore Technologies, Inc.
#SF in MHz
#SW in Hz

[HEADER]
@CLASS=	RADIOPROCESSOR
@FIRMWARE= 3087
@SPINAPI= 20191127
@POINTS= 128
@SF= 21.670000
@SW= 127986.351562

[DATA]
-2689196
-230551
-3452302
755923
-272427
-1364662
-817719
-1529018
555347
-1985591
866125
-548409
1364111
436875
1235661
2898232
636357
83167
-846771
3060624
-756137
1782552
-1838928
1544281
-3470103
89223
-1457798
-91966
-1144809
-623435
-622400
-1849667
892005
-1819059
-31888
-1726758
419341
1172067
393351
-637421
864151
566299
-934981
1215515
-370186
828817
-690728
101340
278079
-178167
415043
-120306
-1555241
-458144
917409
-2328702
21804
-858132
696737
-1967450
383195
-547808
1268562
708720
363715
522340
450268
-384499
-876598
-1063639
591970
830419
-1389202
1113513
-482985
1454574
-333815
-1105470
-738664
-510704
-735769
1064725
1322875
179466
1080428
-764595
1005216
123444
-117613
1466260
-259644
1636142
-637458
-657235
519194
409145
-1724308
748778
169113
1179324
673625
-955776
1479078
1125607
-1925818
-468601
-1544464
272630
97653
1106282
1533359
-971256
-1108913
-210713
-151813
349169
1460164
-291109
1727734
1592703
-248658
1225084
-299930
890405
319138
-364020
2298768
448566
-470385
628503
-860293
1647393
-425882
1791798
-247977
947656
-39708
-222885
699057
215523
-1049297
1044428
1054061
1351906
-664610
-1274864
1097543
130372
-599753
1014917
-351179
415365
297044
-1271381
1008139
-955102
-1914817
316553
893040
-644770
1540985
-1022050
166765
386039
-364904
1158403
-1268006
-91089
262662
-1137303
507781
1217778
-1171659
-864916
-821114
568138
1732678
-1462876
873026
1143468
-1654941
418771
812369
-588083
1285746
-1283140
330930
1034473
-1216995
-814325
50445
-286646
98729
-169253
-952504
1624514
-599976
806817
1486292
-593433
1597558
-431877
513742
1401673
1281260
-477755
-1237926
40705
626666
1201295
282222
972953
1489899
134043
-838429
-221886
-826265
-86562
-307869
687419
617160
1157784
-63062
167527
-934153
1182410
2331539
1430786
992701
1001523
-86578
62819
-812964
-565854
573085
1504145
257267
289505
-31693
-318799
-664487
-207913
-1164103
583332
441020
-536888
448951
252656
1058363
-1400287
-534735
491263
175047
467749
-714192
94222
