#SpinCore Technologies, Inc.
#SF in MHz
#SW in Hz

[HEADER]
@CLASS=	RADIOPROCESSOR
@FIRMWARE= 3087
@SPINAPI= 20191127
@POINTS= 128
@SF= 21.670000
@SW= 127986.351562

[DATA]
2551211
-190103
2583619
654832
2107615
3324746
1257906
3222361
-2024315
2956162
-3058693
1135116
-3841981
796935
-2894086
-1197424
-2546583
-1944338
-797623
-4826567
1126571
-4393005
1223978
-1851596
1498574
-187803
3781507
1389532
3170560
1574770
1524117
1794389
-1565996
2967149
-1815398
2166796
-1996188
2627482
-1789072
-18684
-1420073
-1765864
-1837073
-1962407
-1404299
-1892782
1561395
-787041
1516830
-1296132
2714136
-806219
1402975
-1095056
1868754
931711
430260
599156
525324
2348010
120532
2340217
-1645992
76029
-194757
-393673
-1527744
955983
-1337556
1393588
-266034
-102472
599502
-592267
-347897
-1911485
-733025
-664673
-720382
1817359
-199183
-781050
1430772
-832503
581214
-724468
544231
-1470476
115590
1036560
205360
159527
1060548
1071013
558034
-858849
684262
368862
-395680
336436
-1001245
806152
708307
1247632
848575
1044378
-982738
-562036
-789032
-1011996
-341822
773943
933787
629768
-378046
-327461
518730
-945110
463605
-283921
-1278145
-954788
821196
-407406
228496
39381
1176756
439465
-415870
717882
414614
-1077805
-1568909
561415
-1338565
-153329
1193002
552991
66539
831062
-1012200
-1140187
305729
-1259978
-1332172
1419688
246784
-164150
1970301
-1181273
935217
619178
-2481342
137606
-1101991
768447
-431083
1187687
536055
-351103
-1555274
-991999
156550
-506219
-1383403
497535
-755129
-203819
1491762
-1064533
780643
-272589
-582303
110726
-737224
-1366454
-648712
823074
-836218
1248232
1815515
60649
50048
-176420
-1083982
-222803
-861375
-588966
1583970
810859
225399
2175931
502519
-1315378
-510857
-1658845
-203615
2298066
-452954
-136860
-709
-176537
2108362
595458
-587630
112883
-5735
-564704
781476
-783583
-642698
1156572
725364
-908000
1991395
-149861
1246394
110701
-2002536
-212490
-302848
284761
-484875
292123
203987
470522
381144
-436092
27540
-262400
-664368
-574821
-788354
-649493
970536
590991
375813
-333943
763951
212757
599110
-245019
-420053
882136
183648
990432
242010
526803
1221138
-302536
166424
879261
607617
306395
-402297
-197923
