#SpinCore Technologies, Inc.
#SF in MHz
#SW in Hz

[HEADER]
@CLASS=	RADIOPROCESSOR
@FIRMWARE= 3087
@SPINAPI= 20191127
@POINTS= 128
@SF= 21.670000
@SW= 127986.351562

[DATA]
7200761
-1567114
5922561
3402983
4665068
3390396
1259246
6128534
-1585223
6354380
-4309868
4998808
-5583574
672536
-5988455
-2655252
-4322424
-3411092
-3767247
-5185780
1332526
-5119075
4475376
-4018956
3083730
96869
4314673
-379824
3032640
2987827
2084834
3391363
501116
5021026
-1066609
2911993
-2254406
882414
-2929364
98325
-3122137
-1855823
-1014418
-1601590
997452
-2873291
576995
-3390823
3320904
-2844321
1072501
9580
1619887
1595251
1485792
650754
1717221
1546073
-895623
1200953
-2878265
1358377
-712625
1549521
-2135456
936677
158465
-1586285
-399505
-2173398
-963598
243142
-383504
-1970306
2763276
1436457
2860109
-57079
131258
-356202
1447353
585685
-1610337
2213964
1078351
262817
-115873
135704
-681596
1315821
-1664515
157308
-412394
-177026
-239045
190403
127205
498567
335953
-1792345
907398
-509402
22035
-285166
-510327
-909001
2702021
36003
-583665
523291
709285
1091669
-254200
60144
918300
1055837
-1022329
152958
-1226115
-342281
193686
-726592
505559
797027
-157798
1039846
-331071
-1655111
-120393
-168672
-345828
-373740
140326
513901
1608007
897964
1254711
-363516
-1386291
372780
-756866
-308899
-870747
282781
-694659
500413
-1165116
565601
-366467
-960871
-1076486
-305862
802889
-1004376
1038337
819682
-394079
530497
1272768
-1873600
1139888
276422
100859
-294149
-446877
746745
358670
-767602
-669911
1468342
-1369167
-715358
-703520
-666007
825365
967524
1206789
-19525
624903
-1169714
919336
-1161730
-1330847
1721386
231369
-1443108
-484462
856291
369463
-445347
-763976
-1701688
924019
627313
-2375775
707981
283504
1238570
678801
-108657
-9479
681897
151229
-1840396
304073
445809
589783
836832
-1193075
-545672
1606667
-645079
273922
-464486
-488090
236734
777939
-188935
1836508
1705316
272586
938295
633305
-894236
1172298
-826289
-1360643
136763
1083958
1237788
596607
-309253
1319576
-995971
-964886
-564375
-529576
-255639
-546699
1103010
913749
852633
69405
-34292
98983
-1207137
-1325676
-609520
154295
721116
583371
570569
1509423
1189998
-335983
-1427898
