#SpinCore Technologies, Inc.
#SF in MHz
#SW in Hz

[HEADER]
@CLASS=	RADIOPROCESSOR
@FIRMWARE= 3087
@SPINAPI= 20191127
@POINTS= 128
@SF= 21.670000
@SW= 127986.351562

[DATA]
403833
-37788
686411
865957
-459863
-723465
370748
504137
-87976
830197
-1357091
411944
-102081
-669634
-931190
356103
1010292
-1656081
1219399
310333
962921
457076
-57923
872548
1768400
-61906
1022906
1063818
-1226918
1616404
-273127
392592
1137016
499974
-137012
87396
-757025
-1789457
769461
132214
-1116601
-821282
274984
598167
1776852
1155866
1155468
204994
-8312
-79939
-1535612
-1052448
-1756581
1725946
-100024
1030260
483261
1253506
-291495
-363556
-262454
-1684176
707197
-1625990
-769821
444955
276609
249354
1464776
-307035
434301
868726
51585
-1400341
219240
470516
-578224
800686
-1633585
1981914
33416
673509
460636
-1083524
332493
44115
-1987446
-359105
-378202
-474831
563748
1496165
457299
-951795
1386750
-734169
-804799
356544
451419
-1130654
46521
899392
168958
744240
-679738
446412
540807
-402144
90630
225817
-1481740
369647
599532
-70745
669721
1378726
425624
-1015238
308334
-1814544
384482
-768067
576663
-661525
-127
-1032740
1513737
561686
-1052847
1039064
1662886
290170
455479
-128852
460892
455909
80272
851738
-363822
1457394
1228251
551797
446833
-888388
-392457
-584430
321194
-130841
-482907
213009
33327
-128248
169980
-439328
622981
192280
-63227
348756
-244826
923831
1143087
-481912
-766502
920908
429057
52223
-434578
695532
-861828
-656205
1410013
-665413
-1469878
1253876
-1847582
419311
-478858
-380649
87297
1692556
145648
-534994
1576057
80806
-648980
319532
1072488
-428236
-316824
-424299
-1385965
-382186
531577
764466
-1017589
-245439
346016
536026
-1228812
-949818
-333592
47624
498973
-97300
-512918
143434
1729598
-1446453
864848
-968267
-905166
-40396
97915
-467573
969085
1884192
-179338
-170488
753903
437961
-612658
-571936
-1105733
441625
-794043
-63202
-1158574
889851
1700489
-191287
-532938
-199038
921597
-549898
-50059
314971
-697170
852443
-529328
723501
492409
-539197
242157
-1218462
-353182
-12504
-703330
1487467
-603654
635962
88193
1259012
972844
-914893
-223869
122372
