#SpinCore Technologies, Inc.
#SF in MHz
#SW in Hz

[HEADER]
@CLASS=	RADIOPROCESSOR
@FIRMWARE= 3087
@SPINAPI= 20191127
@POINTS= 128
@SF= 21.670000
@SW= 127986.351562

[DATA]
4537600
-434481
4278143
2173829
1478708
4895568
-563048
1833378
-2286977
4732205
-2634099
1209139
-1891127
-272414
-1709766
-429842
-1041001
-2164742
536275
-2861873
3242774
-1496802
1865491
878482
3424477
1315341
338935
248844
703447
3019409
-876465
2657911
-2800285
1195363
-965742
-797465
-2370322
-1493424
-644721
-2416145
-623670
-1154106
1677281
-156443
960672
2920151
2069154
2391257
357725
957292
-686656
1640188
-1877681
930161
-2299435
1349312
-903148
650560
402105
-2086005
-1228011
-1506971
-459985
-2261122
-313690
217800
1725334
-1528342
-60931
33158
1204382
47663
-889532
510649
274008
634034
-1002046
1261092
-123230
-622965
-252321
425540
-1449932
-445924
-321565
-462982
-907856
-702337
-9309
948871
1958888
-1640292
714425
-2007392
1587204
-1148193
155776
471351
266548
2712252
631297
1331836
910116
2664179
185026
-749788
-1099307
-628039
-1101823
-357917
-1947258
-224157
283097
-752960
297840
-345385
1273088
382244
823124
-2070117
1101559
33030
-195236
353312
998480
1373737
535009
-149091
-970008
-118707
-1348617
-1078954
-603255
696458
-790272
796193
512561
-1218443
299883
-653344
-418526
-151312
-256294
108634
-554306
-958287
157628
1239438
268182
-943673
791694
229810
493143
-603643
-1880393
394105
645607
1578768
-846680
2183942
-847701
-106961
-636158
289595
-367116
-465177
-654981
650764
-361204
-823938
-26939
230239
-1225252
-546689
-1001362
15297
1042858
1380800
-1018573
634240
989053
-203589
50468
-72629
-1220775
796877
-456077
427921
-793319
733705
-520571
-553606
-100390
-49301
-1148237
-874893
-2173850
-577189
229042
-531010
285985
863568
1731018
-770180
-666354
-1258124
166210
-636772
769120
690110
144504
1393061
828573
129893
-242774
347705
-26375
-119098
665971
341064
-751009
1453560
198597
-69763
611923
-79624
544993
-691564
-477500
-1180174
172769
594577
336723
-830478
167072
1212847
-439510
-583897
1117942
560975
1138758
547909
-835158
-326962
798284
551712
-981504
53586
-598246
897391
-717081
-808079
-23071
155103
-112569
-1067273
