#SpinCore Technologies, Inc.
#SF in MHz
#SW in Hz

[HEADER]
@CLASS=	RADIOPROCESSOR
@FIRMWARE= 3087
@SPINAPI= 20191127
@POINTS= 128
@SF= 21.670000
@SW= 127986.351562

[DATA]
5970790
-1259385
5269770
1790027
3916620
4348285
2993777
7130264
-1612055
6486193
-5222230
4633909
-5064825
911164
-6172304
-2336773
-4487319
-3697589
-1852939
-6199633
1410637
-5010727
4244907
-3342262
4748308
-1056647
5077521
352543
4098319
2067495
2494210
4062903
-455249
4064734
-1489704
3548740
-3389595
1063029
-4279162
-349568
-1755647
-1633943
-682281
-1681901
926614
-2559911
905696
-2320445
3506910
-661340
2174856
139417
1833730
1575040
1021991
1592662
842100
2736502
-2571265
2371397
-1892309
2053050
-2858090
1739266
-1984640
693493
-1507882
-1253909
-976844
-1506165
-679606
-461109
-963150
-185423
-539468
-727236
531302
-225334
565523
85636
432490
-111541
-16066
333922
1625854
961062
148615
200983
-1282792
1080236
-1367836
957565
-762978
666263
-630395
-880441
564037
54449
-1088114
-1506492
543814
-441445
1035563
-1173143
1927782
1093444
286719
-591789
630274
883716
712618
-524586
-184933
363619
63684
-316818
-171879
1112613
-244102
-257451
-2062195
-226253
-576178
1254518
269814
-456797
100720
-796365
405772
-766380
-577458
341914
420398
237945
-530709
-128742
-116760
418711
-1907946
557827
88781
950130
-843180
-169771
-358396
181146
-2117150
-317111
-1877708
287262
-359821
-302868
1633423
-984579
-871512
27014
-1473860
-1204426
1549244
48196
569274
-857241
70247
269403
-1192232
-353149
1507757
532663
2236291
1446068
-1503856
1490865
-363114
-1197257
-729926
830342
-35165
2180541
-534656
1204989
424043
-1546723
-1468779
796945
-655420
913196
-2189662
-122210
381083
-396174
162274
-35481
-237222
-103975
555564
-762958
-242800
1050589
-79161
509016
-942572
-1112593
-815
-2431354
-1186399
-11310
-303724
478576
373656
-568749
2084790
-805963
385052
490342
-790303
-614984
954554
-1095716
1218613
661192
1070988
-72546
-1719033
-487543
300368
-991323
407960
1779715
128817
364170
-590507
-451686
572042
-267971
213528
1152511
-1674104
-162102
-432711
-135645
1595311
94301
-1060392
124362
-459210
-1042402
589069
-307910
-347534
1460361
-463804
72528
584036
-1215078
439276
1435574
