#SpinCore Technologies, Inc.
#SF in MHz
#SW in Hz

[HEADER]
@CLASS=	RADIOPROCESSOR
@FIRMWARE= 3087
@SPINAPI= 20191127
@POINTS= 128
@SF= 21.670000
@SW= 127986.351562

[DATA]
17710039
-1215759
16271535
8859975
9529578
13956555
-1099969
16499718
-8634657
14010849
-14985734
7748720
-15705873
-1279285
-12550705
-8810507
-5916840
-14272116
914095
-14096904
9181785
-11294825
13314154
-4959189
12124173
2951122
9892252
8652749
3219412
11856709
-2925872
11683649
-7624371
7441159
-9479583
2347945
-9296067
-2536321
-6766990
-7106215
-1510003
-9070838
3780631
-7462094
5306171
-5512534
6943028
-891417
6804043
2539632
3074866
5860116
1410321
5475878
-1895532
5500926
-3917743
2347733
-5228933
992597
-4562079
-1852497
-2402222
-2771786
84952
-3943210
1467573
-3634877
1701793
-2204703
3071127
-1124831
3260680
625006
2416378
1818623
1543909
1769546
156106
1481607
-539644
2914024
-1078721
1079629
-1814984
1227932
-280990
-912872
-1295376
-772493
-1343295
-1177750
397836
-1566925
797480
-1617570
599843
-1561034
193209
-618043
1352574
503932
905185
1574956
1434897
488152
-765595
855743
-1052175
1420102
-1026131
339012
-1438819
94340
-160877
-1151997
-1157640
-585101
-435484
-1284841
339203
-582200
671881
-732692
981627
328763
840227
158351
942241
1433543
266537
1710636
-348783
684158
-84120
408235
-561010
262630
-1869890
-121896
-365629
-1350142
-331128
97133
35048
-1044470
-56246
-24074
1181920
-990084
337341
-41364
1997
183281
862887
133417
-103005
713783
10522
742467
352064
-206560
174361
-67667
-61234
229669
-216169
280811
425072
612369
481567
-333182
496747
-451082
-581130
605353
425502
-540032
135465
1048953
700840
288590
-228339
-1203674
-300978
200588
-493233
215332
-858765
-291858
224701
-41455
-251221
212425
-360611
-141251
-844624
-430799
1365521
306191
-456161
265657
-66609
-76332
-288501
-462134
-48053
-136350
32090
339808
248058
-603560
78145
-10470
-184664
282524
-214844
-441463
277963
590794
686346
-461146
-917865
-188760
-108154
219309
134938
799983
872060
218656
724320
233417
-731
-119888
-212951
543666
-21566
302574
77034
153865
-213658
10023
389474
59580
-1188871
-14989
-343579
333606
-149904
185439
-1098065
-797857
-360841
-292184
265911
-620866
