#SpinCore Technologies, Inc.
#SF in MHz
#SW in Hz

[HEADER]
@CLASS=	RADIOPROCESSOR
@FIRMWARE= 3087
@SPINAPI= 20191127
@POINTS= 128
@SF= 21.670000
@SW= 127986.351562

[DATA]
-1999717
-1153434
-2747559
-714153
-2110890
-2001682
-341420
-1676517
1561602
-2626221
1517245
-1227926
773707
929152
2097270
589507
1890669
1412989
-729200
2097933
-1897650
2552578
-1462735
1871932
-917393
-1245294
-609806
-1361937
-2006865
-2257736
19064
-517259
671444
-1330038
2381274
-950535
666343
-214935
513497
2166794
1316753
1258367
-189067
1270110
-1486569
-20512
-296855
1519989
-120864
-237558
-858324
1276135
-323187
-2106667
-477441
230933
1387880
-1266936
968021
863471
114936
503593
-1174713
2389699
1494764
-278777
-1242156
1239663
-1084279
398632
-2432484
556175
139317
-84221
-1377535
-622794
231662
-573717
-526578
13431
1147121
-236027
-124129
1038154
790413
-196620
-139251
-67331
136472
-805289
-1487183
1303669
971378
-1046470
667891
156267
-575050
-934292
-547566
915731
474246
-776170
371188
269617
-124348
-764237
-238969
-791520
133508
549439
387502
754185
-368242
9192
197760
714912
1425632
-89738
103320
1328815
-1261804
953170
277226
323191
653589
20978
235201
378191
-840838
1394755
984151
-575699
-776338
-780300
555348
-655277
-142485
-609119
496120
741575
-532939
988666
1200234
131013
-1028188
-394451
619069
-116140
1047124
311270
154488
36391
-1537738
-103926
623107
440335
-1162716
413401
-435248
-509641
-141595
840507
382509
-501279
-18573
98391
-964293
-231838
-62276
660496
-392627
1417813
-428160
81827
-191510
692328
-1253597
-914309
324754
-375465
-198716
374923
-399259
601828
-1108230
30543
-125424
-240504
-1010953
693861
405466
828249
-874968
-1282590
-496672
-282455
785476
890127
-1496250
491047
-425726
-1223586
-566810
-890088
-812155
-10163
-187073
491753
228963
907724
-544377
-1688197
-913278
1016981
-1245272
-576682
223255
758081
-626833
-1372150
-1510765
-123380
-1610052
107592
-455375
228076
-1745801
-1567780
-1200396
1046208
-1179159
-710008
-536479
1523890
-863487
-2420207
-2299284
704792
-267332
55890
-572618
857643
-775341
-2111767
-1525904
425406
-1589221
-1545018
-1469412
-963534
578003
-1057718
-1133599
77969
-1262717
-831174
