#SpinCore Technologies, Inc.
#SF in MHz
#SW in Hz

[HEADER]
@CLASS=	RADIOPROCESSOR
@FIRMWARE= 3087
@SPINAPI= 20191127
@POINTS= 128
@SF= 21.670000
@SW= 127986.351562

[DATA]
-3396739
1045212
-3500994
-1662215
-1939370
-2446479
-1307802
-2394291
-709968
-2837387
1310161
-3138457
2554206
-1105804
2368422
-1183883
1396409
824070
247303
-125484
457325
1565404
-154923
573469
-1217926
1050859
-1676931
-188508
-1603940
-865764
2510
-1604588
-539764
-786999
227333
-2361100
566668
329957
2735270
41721
1602691
-228243
1126334
-216805
355573
2153602
1375067
1192826
-1478501
-1146606
-387864
483902
252688
302025
-791528
599489
-115066
-291348
1757827
-1089727
619823
-788979
270515
620900
1008271
-1572738
1374505
-274270
35490
2706647
422251
2420425
139180
-951475
1187606
3164
976520
1814037
-1404386
1269767
279441
-366452
956040
-488537
-1018315
1896838
-512155
461410
244036
-385372
1274275
299475
-592041
-289339
-594454
1588034
966718
993572
1158135
147886
-1256560
-587538
-685174
1882156
156057
1108083
359505
404346
-1796679
-939883
-1433427
868170
415356
1399317
321235
233719
-1804311
-604480
-625551
-163469
1170851
798715
-267023
-328717
-1526298
-442932
112563
535530
253254
1258139
-735745
-321176
-347223
-596476
23147
-774002
-253399
511035
-712029
25246
-673833
-1119502
-287477
522923
-413477
366093
-322839
476590
-411146
-1136321
1929074
208183
477310
-504343
-156169
1175740
-754930
-1652447
2462275
-431928
46623
-517233
-322319
563236
-1313319
-112155
1613381
468040
395780
354667
-718007
-496527
-158509
226258
1003128
-1078935
-31733
-673693
-1487453
216537
270905
-1204871
490890
1079164
84999
-436389
-2141154
245690
849694
-121179
465262
-366971
-835346
-263062
-929210
-1095474
587807
-1088108
850953
527065
466638
-347196
335997
1579026
-70919
255136
310318
603911
-1307353
204350
-371055
645613
1719741
-198798
367755
1342796
-313944
639417
-534942
-685349
967780
-663672
546862
634506
-1168199
158458
-648250
1029146
178219
-1175631
195635
1452309
-1029654
-937152
-49737
941214
1467191
29722
675868
1320154
-638317
13836
284329
574252
1146755
354459
1523317
1434140
-689100
-1401538
-478407
996121
547380
29490
-919667
589526
