#SpinCore Technologies, Inc.
#SF in MHz
#SW in Hz

[HEADER]
@CLASS=	RADIOPROCESSOR
@FIRMWARE= 3087
@SPINAPI= 20191127
@POINTS= 128
@SF= 21.670000
@SW= 127986.351562

[DATA]
-5139570
3311089
-4895421
-140536
-3618920
-3095003
-1952808
-3761310
-1178195
-3374626
2396865
-3142351
2966989
-3086261
3383158
-197153
1312270
2558888
1214638
4318897
650740
2723148
-2088422
3616347
-4070479
1132873
-5641921
137063
-3024704
-1728927
-2684704
-1934976
-952216
-3867193
-1569076
-2809270
2334570
-3836678
2696460
-1090760
3246681
410781
1742473
769629
667726
902278
1347380
1860116
863374
2040238
-957109
-87119
-2652552
-248880
-1297720
-1647459
8391
-746925
-251882
-1157351
93846
-780676
1647113
-560437
1530469
-189708
1525787
-977667
2275418
131297
216151
1634624
37995
660758
1565659
674282
616974
754343
12217
1683650
-1036379
227499
612242
961170
686977
-1721246
-692992
1799141
-409678
-1010889
-258420
-836412
-25387
-1992478
-1348467
725434
1221515
-1431811
1175963
182534
-299859
299203
-1309772
1169961
290129
478052
267597
-751543
-101553
571555
-2706889
139007
-505034
354746
-398819
-409635
-1426604
233441
-1790766
-953049
-610858
-1164700
600497
720762
-818648
-656865
-660072
-1387943
-635682
-1067457
1349081
863818
-439435
-279705
-936183
-343709
-1056935
400015
567644
2106182
-244938
-1212077
-176577
-1125999
46682
-2818388
234369
1469523
283197
-1604986
968840
-2157134
-1093388
-1219744
-729520
169841
552340
-560255
1991770
-351586
-10453
-1023180
-844187
-520172
-532658
706393
764169
-1469039
662242
-184952
-1596185
223611
-413775
-264059
402409
980933
332098
652923
-198827
345086
-1130380
-1217141
75202
890761
818011
1711293
844176
-1360072
-1153522
-389193
-323706
1294992
258863
1840256
1982772
-177736
-320213
1360028
-942643
1042943
-811531
1830695
1125902
-720827
888538
-210195
-388863
1218821
-1321852
1579748
868503
-158265
56507
-69584
-498519
-678381
-464595
-493926
506277
151402
274374
100298
590092
-825600
-47075
201438
1002638
1594658
286009
-182563
-378132
-1234799
-276316
-1163697
-594998
1458030
682404
1844162
-592252
-1006808
1480961
-1775020
-1141216
982760
-1101886
2295234
604332
-641968
1486806
-1522188
339839
381446
-752362
2127585
-243324
-648802
