#SpinCore Technologies, Inc.
#SF in MHz
#SW in Hz

[HEADER]
@CLASS=	RADIOPROCESSOR
@FIRMWARE= 3087
@SPINAPI= 20191127
@POINTS= 128
@SF= 21.670000
@SW= 127986.351562

[DATA]
19698588
-2562317
16860723
6496631
10056034
15006384
1680889
17696547
-8036849
16031783
-13110375
10114874
-15713056
1057046
-14830065
-7657550
-8235026
-14005252
-1642968
-14664091
7010567
-12028732
12190187
-7371815
14200795
-695995
10830537
6304468
6457339
11242187
267226
12064378
-5767018
10645708
-9513026
4620060
-11194884
-495796
-8869470
-4526585
-5223004
-8759077
-137407
-8664917
4226448
-6877415
6206461
-4640184
7879691
-35173
5985010
2687423
3700114
5159278
398090
5513906
-2188068
5687437
-3612362
1979344
-4323092
680103
-3435167
-1765234
-3198984
-3109458
28024
-3693570
687570
-3307180
1916068
-2502699
2989191
-1370112
2637366
686286
2489491
1287104
2084261
2436103
425356
1901999
-1250731
2046563
-1401402
1337121
-1635945
1789784
-2149990
-13050
-927913
-1106624
-1679028
-603250
-161383
-1309371
-338441
-1859441
1734533
-835120
1264826
-1229369
1490387
700709
1548701
288192
697847
1582342
424419
370514
-187717
1797315
-605667
1488021
-897097
110234
-441465
80169
-954250
-420585
-1086264
-1282939
226383
-1021094
-161955
-1067398
594090
34362
1152679
-223265
-59525
-145267
756944
248694
521657
316862
-132468
316958
-623466
399633
-711001
179636
-374927
-195786
7443
-753979
-67281
-380605
-416533
-1433129
665986
-318242
30073
-213363
-271778
-508232
693392
-253906
-1194378
618227
-384466
469339
-41913
383992
534668
1290210
-583101
-182061
-1034004
-1332854
-39036
-288515
-640576
432933
528821
-799784
740656
816407
228041
-160556
-706382
-456220
369209
1231680
-433542
81683
-766629
-389174
1187462
-225374
-192525
-83423
-156912
203477
-403459
-85257
939729
616787
-305148
702730
666345
-58730
431133
-1057912
-34733
-556971
80403
-666962
318314
-48759
182514
470170
40994
-316124
-394302
-39144
-422950
-110584
-1011629
485176
20017
-277332
-153185
-314740
-504572
-1096292
472723
-533392
351452
8833
612899
299606
375521
236067
949237
-292692
121562
-9692
-138598
433018
365640
542307
-212249
1460606
-214573
209628
31792
-256588
12275
374103
-37761
-151675
-274501
53723
1035892
312976
