#SpinCore Technologies, Inc.
#SF in MHz
#SW in Hz

[HEADER]
@CLASS=	RADIOPROCESSOR
@FIRMWARE= 3087
@SPINAPI= 20191127
@POINTS= 128
@SF= 21.670000
@SW= 127986.351562

[DATA]
552334
84462
236469
-399393
1276904
710400
395764
378467
1045393
-173457
659088
-99395
-110348
-876158
-219362
65101
22092
-124311
-457810
-919133
98896
-422764
437040
-364889
542104
458
-310151
1071243
-73816
-232337
-93112
116427
658635
407137
-57964
912189
-463253
-1478217
1269553
-206682
-321280
-798471
-816078
-795461
-1097882
-424890
43496
-1366915
-100054
246119
-383158
309303
-226049
-171900
-696267
-1652789
-147042
-913135
-464732
1458205
981797
-240031
216801
-423888
1155959
68518
89218
49583
480507
531245
-535707
745930
54804
1081483
-301375
2021900
797276
217747
-981594
598387
-968007
-175058
356898
1936697
150340
-998285
-341000
2087314
-22643
-481902
94569
897292
693598
-556379
825662
383189
-1017142
1019915
-574424
-248585
682613
-67923
-474030
1330054
21271
-46912
-2058034
406666
398478
-1004887
-536078
1210506
-305111
-766019
-763882
357470
979102
-1201916
-1543721
680563
317994
527167
-487916
-313440
1130362
-1287698
149598
1046321
322586
1697009
-394508
1725759
-413293
-1160375
1193525
200967
-521637
1639705
-357228
1349466
916889
-18759
344587
892878
2633143
1230809
1052217
-900720
678021
-157854
1378199
719930
845478
1113691
794156
221845
791517
-83458
1238726
-502536
1050899
1304934
-919804
-1006210
276305
302932
999141
-288900
1831135
-34240
1116165
174280
1769611
92811
224925
-621527
566330
-508051
1574839
-259219
1117482
-241381
800426
-167817
-512237
510936
444505
-224094
1445996
733552
-34040
923825
-471333
-319140
-81133
-30207
508306
-281624
-770451
141842
312597
725175
-298852
161541
-171262
223959
1490073
-939594
686469
-451933
-85038
-253391
-1754513
-1079882
460479
-633653
43642
-343161
1052533
-152862
-722130
-632489
1212803
-911292
1503227
-467475
1209772
-941469
-671997
-342875
1394503
-446205
-41703
-1617300
87396
-489561
-1763747
541636
1219279
-1899017
-675697
-245373
-450878
376066
-446956
-670869
23767
-1470108
556442
-1535718
356840
-210259
-1642201
-440196
213570
110042
