#SpinCore Technologies, Inc.
#SF in MHz
#SW in Hz

[HEADER]
@CLASS=	RADIOPROCESSOR
@FIRMWARE= 3087
@SPINAPI= 20191127
@POINTS= 128
@SF= 21.670000
@SW= 127986.351562

[DATA]
-1936097
1229776
-2909532
-893441
-851079
-1266999
41607
-3124003
193885
-1907525
1682962
-97447
1535587
791589
2366101
982732
1997088
1050532
110421
967492
-528729
2789318
-2134314
18309
-1688448
843411
-357567
-280647
-805213
-1492430
-1318633
-1718667
1153626
-2124651
1307544
-307161
1373043
108348
-110026
401368
374624
938987
-1071622
1609930
516669
1733382
-1119624
730653
-614878
-764620
-966482
-1279536
-312524
402583
636216
24824
305235
-1627328
-299920
-250082
-1687845
705754
117980
480280
1697319
-58656
948443
1654248
-239234
207877
-1399892
254452
-1137785
755831
-529475
1376158
-227190
-839874
67196
-796352
-344159
-5410
-2027125
-758981
14260
297912
500178
-308905
-189114
-638009
572323
-2259222
-354724
128439
640563
1001228
753119
-652910
1990303
-338837
-538871
868745
-1011084
369030
-744393
-24374
1215943
704679
328211
-171667
-75178
-868884
-706533
-693107
-663526
-41507
617045
-326550
994965
122756
77598
-24073
504802
-833189
60249
-31439
734182
698142
286856
21069
400533
41398
-418140
52479
-1998371
388551
385534
287714
499025
129277
-123312
553350
-1432728
-1067530
961754
38433
620968
1518448
-329517
731950
85457
-668051
951760
1218676
-644439
44590
-694383
-1563244
-267529
970621
654864
165875
-192877
-23301
437156
47810
3772
-664877
-766369
751115
-623530
757871
98690
360461
-717816
-2095092
-607008
38765
-542233
415534
-733623
941524
1253861
-1412420
-369019
-410234
-382068
-1091483
-262377
841532
318375
-399748
1520318
541988
529582
-399199
-407847
350162
388200
-1017302
510150
2138886
-265288
562435
-567445
1235018
-837873
-143639
294949
-110410
-1524554
-847420
-1063248
909502
948401
929589
-1213758
-1611110
1176875
-1612015
1429479
-1289353
-791041
-552281
35113
-476083
222851
62663
1146215
1180508
-2519207
-841889
653810
-1556949
823162
1094708
261203
1982303
415052
-1105698
212984
-1162014
-1128619
1342710
-1861677
1100517
-722586
798487
1484140
-654330
-490197
-1212508
-1026808
169422
-265406
383066
