#SpinCore Technologies, Inc.
#SF in MHz
#SW in Hz

[HEADER]
@CLASS=	RADIOPROCESSOR
@FIRMWARE= 3087
@SPINAPI= 20191127
@POINTS= 128
@SF= 21.670000
@SW= 127986.351562

[DATA]
17748887
-1480882
15401619
7544647
8989658
14794608
-444484
16912392
-8876196
14087325
-13690097
7259315
-15014602
-1136613
-12643663
-9434143
-5981752
-13875693
2241056
-14384714
8543802
-11542181
11950233
-5087235
13144734
1597467
9712244
8207268
3805001
12654330
-2145093
10387843
-6901917
7616425
-9327734
3049375
-9860897
-2241348
-7114393
-6935019
-1949187
-8901644
2844408
-7513047
4912336
-4779242
7739663
-1639612
7063768
2425087
5002858
5516984
681568
5997450
-455729
6093149
-3986970
3466619
-4814844
1954732
-3811123
-1184148
-3110043
-2408821
-1239001
-3324938
-185952
-2343519
2217593
-2307974
2353837
-1166865
2431577
840486
1437138
901267
1385871
1788825
764452
2133962
-886479
1301576
-1251589
489233
-1852110
624536
-778669
260928
-1015228
-487850
-801408
-1691488
192817
-1311649
975555
-1831520
1523281
-1291046
1697377
-280165
1808263
116808
1687681
1372714
394016
1310315
-250106
1603740
-308910
1716225
-1334296
810760
-1465891
91105
-405237
340991
-620665
62882
-912735
-956755
91434
-778669
677093
243042
1503909
657400
371139
-284799
537988
235368
-165112
643814
-1281492
1051875
-632817
399512
-542513
-26727
-511837
68601
-880337
-901262
454746
-654299
457235
-697163
1113603
-741621
378231
-917159
1013743
512798
229853
534507
842986
838572
527869
-87652
459249
751074
-258513
560614
-273082
333201
-40843
-990935
144531
547886
-355949
-375058
-54434
429879
873381
-941966
6011
796317
-453287
68947
-31049
-251810
709639
124906
547071
465219
-560028
-737584
-859647
-179943
184740
-472742
-181836
744653
414434
-336144
661297
-509755
-292683
-471034
-559567
409886
203705
-2475
380906
297200
446641
-1976
-580319
-671978
912436
-106072
-53465
406881
212938
53869
-658675
-638509
841419
281602
91226
-69157
108800
128118
-91258
-321374
94971
1265026
1165493
-836978
145918
279250
1203710
-488314
244361
-230482
442681
-698115
114093
-347157
454372
935880
320098
355383
-5967
469076
-310626
-313792
345059
161196
-837262
525223
-226654
301689
-85343
288619
-434159
-374159
