#SpinCore Technologies, Inc.
#SF in MHz
#SW in Hz

[HEADER]
@CLASS=	RADIOPROCESSOR
@FIRMWARE= 3087
@SPINAPI= 20191127
@POINTS= 128
@SF= 21.670000
@SW= 127986.351562

[DATA]
-4657706
2290736
-6730340
-1787024
-3439144
-3899073
-408991
-4502648
1650986
-3452560
2924950
-4685217
4996802
-1533201
4466354
1659370
4474517
2496024
237618
3266144
352148
4989370
-3311162
2871871
-2609856
1972900
-4655189
111536
-2370251
-1333406
-857201
-3360662
-363743
-1821093
1263955
-2265940
2780822
-1757135
1567486
165199
1287545
838456
-423918
1641194
-417543
2412930
-1922351
2780266
-1828412
284317
-2968511
-617655
-1557992
-1427172
-3109631
-884673
-97121
-2362312
1521244
-1343547
-1111851
-1469849
-624236
-1174333
215416
-683357
933328
-134880
-789413
94424
-295083
235672
-745934
451923
903368
291082
-589818
-1594107
-1172737
-1326557
-1813172
-1061335
-1076
-1286979
46734
-538053
511256
-958168
-352885
-1115466
1392236
-147446
1457113
37505
1029714
-735466
-860551
-216574
621309
49128
468900
999514
1193202
440834
-973990
-1454234
897960
107290
166602
-817990
583138
226581
-1287195
-1092736
111154
-1014512
1706262
131767
840784
183148
1718132
1221709
723857
-359899
646961
-354150
1408989
-486250
1002634
543637
-216252
-208180
877208
1010766
-1362073
-384850
28599
500271
-203918
-1607262
601078
609455
-450541
199812
32402
-448906
657549
-477901
-646472
996582
-77937
166539
-225575
-293358
2334506
389204
-1053149
433351
-496322
817494
-460413
189312
854546
2416613
-751907
253526
-1155350
1469112
-656539
-1138092
-20772
373998
-311502
580163
-823518
1712256
334259
21366
319974
580725
355707
309518
-2237185
-17175
-1368083
-293635
-178897
893664
-328628
-1098007
-1236047
-1720708
-871301
-1263837
-73148
-953240
-684620
-1378433
474494
-218627
71577
228848
1077902
-107752
70095
440138
465031
-214467
38791
-1478292
176570
-1283293
-103114
873336
475944
-1278064
351837
-747066
1169874
473703
285466
-819329
-254354
-1719530
166397
-13762
1073155
509158
-87865
-670118
-1025196
-871396
1361407
251120
602720
1580566
-699081
-1114250
-685938
-316976
178592
-854521
1045853
334043
-298708
-671131
82423
-404376
855680
522623
-280706
1590103
1226653
272761
1962304
1243946
