#SpinCore Technologies, Inc.
#SF in MHz
#SW in Hz

[HEADER]
@CLASS=	RADIOPROCESSOR
@FIRMWARE= 3087
@SPINAPI= 20191127
@POINTS= 128
@SF= 21.670000
@SW= 127986.351562

[DATA]
-3080193
348768
-2541126
-3979378
-1126329
-1283156
-132869
-1513264
1449911
-2404619
2710943
-2855249
2632524
737563
1785489
2150177
923554
2733106
3299146
1289941
-1182588
1241452
-1548073
1662501
-1800559
-734451
1186685
-9070
-501258
-724855
-1102724
-2705555
503840
-31820
2387814
3259975
1675740
1727562
1791254
1199264
373366
1269699
-3453832
1349907
-1586797
175290
-193455
-921860
-761452
-1299936
-1669565
350545
-172968
-1954690
932779
-1358500
1011452
-2021082
231238
-954512
-508507
-595171
1302761
-270469
467861
235947
140524
-147035
288847
-968132
146648
1050920
-461459
874913
620079
542468
793311
-875281
1192217
-237311
-458849
-429480
248775
-259519
1773730
149145
1037095
50773
474425
462262
1265957
615560
1087102
304782
-347723
475775
-628833
-1610845
-1295593
-350060
-645604
863581
-928376
-1246930
-136341
202437
242781
-1594038
-1559101
804388
55014
-744247
1138945
-847895
-242678
201184
422260
-71454
-160169
870669
-888345
332394
-395581
812013
-696147
-1533821
899202
581907
-485215
612165
611890
-684118
-238088
46649
1018231
-120762
403359
421281
215397
1071211
1055355
-997053
1020039
-286400
-831087
1597271
-185423
-574159
369101
755917
271323
769490
-1694396
1248999
-383270
-391734
2361607
407527
-623164
682522
-1502501
664077
-864542
-881765
326084
1413584
846440
1621660
-220332
-1385460
524983
-644063
960014
1334019
-181867
-177565
-494798
-1068133
980378
-866226
-1186786
-726359
-97725
440742
523700
-942721
1304405
-443508
-439090
210270
237828
623659
423934
604608
189701
164190
305766
-1288461
-75275
315484
318733
643000
-464469
354749
-157051
-388419
-251823
1909384
-1375358
-1695693
-401529
1405586
-349538
-22633
-1437128
-204215
225586
-70613
-1120443
300488
-699376
1201409
326170
123695
272935
160026
-678516
356125
100459
-531695
-50466
568595
-1237598
103610
-505482
-1764467
-447174
-1585494
-1357216
599558
-153468
-577784
491550
-161238
-230404
207981
-364496
-112690
-1397120
-1763318
507623
1845166
-366958
-159156
474616
168104
