#SpinCore Technologies, Inc.
#SF in MHz
#SW in Hz

[HEADER]
@CLASS=	RADIOPROCESSOR
@FIRMWARE= 3087
@SPINAPI= 20191127
@POINTS= 128
@SF= 21.670000
@SW= 127986.351562

[DATA]
-3467493
578331
-2877729
-3688524
-2342997
-2909974
578241
-6274938
2384740
-2813892
4800985
-1353621
4308782
1047465
3192564
1567889
2197107
4060834
-978741
3747417
-3792607
3915837
-2730748
2120868
-4367246
-905237
-3202775
-1466200
-800083
-4549088
-525954
-3065081
756901
-1769634
3233463
-1488983
4679213
487427
166209
1032943
1387657
-53865
-761211
2605630
-896104
4023508
-1769634
-181560
-579630
-412779
-1621791
-2215057
-2826604
-3714495
-170409
-706825
-420302
-343000
270738
-739079
1991240
-1168707
1654532
199115
890483
607315
-489402
561000
-90296
2813882
-811145
1609932
587430
509675
354534
336272
-1058433
-462478
-584344
-37398
-51294
873593
905756
42786
-415991
-1155052
-486389
-788255
287474
1500101
-1451903
-262845
1293926
-155307
1139454
708292
-785890
-123584
-180139
-1795253
1165135
1195046
-835441
143495
938151
-813989
3023291
1225109
-2066138
149434
-126261
-1243702
107845
-181840
-1673710
1067143
-41374
-417499
2443662
-1368868
-1629847
1109797
-2369970
-1667705
-722163
-1215241
108499
1702222
-229329
729422
2020525
-2635393
127384
-100615
-1029394
-1077482
-321371
-785309
1566398
1649023
50517
466137
355433
-937133
2333979
518597
-526712
810388
-746781
-830847
1129800
534695
-820176
677039
129934
-1271610
600974
713088
342851
-312516
-1861769
-686015
-622574
-1691966
-597348
1167556
338037
-1132795
818623
-1940303
283406
552119
68180
552912
-641042
304029
976091
-303921
321984
1280287
-1406568
-508135
1469694
1125549
-199305
1050536
-2746625
1478003
973073
-957100
-307256
-278530
-794907
-1218181
75310
-2165310
-742795
-1138958
-364626
1039442
904924
-840671
293457
299271
-420330
-93813
296046
-47846
451596
1609299
-1089597
1335600
-816907
-913036
477106
-262796
-718190
832397
-567291
-473030
1049847
-290951
308118
433146
-184609
-734085
597322
1301764
2457208
516206
109629
441154
580960
908126
-1099389
667079
-219980
1022567
336971
-754357
191490
-1512718
-385433
-1172427
280033
-549460
101807
81375
-778559
1392907
154660
-869387
-417714
-173610
380497
643603
