#SpinCore Technologies, Inc.
#SF in MHz
#SW in Hz

[HEADER]
@CLASS=	RADIOPROCESSOR
@FIRMWARE= 3087
@SPINAPI= 20191127
@POINTS= 128
@SF= 21.670000
@SW= 127986.351562

[DATA]
-2959064
-153016
-745258
-1098477
-1569234
-3610030
176863
-2119695
998057
-1260888
1973012
901569
2419201
1234379
1621369
398783
-504593
1618540
-2103857
2167133
-2062136
710338
-915814
1121665
-605141
-1222922
-2527349
-1351374
-3453
-1916303
-1248359
211983
1269050
617685
2215744
-237570
1618147
1184620
-68381
-378063
-1276878
170495
412077
1723733
-1172596
39314
1727302
-188964
-1190410
222656
-452938
-7751
1433455
-2163581
-45511
-1545777
-554174
-1654439
236337
865283
1358933
1657969
708003
298950
1555448
108135
-1261377
-339513
-116796
-667424
-621444
-311266
1069385
877833
-570011
-1146313
-1008024
-432303
-528089
-589118
-1197664
508981
1473309
136902
-688982
-942164
322946
-18391
587071
-1662690
-1145762
-649215
176092
142529
-661609
402717
2233930
1003326
285115
-318889
168860
-98028
84359
-261086
-1053397
997141
-798970
-1179209
983615
-673913
-41687
164357
-949151
-1262787
154480
-1294813
358047
285524
-708163
-422930
-490018
337754
1597563
599403
-206709
1091593
-599455
354527
1198179
625713
-445524
1702387
-1450747
-2239965
-37530
-57598
-1498447
2270172
586415
-1119297
1386859
-2197884
-2107361
-63282
386976
-1078823
1470578
-184898
2248169
1175259
70956
-75597
-113206
570816
-1054657
1402677
-822125
1860702
745261
-1546140
-499469
1687512
-1043666
-926818
-120139
-1173291
-20139
906330
-1549638
-271114
3317896
-1268041
1701781
-292050
-106066
-1325767
-271687
-549695
-684259
1711079
-449366
834096
1293560
274995
-380331
-1017866
-2433790
-532368
-248353
-1104193
-138559
452793
349622
271853
922157
-1788760
417276
-806262
-512136
-466052
596375
-603155
1768069
1063944
-345413
-129361
75483
-978218
245921
1109680
-282336
891459
-383422
-2256275
1354095
666984
-454222
232023
-652625
-1838296
899124
-511794
-29001
205496
-627510
-832721
1382871
-205469
406073
737803
1072036
-1222410
1633572
-337415
-444633
-326756
-1579893
-29708
-405627
1611603
-276015
821202
-758181
-1336851
370900
-748242
-632737
-1232849
-460331
72040
628015
-1253999
1334403
444380
-53155
157432
