#SpinCore Technologies, Inc.
#SF in MHz
#SW in Hz

[HEADER]
@CLASS=	RADIOPROCESSOR
@FIRMWARE= 3087
@SPINAPI= 20191127
@POINTS= 128
@SF= 21.670000
@SW= 127986.351562

[DATA]
1076902
-579676
583022
1843434
370053
599212
177327
1266079
-629286
-496870
322993
920224
-497156
925016
1160271
-39969
-152739
-1779052
-711971
-86824
367690
682110
1624703
-618577
726272
521640
-3858
546749
1103439
-190998
639263
1297038
831645
-545187
-751298
492189
233681
462663
-355006
675460
-75499
-220308
1334302
-210041
862462
-773402
-675182
-1591816
-125848
609039
1379750
-461224
-26400
486717
390780
1030162
808727
954792
456511
373355
-330572
1068143
-938410
-22800
739363
-102565
436754
1266188
-958484
-979786
-56168
-43718
-254763
90224
493543
252331
-9042
-284905
-296571
90369
935693
1158456
967844
938317
-641772
788852
630433
-464593
161291
1529450
252631
177628
419731
-497522
423905
237296
49457
1312641
789791
1051884
-2011185
-114619
344856
-1562455
630282
1520988
287418
2196466
-509371
-194648
-587922
-532989
721393
-191997
851511
1548158
-1439864
-792196
105230
-270794
343321
-966846
253275
1783061
-1107192
211396
280660
265737
-237777
-880692
-661153
880293
89689
-353338
-952236
-420042
218682
-975815
400934
214890
-1306216
237073
1005686
-183433
574121
-794085
588310
760887
20285
214731
1073632
583088
-284189
-858352
519115
361896
357801
-1045100
-250087
439480
88586
-604879
-456514
1202493
769343
-463238
1612622
652252
-760673
-779216
436464
-489020
1512609
-7740
746251
-191146
115922
-248216
-1579178
-1634495
549553
-1072611
2042731
13200
-175398
-989944
-1291868
-649514
-137848
-630056
916212
110626
-140527
113419
-1318997
-107630
1001525
740115
1937004
-27970
-793255
-66609
-825332
597411
461331
-769375
1222070
104527
1516904
-747463
330989
-2366304
2212765
64942
1687693
1050116
1096321
-27785
-767288
-261377
988867
684207
1490302
1184692
1267139
1018869
89338
-1048322
-520151
-197077
630054
1137679
-1071453
102402
227348
-406283
390706
-1125261
514361
1710552
120227
305192
703182
-1444297
938657
-1056782
1069459
1371829
-18900
276100
154946
153021
998149
-1127056
1127022
768255
