#SpinCore Technologies, Inc.
#SF in MHz
#SW in Hz

[HEADER]
@CLASS=	RADIOPROCESSOR
@FIRMWARE= 3087
@SPINAPI= 20191127
@POINTS= 128
@SF= 21.670000
@SW= 127986.351562

[DATA]
4428037
-1518983
4583608
2722982
4857632
5175453
1596004
4907403
-2425612
5424383
-3967592
3437408
-6996102
786451
-4284601
-2087807
-4350864
-3862728
29553
-5716013
1194011
-5117362
3635296
-2902596
4568056
-819037
4424525
1047801
3365285
1653523
731860
4907758
-2609276
3784695
-1679512
3037895
-3265933
-137863
-3723532
1705207
-3016376
-2298861
1123518
-2826283
1387644
-3089047
415506
-1418518
2331634
-880181
1560159
1715647
1607779
2349152
-1416870
655545
-1018465
1105381
-2545571
2289717
-1355759
1683735
-2987190
-1169561
-339854
-316654
-313721
-1605199
-413166
-772754
768866
-2483283
1468185
-318541
516661
-341509
1014666
393069
969236
510645
-498986
180996
1282877
110211
-992191
563250
1028772
751817
350101
258865
1604114
533890
-327320
230726
-853317
-1465302
432910
-53177
1647689
443412
375558
-1017343
387993
-1269983
903464
1033180
-529352
1629102
219136
1535947
-560588
637013
-1257038
929116
-8426
586745
-1272081
-591109
1749749
752187
-461695
-586228
671591
-357833
74259
-1801734
-167839
271615
-35366
-882377
534726
1661668
788470
-1173104
-33198
719169
-106664
-107993
883949
373723
-730087
-663314
-857150
-889574
47875
346344
400266
125853
1179670
46661
419320
197484
-79626
-481327
1064243
-1664844
77707
402246
1037093
1050073
214034
-715979
716104
-221654
-1233625
897642
-133421
-335306
34992
1052762
-281277
172842
-980364
-854534
238565
69015
-225882
1595411
-21928
-704461
-6474
-367603
1913744
-135727
754417
1480391
600647
-184960
399634
-602066
80884
486732
-747441
-310408
-21678
694869
-712290
291894
-415910
1219968
-121164
1052715
662858
-649002
296140
-1197976
-918383
675675
-29412
-12066
254728
378545
622006
-310273
-1181382
-370681
470817
-333515
118098
1147457
-17154
809067
-2342893
-837990
1207170
-835953
21103
1195846
-584342
-25868
200099
-1681414
1552236
1196355
-1185049
868255
-151820
-146010
1766709
-1619499
-1381714
876736
121397
1148006
469026
-332101
1751753
864151
-1328257
176111
-887797
-534552
367087
417398
-141919
898628
