#SpinCore Technologies, Inc.
#SF in MHz
#SW in Hz

[HEADER]
@CLASS=	RADIOPROCESSOR
@FIRMWARE= 3087
@SPINAPI= 20191127
@POINTS= 128
@SF= 21.670000
@SW= 127986.351562

[DATA]
-3390
419519
1258181
87203
609819
199943
-1417412
1327210
-704888
791876
489500
2155540
-822852
895794
-2631169
-429706
-252481
-322441
-1136228
1268163
-223568
-1377510
-873198
409727
275582
-761693
-1760208
848806
376893
41998
-836878
-1419556
-791079
-640141
-279472
-733193
807675
-222817
-1778546
-2308387
226441
-287730
744802
-1490924
202105
-964005
1516466
-2009102
644803
-760785
-344640
728268
8798
-424845
1781846
176821
666590
3248
324067
904335
575724
207300
833648
2617475
651696
-720774
-799441
-496329
1021421
342609
-1045621
1952194
-1410514
781278
479383
1133118
-660631
655733
-778133
1252862
-1377845
273461
-1533915
708198
-561667
-607018
-1185834
803798
-1081250
-225426
-694280
43796
-875289
-1894104
-993929
-20186
418313
-308040
387921
-1287237
-160277
141526
386320
-345977
1205757
130483
239735
-529178
52853
224040
1602201
-189850
649200
457863
-179734
-478342
892166
-850492
927124
284753
671069
1528530
243791
61697
438090
519336
112913
633876
-949715
143804
-134375
816567
329895
-208924
-499172
-97111
-579720
-24815
-989644
901352
906301
-710757
-1247316
-1332552
164410
-895811
-690935
613212
1368775
637271
990830
-594706
836232
-500503
-2386335
-269807
-706417
68273
-783448
-860642
902887
371010
-378899
-186688
-324277
-190132
902192
-237149
842990
-75095
779393
-522783
-171317
1508760
-689158
327561
610460
-283972
-306704
539338
-470154
35719
-1483177
1259663
1852519
701444
-711554
427777
12087
137509
-1921571
1064660
-757753
2113399
-915408
353451
682324
-643763
-1374970
-341224
-2069335
204266
700889
-497254
1620397
-88215
-565230
-2394704
373653
-1158349
54400
155725
603277
1072655
714607
-972264
288335
-674720
244325
-260016
1724165
-1086761
492455
113832
622921
304016
319561
-82474
480591
-18533
54864
1047676
-220429
360450
-860958
2206905
371040
499100
980891
-68870
-155094
-593343
-378404
-278299
-618372
377242
642431
11423
7856
-2225609
-189099
260070
-62393
-41432
-864905
792290
