#SpinCore Technologies, Inc.
#SF in MHz
#SW in Hz

[HEADER]
@CLASS=	RADIOPROCESSOR
@FIRMWARE= 3087
@SPINAPI= 20191127
@POINTS= 128
@SF= 21.670000
@SW= 127986.351562

[DATA]
16997232
-2097375
15250694
6853835
8943428
15411905
407341
16888868
-6968745
14276381
-13301544
7489790
-15621793
-449475
-12557814
-7598759
-5935358
-13113584
944551
-14250950
7086221
-12166861
12057834
-5642355
12973141
1942076
10465832
8279432
4792048
10305826
-1992331
11556678
-6422113
9567719
-9008570
4305043
-8882580
-1301497
-7563659
-5855931
-3783467
-7941986
531568
-7958655
5653689
-5261500
5610148
-3073301
7093097
291444
4834133
3138434
2444682
6281847
-1229605
5859203
-3041075
3744496
-3761069
1446018
-4840976
20173
-3951841
-2139279
-2020288
-3487150
815995
-3540054
1413428
-2753622
2190257
-1972914
2929440
-175488
3078453
1516074
2071378
1352746
457883
1054595
-176174
2515206
-1144895
1265266
-954756
718031
-527084
-352876
-1964631
283784
-1478398
-1001328
-914452
-823489
917348
-1265895
147253
-797054
1260071
-739507
1281822
124234
1367407
1830751
980076
-30668
298428
558617
-361003
1227217
-1265796
1193979
-683137
26571
-887315
-28928
-1098308
-102275
-1388617
-950929
306103
-1454810
307291
-873997
477383
-681763
104217
-775482
470022
198306
269784
848678
456750
407481
-432872
432752
253624
713576
-481649
277698
-460085
-32321
121628
-1217283
657913
27966
-181281
529853
471811
-225546
1114437
7474
489914
-72345
282890
381919
182905
328548
-584319
858413
87329
598175
-428009
-168333
-709951
-46950
-80025
71016
-1075247
654795
404161
-493419
50259
-102245
-73052
366337
-1457843
208534
170555
505908
151722
-303333
-223730
-436445
-953929
-792756
-315451
113911
166972
-13092
-303110
-650805
-58022
-1152545
-445346
-107721
-182089
-213936
-348308
-1286924
1163277
-448829
-140927
-543591
-327373
294118
156028
-462067
1062452
328478
-52589
-610984
-782178
-456258
816609
-134304
233041
362839
695234
191182
312397
-461201
955540
-30096
-429162
338305
229248
-258889
677626
658932
-1134
226986
-638499
-109524
-214700
693826
233452
477902
-515543
424841
-495111
-247272
-952693
-581040
-415779
101975
-349138
444857
315734
-426182
43090
-386458
-454621
-40847
-115634
-69535
