#SpinCore Technologies, Inc.
#SF in MHz
#SW in Hz

[HEADER]
@CLASS=	RADIOPROCESSOR
@FIRMWARE= 3087
@SPINAPI= 20191127
@POINTS= 128
@SF= 21.670000
@SW= 127986.351562

[DATA]
3933684
-1979440
4975924
-6124
3116426
4549329
2465842
5112671
-867065
2873697
-2344912
1609837
-5636433
831768
-4339359
-2697769
-985257
-4294233
1125283
-2584005
2394466
-3860170
3025450
-724703
5151934
276975
3013087
3983631
2126808
3069970
-96013
5708135
-2403084
4680349
-4094155
2639740
-4134664
-586866
-2926398
-406882
-2132724
-1983387
19856
-3199839
1448800
-3312531
3151132
-615898
1666364
-1498447
1973904
1385677
1407688
2436073
-301231
1048379
456246
814517
-2241986
921459
-1406519
636534
-1059597
315949
521638
-165114
-735085
-2082423
-277824
-602668
-6977
905742
991407
472973
3150828
1271989
403753
1792479
-405995
-967287
-489044
738225
968117
2267571
-1679384
1036708
1139333
-933356
-1063418
-171838
-1765411
-157478
-937382
-757004
1555931
-506173
448374
265382
-1054317
-402618
-413977
-1192397
1768350
-55818
624828
-312927
-1256148
-1385833
-1192978
-958672
1251867
1912628
920980
834833
-222040
-1382229
1073276
-744129
-175854
1384433
574568
1413391
1581094
-629657
1082361
-425687
-1415124
1353767
-1750997
921015
804960
1437134
1057893
1407254
-1167219
-517703
-2033075
-1002829
-124657
1680327
-956216
1147403
-549669
-191789
1064972
-1036264
-270631
381017
-366862
434521
471690
-1049946
992971
505232
-777875
264191
415784
-138785
1327993
-476652
-189123
1521913
-176318
460326
-567558
19945
859259
-1174261
-38461
904564
82969
-566795
44631
-438542
1858140
661339
-2075461
-152263
552125
1256830
2591118
-60467
978474
726317
-463296
-1471707
-1306056
13328
-236578
429114
-260736
1538918
3151131
-608105
-619570
-2096925
-1745614
152743
-574564
1190956
1449235
980298
1657637
-771663
-427220
-323938
-1804279
-866353
322919
1149406
1246219
455648
1480904
-1754851
162388
547616
1254354
640353
666039
1084323
835221
-1071607
-270600
197975
-136653
934606
-947134
989419
1129480
406696
-166157
117271
102191
-248681
-469543
-1535654
-194739
963666
-533976
-840524
-210983
1083594
118045
-1439807
-619960
197163
-526915
-1109242
-1025526
543663
1397909
-169215
-552390
-1169631
-389517
-1089951
