#SpinCore Technologies, Inc.
#SF in MHz
#SW in Hz

[HEADER]
@CLASS=	RADIOPROCESSOR
@FIRMWARE= 3087
@SPINAPI= 20191127
@POINTS= 128
@SF= 21.670000
@SW= 127986.351562

[DATA]
-5903970
2324354
-6195161
-2430605
-1308814
-6471506
980439
-4396185
1327901
-1729203
4031486
-2658597
6472655
1116673
4277223
3194905
803821
4861082
-1064734
3163321
-1089996
3320565
-2675205
2607567
-5803927
-2317988
-4379408
-3733993
-1019418
-2867339
1354569
-938382
1071970
-2285597
4760694
-2739412
1581274
-138247
1020622
3851726
-89784
2266962
48838
2611577
-2701242
-32935
-4087761
1011680
-3473321
69820
-267739
-414325
43886
-1400456
539138
-2176059
2185455
-2570334
2356501
218122
2037683
1287160
1057509
-1384917
478197
364820
-1345627
2285703
-621470
3910622
-761694
888148
-325723
-1485003
-1503818
-88408
-2051591
133002
-1720747
-665475
1230037
-1263612
1277585
-857204
-818907
-638438
-223634
-661982
1079264
967774
1816657
391720
271341
-262134
-1414331
-1204518
337322
198908
1451029
640442
-393729
868642
-33861
450122
543156
-806235
381939
922537
347478
184202
102005
-540151
1375617
-679497
-534506
1574661
-373481
-210284
357177
-329719
1484040
459340
-1529105
-235177
-814664
-81274
1202099
-775751
482275
286067
-401991
-592025
-18162
-356697
1349273
-654755
-497562
1643926
-821962
-322900
766495
-1325484
1101117
571727
-1396920
1325638
-474441
-55134
2138539
381780
590404
1130860
-1207950
471061
-1841209
-915698
1447723
-774444
1258826
1517800
234428
-561524
-442925
-1118781
71617
1245573
-181770
2071003
111756
998834
1669754
124189
314942
636741
-516591
1652494
-1310577
-127574
465183
-238037
82504
-80747
-2634260
450777
-1411005
-812886
-891854
-540986
1087231
123345
-1768648
801083
255506
-2525924
-216053
-793692
566472
802806
-1290675
183211
1757976
-677686
420122
42474
1781589
801164
-949085
-684427
2022093
567300
1555196
-627559
913420
802156
-1389011
-53722
42804
488335
1491618
2169546
-46406
2115229
-1622601
-463699
-175226
61510
-838739
1524552
-907791
555021
98868
-1500150
-279480
-1095780
-1956917
1433421
-1734405
-733379
122585
-2510809
1903511
-1006565
-1577155
-556787
414351
-439519
2033950
-451594
1953256
-179676
-179926
-155989
798527
-451416
1656486
-38816
