#SpinCore Technologies, Inc.
#SF in MHz
#SW in Hz

[HEADER]
@CLASS=	RADIOPROCESSOR
@FIRMWARE= 3087
@SPINAPI= 20191127
@POINTS= 128
@SF= 21.670000
@SW= 127986.351562

[DATA]
1381067
724212
400637
417789
-521492
1758844
1187672
1396802
-1447765
1788974
-1428349
306481
-1645650
-964191
-1900911
673836
-740586
-658720
-32338
-1406329
-22260
-107300
586175
-1419552
-701253
-244587
963885
177682
1060807
-465059
463094
-604529
7118
-1118111
840020
-560430
-91175
-1131640
1470769
-281319
596186
-1042931
294074
-453578
848493
1127069
2053388
605874
487039
912388
311495
-18035
-1428720
-6466
40860
1588279
723617
18227
1251018
131228
-31633
-1297153
-1175347
-128988
790078
515938
1774895
147103
-69113
-821020
-1943559
330953
-1524150
559829
-1180880
558482
400618
-377441
432731
-1299668
-339617
722793
-428734
847915
-67052
-65286
319334
-247736
-1380869
-713102
-1530250
-1070475
-475291
1273581
2756183
-353305
524305
-744176
-758874
1728389
553964
152195
-610261
418234
1287826
303879
81348
-161858
-407995
432614
-195289
642973
614493
-427757
1190091
-245839
699733
-1127798
-544538
75628
-485337
513277
-120510
-117216
730153
-177327
1208743
679914
-477210
497556
-132715
450126
1022427
1710967
-233261
317510
-1351010
-1156273
203439
525650
-1393481
657789
-2338617
1417249
745453
103624
-673573
152410
-1021572
-901541
-1046148
-1100115
859420
-421108
94679
817593
411453
-1511804
-767096
-740654
-219186
-941540
-284103
-42877
207964
193643
1228747
-1338322
-16061
40061
1169022
-538775
-675972
-695675
1083943
256416
-737916
1156132
1542767
142081
273870
-155658
-372102
2473264
1040596
140177
277442
964861
372618
-18147
-2798306
888108
1292259
-400896
13183
511586
-128607
273032
-1073238
-698878
-620870
479293
-557164
1892929
83796
40074
-915784
-2344645
-545083
548409
245221
275460
-919232
102579
-1170905
-95230
729756
25405
732476
-1059586
-114757
451602
98714
39554
338563
-613558
1429914
493795
-417856
524981
28230
-1503109
1026422
1369677
595511
-109433
215709
583249
1848293
-742568
1044519
1289749
1059514
812869
235704
-965
140528
135636
-560213
-399807
500692
-156319
-1074558
-1213504
80119
508552
