#SpinCore Technologies, Inc.
#SF in MHz
#SW in Hz

[HEADER]
@CLASS=	RADIOPROCESSOR
@FIRMWARE= 3087
@SPINAPI= 20191127
@POINTS= 128
@SF= 21.670000
@SW= 127986.351562

[DATA]
5984562
-1352996
6781220
4906547
2833083
7726740
289976
6724832
-4685239
5224494
-5617724
3787590
-7927997
1602579
-4372598
-3697886
-1469741
-5965123
-1093730
-4645767
3098362
-4118048
4781888
-1469160
5190218
-108492
2435314
3279540
955643
2955076
461
4047335
-1912824
3441692
-3779406
811723
-4445517
-2095152
-1465435
-2636587
618595
-2455802
1992769
-4426923
2311650
-2071657
3992296
-1655236
2991818
2102891
506179
379379
458298
3546675
-513804
997967
-1178374
2282176
-2041433
-92244
-667887
-780488
-1287770
-1094009
-637025
-600215
-1463637
-374426
1291028
-881983
228825
-128561
861755
-6423
1334341
2478892
1422699
-648541
-840653
1859732
-733872
-29185
-262210
189645
298700
149480
-121736
-682912
-1893888
972480
1248984
150711
681845
1673276
655129
-146501
-401564
546124
697094
-868491
1092211
2441720
233333
1014889
626297
861082
-307857
338411
-1407047
1050013
-565307
691543
-662105
385165
-426902
463060
-465132
-1334270
991453
841034
-1271297
-359908
617470
731586
-742103
-1082198
129486
325132
-1395463
240745
-311567
-723354
312922
283862
27694
415745
-1184154
-515994
-2066264
-2692644
919695
-721465
165798
-376731
-250849
320767
-530520
-1320915
1746015
-276095
-389110
-307182
-93485
669157
-461298
-970908
275558
-16698
275882
714024
-387597
-345372
574867
-52428
453494
-670189
-138682
-219650
-1022385
-628057
1095404
842778
458788
1355872
1428035
-1422533
623578
188746
1117406
145955
788552
1355235
-49682
-2202594
260426
682552
531044
-262521
1073815
-388694
214287
-310996
834112
-516251
-1070067
1032729
225773
976784
237825
1668654
392908
-297575
831782
2100500
-1129170
-1710443
-806458
1728622
-801390
-12629
-595054
1147245
-1661176
-279899
-1047523
48149
-363975
-158077
-516343
-339734
-1667831
-612118
740639
-2187656
-497326
-132724
-1855649
162293
-1442603
-935007
-148533
-585009
626994
66632
88870
355605
-160707
-2839558
678602
1247328
1181641
-1259223
365192
418464
-170286
-3015266
1128422
880439
208646
-530992
806727
-287442
247853
24226
1026949
174827
