#SpinCore Technologies, Inc.
#SF in MHz
#SW in Hz

[HEADER]
@CLASS=	RADIOPROCESSOR
@FIRMWARE= 3087
@SPINAPI= 20191127
@POINTS= 128
@SF= 21.670000
@SW= 127986.351562

[DATA]
-5408665
-1887657
-4503159
-2873963
-2873097
-6552162
2537624
-6357172
2706108
-4080942
6101537
-1971524
5337493
2502123
4333394
5796307
1730520
3847944
-2252658
5607919
-5643353
3025755
-6277525
184421
-4040823
-1400101
-3091177
-5151016
301898
-5155062
2030248
-3856895
1309223
-2179080
2531207
824452
3922087
2411848
1163775
2962532
1020637
3526469
-561901
1522475
-4505552
321362
-2883561
-2230470
-1699007
-1242629
-118443
-735079
547825
-2489117
1284615
-1116251
1008596
-568269
2402948
1695024
690530
577695
-359366
2248203
502026
2307525
-81458
345351
-821359
-11989
-529756
-1102683
-1184204
30774
-1502519
-608504
313143
-290923
1498191
-879304
1101750
-1178320
2018804
-458523
567969
-692399
-171775
1311064
134777
130450
611049
1973984
-175323
1033065
648753
181944
-1524066
-23231
-2233452
988039
-1673802
-176933
1090740
965628
523376
-613610
-370852
-1153210
2435671
-330050
-612543
1343060
21792
377741
586674
443326
-829741
469111
557791
-213683
-1433336
-353593
-1565120
-449004
-824231
-221354
513808
398159
17679
-10152
203543
230890
1879007
-189543
960571
1379826
729011
-240363
1140316
497961
-217707
2792812
-656536
-1114733
1184753
-729938
-489920
-681185
252914
-2094882
1277459
831503
-1493867
451631
1919270
-1721807
2071680
1451526
803771
1776877
187255
-1158216
228954
1777750
-1665376
1578017
-1818256
852812
-963337
1223002
547992
-1166322
-415143
69754
-101166
-2415787
-1315600
-142404
207651
-273159
851947
448580
73187
1826154
73963
-1997180
545040
-27223
-1135196
712450
-1537750
-967941
233587
487101
-1382600
116475
1907095
-1983562
-383457
-1229215
892793
-410748
-1114689
-377612
-145350
-136670
834889
742398
-2110595
-284919
837455
-214266
213846
509933
-662514
-1223143
832319
-502198
-1327914
1004905
-436028
-1595001
2115681
290070
205737
125765
-1127868
-1335032
1522402
310369
-682383
1114085
-820356
14147
1271995
67515
1127613
1096113
-1383911
-902046
103601
-458481
60481
-345433
-2471111
-1172292
1212873
-791874
1234652
-6325
-643550
-859171
1801193
-726688
-280500
2509305
