#SpinCore Technologies, Inc.
#SF in MHz
#SW in Hz

[HEADER]
@CLASS=	RADIOPROCESSOR
@FIRMWARE= 3087
@SPINAPI= 20191127
@POINTS= 128
@SF= 21.670000
@SW= 127986.351562

[DATA]
-3220569
607288
-925037
-375387
-1105754
-1129242
336514
-3174567
-80774
-803004
1635378
179002
2056592
2312090
776546
1183927
4958
492738
-982594
2182685
-2120822
1857551
-1805850
703820
-2383543
-1278164
-1933292
-1120375
-2832214
-2312099
166705
-1865737
-28372
-1002424
1423413
-589196
520248
-1407483
800167
-262689
-110771
809751
-372447
295029
-306065
-948328
-1784062
-194170
-1209035
43425
-513421
-542414
831305
-3043235
1870313
-592173
554575
300071
502829
-206891
1672141
-2018024
1266268
-302816
740772
1801762
-836045
222321
868142
93811
80566
784439
89839
603068
-788034
-572156
146202
638461
-320096
1883540
-508973
-135460
-534466
985406
-565543
29066
-396528
1309734
268363
-1402433
140538
1993439
-1563875
-22986
-585097
412000
579359
478863
-668253
1897142
-1641766
-1409214
-727580
597990
282432
745399
-360116
-42423
-1363068
-1428682
-373354
-327552
243382
-81024
-189661
-283856
1240519
-760803
-68214
-178532
624341
-210815
-518743
-914413
699133
-45993
-210223
-248290
724342
-720692
1081727
-963898
-210878
97246
1011914
-1703492
-900826
589279
245742
-912569
-185006
137900
681339
-181963
145643
2232086
99146
1146137
-914468
364000
-300920
-835849
-1174379
1002105
1297491
117640
-729967
-424056
-651802
212391
-423264
-131814
1298465
107199
280910
1059884
-301519
-791230
-438408
-511821
1018801
370344
161250
838858
109544
-234587
-515768
-137975
290731
-532744
694892
964601
-428674
-1150455
3177
47332
-625675
786371
1905382
1781824
858060
-736749
-1397126
-254953
-1010067
510999
94710
1875650
1443311
13041
-265034
-240195
-409724
-306376
-522949
1130052
833098
973758
283650
-1544010
649575
-68849
-1584830
600583
636897
-473919
-165850
-914741
229682
-22243
-1759533
97547
-1153399
12706
776586
8798
586819
-569047
-2424978
-349119
-1087215
-542290
226160
756060
1471835
-201329
-112843
-1093745
1069249
-1163977
1360098
1870781
331660
1286353
281794
-2183662
161250
-103914
122357
1261757
-1215280
-1052459
709428
-1164626
170023
-124868
