#SpinCore Technologies, Inc.
#SF in MHz
#SW in Hz

[HEADER]
@CLASS=	RADIOPROCESSOR
@FIRMWARE= 3087
@SPINAPI= 20191127
@POINTS= 128
@SF= 21.670000
@SW= 127986.351562

[DATA]
2138837
-598061
2655870
1801052
636400
2125771
-790542
2199619
-1011340
2287271
-1328053
2832787
-1748844
825461
-2644712
-2319860
-1686152
-2791874
-728017
-1720013
1830592
-2248434
1399042
-2405318
3691607
389780
2334877
1951410
563685
2057971
2088219
1904866
121491
1508298
-1698872
365651
-2093316
-1099108
415202
-443529
-114452
-555362
402813
-2059110
1827465
-2491196
1911848
404500
-260227
340437
1224832
2368545
2109344
450395
-416883
860138
-453541
-815563
-1736795
1132329
-799355
1088606
-2322074
904514
-370337
-1659974
-933896
-767707
-149681
-172734
353804
-1496505
-30181
565240
1050103
-1078754
-287216
-727402
1775717
-1653031
298989
269321
593534
1251914
-607844
-543077
1105696
-508405
-279543
-755531
-11194
643566
89651
264211
404454
-558211
129119
-978418
88360
91001
526701
263202
-309457
-419872
-660604
320087
-998460
-568868
-488225
-219674
-52434
904600
-1160639
668241
-1263435
328356
-636390
-1190102
-76755
-309031
-1274869
-1023516
697115
415442
36510
55973
1658266
-1738950
1025002
-656743
-1130910
997035
-112911
499180
47519
111350
908891
140290
274261
712245
-971171
-24547
-199608
1058431
-956857
1123610
285664
432009
-355576
-1392370
-222052
193149
286011
-736608
-714209
369003
302142
-1502632
486513
-1021903
-163982
-237616
-1407594
1499541
1075391
-702894
48553
213655
376802
445381
-578601
658114
1467466
-829661
197441
329005
-242699
1321935
-846434
-3008738
1506683
861950
-351984
2412705
-870649
-1020577
1998833
-817826
-205801
1223361
-686811
872660
149899
-1263800
2013202
205855
-920111
330651
-1025175
-1028079
-547827
-18198
-22993
1496704
519913
-68535
763918
-33000
717824
-806899
-757229
1969171
1441391
-888182
449074
-231570
181688
-146314
-1371169
572156
844300
356494
678320
28770
1252540
-67828
132085
-6692
-1240390
1418155
-463029
1406702
-155643
1476933
291390
-1984806
-264746
-943169
-1013945
-713974
-763306
91574
394939
-657456
1318993
1362971
-587123
-577779
536963
582603
1398442
1435291
119388
1444402
442821
-2322784
