#SpinCore Technologies, Inc.
#SF in MHz
#SW in Hz

[HEADER]
@CLASS=	RADIOPROCESSOR
@FIRMWARE= 3087
@SPINAPI= 20191127
@POINTS= 128
@SF= 21.670000
@SW= 127986.351562

[DATA]
18793946
-2100508
17820899
7410296
10392019
14087014
1964374
18031658
-7534292
16122151
-14384716
9876077
-16947846
1574875
-14658512
-7079569
-9938796
-12850897
-1184113
-15404641
6391083
-13393761
11710174
-7470904
13837896
-1286172
11989293
6610705
7510586
10858229
1018421
12472340
-5127138
10512867
-9218965
6787822
-10397699
1084170
-8660122
-3928627
-5356107
-7343344
-1492725
-9734804
2809774
-7417190
6822893
-4286472
7920049
-782550
7169610
1982594
3607258
4258582
1347595
7275981
-1160777
6158439
-3560330
3295262
-3709330
819006
-4750650
-508825
-3717206
-2629418
-1326425
-3224011
519018
-2881380
1640111
-2655393
2770809
-1959693
2819000
-864759
975813
322979
1798973
1913433
1140727
2492062
-307294
2777309
-865398
1832653
-2158649
742692
-2327418
1347679
-1013171
-4021
-624674
-779681
-842342
-1251344
-310289
-1951575
109052
-2052966
816728
-404986
1515909
-336206
1826298
203254
1242436
464307
219464
1414688
-11784
1386606
-626786
1191213
-1303654
857380
-1641763
458951
-737304
-93769
-1709727
-496258
400679
-512539
506001
-399733
275121
-207972
1267751
-1494668
614095
517566
-275584
751749
-39851
848279
306393
105412
-244098
181056
-1094280
11502
-86296
443790
115257
330001
-145596
-429814
-361186
-779731
-287183
-362096
-261822
508694
659726
139706
650287
159836
374704
-92168
-715006
189342
-590507
31777
103624
154610
-7246
245039
-1246109
-488305
-220245
-608488
-433079
569265
-222797
103068
461536
-803824
76325
247126
312248
-854690
-468773
180457
-7923
158222
200221
622647
119236
576256
120588
-268149
-620639
650865
-270694
-115268
-716254
-200963
651753
-98355
-149380
-535577
-418263
-313645
-656653
-384929
1011967
719949
217277
-521322
305383
-139949
41916
-450369
-696991
-464040
837573
308173
713438
267273
-240360
527919
114001
-865778
-517250
1147529
321424
1081937
-456829
137334
336151
459482
515606
323378
-48907
-161835
-143749
-355707
-483968
829741
812668
-651293
-356505
1065589
880603
358803
-273459
-617578
-72577
676833
184553
-28286
124952
-45289
-285265
-540615
