#SpinCore Technologies, Inc.
#SF in MHz
#SW in Hz

[HEADER]
@CLASS=	RADIOPROCESSOR
@FIRMWARE= 3087
@SPINAPI= 20191127
@POINTS= 128
@SF= 21.670000
@SW= 127986.351562

[DATA]
-2506873
1885276
-1731051
-620795
-1429537
-1598250
-1402664
-2346603
774917
-1423282
1300189
-732359
-158039
-1941251
866935
92795
1186722
2131023
634734
1629773
-1071961
1506109
-1874033
299054
-931588
323273
-924729
-406071
-989241
685928
-1382751
-1180354
422461
-818007
1005118
-1351181
736318
326423
2095132
1665974
-65582
1234944
767906
205156
-424101
1845365
550260
2183984
-82808
430805
-1534868
-471841
-287868
-416134
138944
-529161
1617814
-1247374
-1344708
268349
839237
-1178442
780104
64726
608638
-488360
-252579
1587115
-39612
-926
-336220
-549471
-1677790
-1642753
499220
469782
-2412698
-275154
-769863
-2543685
-1600467
-1454885
946737
-896977
352551
-52158
-843493
284899
-1081438
688718
-103363
-887451
1441151
797589
-57219
1479491
-1033426
351092
294452
-263314
216629
1358082
26024
329009
286345
-422172
-262298
1800781
1208143
-1471881
537504
-795861
112887
152051
149877
1045679
-479437
-212125
830398
-619606
3552
155841
749719
238188
-1810801
-479786
-338001
-532226
-943820
67642
576031
-1726518
-1528038
449243
-1246852
-1154555
684097
-198287
-886320
-1975014
-507849
630517
-1009047
294346
611731
-160937
-1901521
838987
1112318
295429
-1065495
1064249
-642632
-263521
-292326
597008
-770568
480276
263773
-230446
-911461
-129252
694460
16275
761017
-1253830
1712644
718239
-781385
90191
-240503
1305262
251952
-662053
223303
691091
722850
663652
1023294
-426347
-41166
-607056
320438
662666
773202
912421
-342848
358898
-86095
-733722
135412
-765849
449929
1105288
75964
-665628
575223
-418577
951505
-520052
1728908
506301
-181460
-626548
-1631898
289733
-1128116
-74719
315652
-72903
273242
423454
-1261419
946577
-872133
566535
710396
-59045
-1110096
-1797132
-211647
1837667
-1126882
57051
468954
-98577
-1278712
597793
-640282
1451884
-433477
899183
-1292277
1829406
-1509695
454964
209130
-370156
1913180
1061253
132695
480670
-888322
1864030
-180657
-156433
2072968
-125477
-565904
-69894
50393
469160
234428
-1347808
815126
240841
