#SpinCore Technologies, Inc.
#SF in MHz
#SW in Hz

[HEADER]
@CLASS=	RADIOPROCESSOR
@FIRMWARE= 3087
@SPINAPI= 20191127
@POINTS= 128
@SF= 21.670000
@SW= 127986.351562

[DATA]
3513360
72055
2784207
1630846
3009522
3680380
1192682
3877423
-668352
3661074
-3324657
2404396
-2293496
1467269
-3956318
-2109237
-1102347
-3663142
-218388
-3065980
1562073
-1855829
2547981
-1667687
2433074
278808
2147614
1627265
1663437
2924199
-294013
1630614
-1925343
3829183
-1561665
1026169
-1485004
500441
-2008216
-1675121
-1039169
-2069797
-85619
-3254069
-415343
-2017159
2278496
-1539722
2284894
293567
1518258
937150
782616
1397403
1998382
1763669
-872822
2292301
-1030366
770422
-1069959
120879
-1237953
191539
-1276372
-1574488
-1319240
-1995131
620761
115796
1642881
-724415
1584009
-352360
1693353
-12448
415496
-132072
-103022
1079711
-267412
399181
-197081
1122737
507857
1394295
-520655
-803134
-510976
-1724340
-319136
83841
-725104
-1637347
-779916
-1013541
133222
-350487
973560
1136777
604377
505667
661847
599158
939658
1385976
88295
-707741
1307258
944936
763211
1054671
-1214118
325946
-485322
-1023065
-924694
-1321121
1280792
-74280
-2350851
-1081608
1365990
-1124571
276750
-452567
1191545
-306633
410715
696282
858450
-1639233
1011298
385498
-399524
-757292
-586785
2319120
-1217748
1832991
-853098
-1006969
645831
-1431520
-1517340
470861
-2617988
-1014664
-506295
-769317
287464
-776724
537202
649388
110114
-602110
1051297
234430
-51613
-631742
88843
188725
-1392590
736080
-21957
272632
507505
-1494313
1404931
-126156
545416
-1627807
-378940
766939
578445
-234868
127588
-350442
1385332
534927
-361805
649469
-905416
-390131
996743
770416
-1351713
1216417
328306
-976859
476591
-309290
-1032890
1244487
147154
-1551330
762961
156140
796528
519793
-290861
-1056952
358007
1168288
-68093
-1078071
903722
-30671
1805032
127153
-1529341
1520647
-35033
418686
256944
-276167
-810895
1402840
-534852
-1119112
423298
848152
1366354
-269192
-587903
-1190779
1577242
-600319
-976539
-1105515
-866420
2618076
589518
-168877
-253965
-783457
1907000
45567
-2328277
228842
-162328
-143271
-700090
75342
-1145693
-161452
807000
-1290327
-802046
568995
-1260182
-435958
-40916
-1988305
146631
1702583
