#SpinCore Technologies, Inc.
#SF in MHz
#SW in Hz

[HEADER]
@CLASS=	RADIOPROCESSOR
@FIRMWARE= 3087
@SPINAPI= 20191127
@POINTS= 128
@SF= 21.670000
@SW= 127986.351562

[DATA]
-4528428
-479641
-3800611
-3001156
-2898370
-4186661
-1608450
-5517191
4170666
-4119418
6447845
-1750623
6283483
1012977
3744215
1092209
3317759
4237219
-358002
6849412
-3326658
4696881
-3954569
2122540
-4778571
49649
-4890770
-816318
-1556353
-3778316
324483
-2826244
810648
-1812508
665059
-1575019
3598728
-536763
2778986
2255664
244812
1861625
-1994393
1821715
-867714
567648
-855936
1967426
-3427449
-317675
-2571289
-2652634
-685363
-2680160
-27976
-710524
286507
-2489646
1458479
-1778953
3008663
-89429
1334544
869418
1016097
574618
1695275
-249217
902871
2594798
-242733
761261
-7329
-552427
695646
684127
-743664
1217643
-214484
-1358177
285170
154448
1303765
157560
70594
1639411
-738121
-1642478
-27766
221317
691857
1566040
-1254391
-846754
-1567861
451987
-77161
-821910
-1053498
1237090
-1500117
-676335
519074
-1147258
303093
-1266579
-1449248
-402775
-908240
-1147571
748649
750980
1818017
-924413
-762868
-1554930
373186
16258
704307
1099973
145540
146434
570610
-210832
594466
261002
-30304
1504339
-1329223
-347205
577142
-54208
-1642272
-286631
-937450
606491
1334329
-1486136
1526263
227757
870281
428580
150284
113705
1252135
-1028908
-559367
1106852
-290795
57194
-758130
1313078
4269
-540977
-434553
-978653
1122510
533453
-218021
-8736
-294978
168147
1314355
-532976
-306121
1288851
558479
-1951029
-729835
48213
648258
692962
-1374982
761438
-578068
-1524284
412788
973710
514255
278666
-83065
146148
-1400585
-381832
-1301066
192621
-832274
794155
1032296
-497951
-307836
-279189
-172761
656733
-858072
-229017
1307367
167626
463957
27832
-917206
-62259
218296
-308781
198962
1095007
905985
57518
77869
575649
-365873
-172243
12890
439762
1243461
686977
584606
-837679
473805
330692
-347787
421108
935375
-232459
295624
488487
33106
678323
89019
975380
-1559731
-454184
194266
-433497
-166542
922205
259137
-353290
-337562
1132747
-719407
-931396
-13620
-656713
-581422
-210434
-1270559
-809173
-505438
-527281
-396542
-502209
-981473
-123159
736267
-800100
