#SpinCore Technologies, Inc.
#SF in MHz
#SW in Hz

[HEADER]
@CLASS=	RADIOPROCESSOR
@FIRMWARE= 3087
@SPINAPI= 20191127
@POINTS= 128
@SF= 21.670000
@SW= 127986.351562

[DATA]
-1769622
1756886
-1755191
-464056
-898305
-2004093
575494
-2748208
1095097
-1346709
1507266
-283631
2324242
199451
2398178
940474
-10801
2744952
-414591
2756516
-767417
1697262
-869071
630896
-1775268
860082
-372420
-718122
-976332
-988260
1571955
-1910936
-237400
-196075
1337271
-1002524
1098685
1756185
1646110
-192971
-1118890
2271619
-248451
5416
-664230
1466539
814670
747836
-1310664
-797191
-208152
-1672221
305145
-90121
1153550
-707881
76825
-139360
1739204
-822367
748305
855900
1671801
1175097
-143655
55982
1783021
680553
-501255
414251
-688690
-503239
636489
253556
965415
-155858
-782303
396142
-321852
218096
456924
1338165
833538
531321
255479
194422
150056
1430127
1226861
1104846
1042360
102866
-490280
680467
-1178903
471928
670501
1065328
-99311
1031474
534333
447026
-927302
391144
1718321
652727
154076
962455
-1167883
-147831
-731874
2054468
264558
184382
825177
-268264
533720
64319
-326691
-44541
891751
1899272
161483
-315092
314063
-41820
-1303081
500863
555597
2519513
-1163977
-669540
94958
19633
-625865
1324869
498092
2859554
-1378534
120700
-284483
412586
-1442099
148649
-366731
2229851
-213684
670250
58753
444538
-407734
-117581
-725346
988884
-109232
-357592
-333990
1181157
437925
-1442905
-1624067
1828905
-1487429
-478807
627443
432542
176223
-980827
-2207486
538301
-1572351
-986571
1137456
1169231
-174468
-1399073
-1521132
544000
-1994341
-349090
578099
-63205
587225
-1891439
-1115302
809008
-793802
284269
-422552
523578
105282
-1205700
-101961
505713
-966936
-195186
534034
1666161
279362
-914411
-173634
744973
-2183894
-1285809
-735465
1098316
1325512
-952343
-903447
-595116
-2185544
506090
-49814
1420561
-250386
-680875
-1298354
-216433
-1548038
282558
1098560
-265600
-324226
1441699
-582678
-247624
5121
-703501
-517207
-1069579
-495959
-952373
550401
-659112
-473073
-1245059
583517
404079
-1333
-810779
726310
859366
-720422
-1414415
1055481
-347922
-921550
-135675
1692600
-937039
-144730
-1779329
2195751
-1116015
-1315537
43177
