#SpinCore Technologies, Inc.
#SF in MHz
#SW in Hz

[HEADER]
@CLASS=	RADIOPROCESSOR
@FIRMWARE= 3087
@SPINAPI= 20191127
@POINTS= 128
@SF= 21.670000
@SW= 127986.351562

[DATA]
-3538201
-210813
-6821763
-1498473
-2360212
-4539854
-795559
-5729432
1231313
-4819627
3123176
-2552944
5663427
-792649
2512107
1412368
1848525
3018839
-2901990
3905077
-1956255
5410551
-3458642
1574674
-3750691
-1499912
-7158498
-2265126
-259091
-4133322
1170487
-4021374
2749336
-3046924
376222
-2250515
2417644
-114509
3057156
3348709
1655036
2614919
-1402729
2079341
-1245646
612186
-2640241
-380618
-1245639
304528
-1899230
-1326952
-659992
-2784595
121001
-1285863
3618879
-1392470
1015210
-974866
2256424
350845
1129741
101659
548481
805050
-299352
927624
-170962
1445357
-1343981
1814941
1084395
1007070
-399107
-2204714
-968712
-330464
171821
-932134
60724
-97181
958438
203217
665549
565733
221547
3468
-200231
1485118
1755367
-459418
180305
2352665
-202363
425139
115435
1110611
-406147
-513443
-2223761
-222055
-1076888
229759
-1208294
535803
-23117
-1212733
-2924898
-122816
959739
-63580
-694031
-874448
1094276
-653775
-1082979
-734174
-9178
-839910
-359546
539741
1235139
-165774
-1467670
-2613584
784902
-678524
415406
-2432514
-1376352
1231731
-573660
264240
1869405
-481538
333741
325943
-120421
914782
226704
-855651
1211004
1070572
-274540
16163
-2080404
-487888
651039
-381389
1485524
69808
-383764
-977145
528609
392381
110984
344037
973345
1561233
445655
556835
479864
-1045783
-297544
-174845
-802238
-170515
-1419388
-1372850
-679008
-22871
-549860
-295787
-1339573
575259
1593180
1359862
-433667
-1228291
566271
-494401
-184318
-290802
231944
-407497
-1302324
-401587
1727305
-140719
-232996
-717606
-447254
1487773
537302
-12309
887969
-571659
-1206609
381857
-408172
-569231
-518362
268900
647028
599868
-328431
-1774539
-1695496
-215212
41748
-398531
-449913
932259
-545919
-559181
146114
-1562805
-146856
-1100412
-507384
1265208
17146
-98686
-739442
-215521
86638
445747
-353387
-175664
-1399847
-848541
579457
2215010
-364012
-1010668
-810857
-643870
-994800
-1497798
-286130
1657863
1059750
-26502
45344
-1303821
-1402499
-1367876
61039
1578688
148324
-1533784
-725134
-327448
501358
-1358438
