#SpinCore Technologies, Inc.
#SF in MHz
#SW in Hz

[HEADER]
@CLASS=	RADIOPROCESSOR
@FIRMWARE= 3087
@SPINAPI= 20191127
@POINTS= 128
@SF= 21.670000
@SW= 127986.351562

[DATA]
6603387
-965790
4904718
637795
4699741
3960012
2081489
4784117
-1128217
4828831
-4427525
5423192
-6190323
2135944
-7191323
-1779992
-5108988
-4401151
-3030474
-5434261
740976
-5015329
4345508
-4512398
4149846
-2529194
5511641
1103999
3228201
1495473
2310080
3615430
-790904
3965446
-1467502
3649504
-4074157
2798663
-3318890
787186
-3675437
-2282377
-832993
-4644686
-876396
-2446658
1234520
-2934139
325513
-1812126
3055643
-1019529
2438109
618806
949656
825218
-1263047
1984069
-363144
1480239
-1159615
1795952
-1582901
1472328
-1135474
-770984
-1234558
-1927390
860416
-276924
86682
10463
-1355282
-399882
-503212
-848872
1450840
-894136
946740
-75005
-649662
514648
-381305
859947
83842
-807139
746491
1709454
-1730494
651956
-681441
1646381
-1263544
-1331430
536863
602717
789417
-706299
-1544572
-748714
-616511
-596328
701806
-1735828
1138952
-739039
1168169
1192261
413977
680944
552650
-880471
-704541
-379985
682225
1474846
-280114
698392
1128833
-45343
-799114
862774
-514706
568255
-703152
1189084
-194240
-840195
-167417
747570
661775
-386933
1271188
1760711
-204268
-1776137
1353170
138727
832492
-321129
1261837
795852
-19920
-1021668
-889757
-571321
1559147
-1713977
2223209
248975
-1197300
-496570
-639864
-549452
978610
-837527
1928007
-1128872
-1097395
178599
-513851
-383948
372481
-575333
913177
-1351377
-693596
924299
-213194
286003
-1316904
-429323
-355894
-205596
-206432
-820394
-1324608
1138191
-950117
-1345182
413668
-844092
-1061945
-441355
158508
-19680
-316842
1413715
-1638460
-2520804
763657
-308115
-336291
110978
241739
830195
-1461821
-138585
-119325
-282538
-64155
718894
740995
-1293593
-783840
1458492
-835480
109009
-795095
200584
653099
-1081326
-622932
828428
-949064
91439
1383102
1027366
336938
34565
1010394
814361
69124
1000059
316901
-1206099
299871
-532744
-1202142
-212442
403202
1673576
228263
-224994
61034
-222407
-224510
1028146
-337149
701017
1422033
765585
450685
1220575
-274460
615552
-588228
890401
-338318
-1148660
628326
194662
525766
937690
-455858
-335315
