#SpinCore Technologies, Inc.
#SF in MHz
#SW in Hz

[HEADER]
@CLASS=	RADIOPROCESSOR
@FIRMWARE= 3087
@SPINAPI= 20191127
@POINTS= 128
@SF= 21.670000
@SW= 127986.351562

[DATA]
4384836
-1780243
2463241
1355689
1998657
1590398
1922780
3960322
-1289235
2783250
-1610061
2643833
-4015027
1238927
-2067468
-883398
-105594
-788676
678334
-986142
187714
-2256608
1918193
-2303930
3559034
-1399406
1902347
-167238
731062
2239384
1747846
1796923
1276350
1358857
-1730538
1262237
-1331524
1440151
-2001551
-491708
-579528
-711398
-938520
-1634753
28604
-672520
928450
-1621226
-54593
-2354666
2606583
-499460
594907
1493198
-173154
299543
-321867
-356959
480596
-210750
-703047
-248813
456350
428967
-974871
-629634
-1367099
69694
-396596
-715021
506639
-379889
130790
-497253
685546
-19412
-509139
-1318381
444343
47666
-1020896
1591391
-773653
870989
-382758
-197148
737020
-601190
-273618
1200203
-569081
843764
-106932
1204157
178092
-534519
342791
-217115
-575540
269947
-444968
646980
-789416
843307
532986
-1385791
121012
23277
1148810
960627
-147987
-39277
243599
-865296
491252
716375
1222613
1302171
-493816
670988
114719
156939
298411
-518921
732202
463240
-581820
-2282156
-1018305
-80554
-391957
1462667
1304062
-953355
393187
-1694241
296512
1344805
746887
289303
1247459
-68495
-878856
-1348191
456952
807212
334813
-38572
461058
-249285
-632495
-1269644
581721
-108121
252842
83484
-579404
-1172154
-1045485
-615544
211665
-23630
711683
333718
631916
-1040005
-1414685
272477
510637
482691
660500
-743896
-2062936
-576813
126262
362719
-845795
9465
-72242
41013
-2740428
15266
1110793
2099217
-273096
855580
507165
-517565
-974152
339625
1345553
1130076
1659092
877391
-839743
-398047
15575
1133637
413286
590682
647723
74561
67292
-245743
-548537
1404059
69994
678129
444985
-694176
415541
-40747
200093
569047
-315081
-635870
-195936
983274
380206
361932
379218
-407927
445342
-290218
912748
605047
898315
-1389939
-40084
-957752
441861
548074
-372091
150115
1335643
330277
-260056
1048602
683580
-91455
417519
-266029
164477
-962005
-1247100
-77438
-1047775
-935223
-187034
-1307900
1043291
-1302802
-1088801
1451857
-221573
-692378
