#SpinCore Technologies, Inc.
#SF in MHz
#SW in Hz

[HEADER]
@CLASS=	RADIOPROCESSOR
@FIRMWARE= 3087
@SPINAPI= 20191127
@POINTS= 128
@SF= 21.670000
@SW= 127986.351562

[DATA]
-5770868
1424948
-3780198
-1220019
-2964539
-2904547
-1796471
-3200713
98998
-6408012
3536496
-3905235
3202759
-901490
4244387
-179705
3503789
2320659
1158006
2420424
-790064
4243724
256212
3312682
-2470921
1433267
-2028877
520558
-3292101
-471971
-426068
-2075671
530624
-2024603
1113778
-1805923
2306490
-1892559
1894828
-467940
676736
83644
769436
2813977
1533456
1683178
508802
1993841
-1953171
230194
-784776
463248
-1579154
126707
-1900576
-2355607
-307426
-1839033
587074
-2031685
-509569
-1109277
981304
-1533372
641948
811514
2697298
-1085862
379516
1138055
1183152
494081
822927
567262
1624347
990840
-105253
-24432
733149
1139820
-636444
49666
-1200801
1342660
-60544
-1429614
-268907
105718
-939529
92125
-633918
-427653
496610
-1101617
20488
131748
-128788
-275846
-727818
-461739
-382833
-173931
-855091
1106120
-1008484
-1225623
-545493
-1228275
-1005901
-347670
-977040
-750220
1451594
-757206
-131592
-1001562
1098912
-244848
-988345
303721
1431690
520297
-1204349
-73277
599434
988721
241298
185203
20496
335738
-667342
-927871
-1881767
54567
-1062198
134540
-492708
1463089
-513352
-558645
-473770
-330291
-316143
197228
-1487723
135842
-557424
-689032
764943
-515690
553853
672058
-709359
-930378
194891
-402603
-431659
-1468206
-547524
773543
952905
-907080
-135256
-1071434
2147239
-1329899
-84224
-683286
-200611
-735795
-146792
-838483
1953218
-293763
-1056344
-1011585
144034
-1194445
157496
136529
80049
473380
1157
-678049
577743
668819
483108
-365862
-691094
612042
879357
-225608
-799353
399534
-33805
-420357
-416003
389867
747398
-362471
-345837
422167
1352964
267369
-2136714
1143892
-717417
-330198
-85449
453027
1336117
-726576
-1388343
-971718
1044977
-1299960
-152912
-281187
1556829
1315713
-1132101
-356801
2094842
-697900
991854
-1022953
-578882
1487860
-536260
-534565
1023723
940497
301962
-696272
-1465947
403304
-266621
-1190418
-1446953
393648
878687
1263723
-1748308
-399224
278459
-931120
-643651
-591764
-859169
1128543
-555554
43541
453002
177748
-1113597
-626472
