#SpinCore Technologies, Inc.
#SF in MHz
#SW in Hz

[HEADER]
@CLASS=	RADIOPROCESSOR
@FIRMWARE= 3087
@SPINAPI= 20191127
@POINTS= 128
@SF= 21.670000
@SW= 127986.351562

[DATA]
534730
112634
1638266
1972587
-7673
2962811
748942
-1743616
13948
-519962
-612010
249453
-357356
1859163
-813805
-2227884
184535
-2553587
133812
381876
-4500
1492675
616391
357659
141257
-978226
1707379
1717375
-615775
956808
377667
192839
-1252867
-800335
-1373799
827314
-904715
1126009
769722
-2283595
847781
-778981
-431760
1412594
-567040
703465
1543778
-1268109
1891823
-14736
-1409868
886342
-1422356
-261372
970098
249632
146178
285731
-902648
971624
-2126445
-1640721
80768
-1240298
-560504
226245
-1729584
-633173
-782036
-1724710
195019
243611
-969187
717457
-641197
-603238
-308006
-908940
2068738
37975
-82185
1332053
-355667
153200
-633152
-2275839
1140144
820487
-579562
1356531
-361009
145452
79316
-1742079
1020435
-116572
-638819
132843
-689142
-386747
-588497
-2214314
669679
-404546
-1042447
230148
-1944213
-42648
207016
-2809534
-555787
1121722
-1264551
-406966
-942490
-206660
701087
-1330752
-651543
-126917
-725534
-1274284
475359
747429
1919076
-639518
61459
832907
-804957
-504095
-112762
948724
1473416
50613
-1216606
852507
-1202877
-161864
-327511
-151130
947579
-45097
-1574845
126407
-1064908
-956767
-1131127
795610
656689
61509
-39627
1632808
-44808
-1232438
-415544
-64003
608299
173653
541932
-546882
-267584
77144
-575915
375810
-139427
1427113
-551586
-390139
387215
-1962968
-1387042
-1486277
-317079
-1289556
42791
577028
140954
-914309
-1019585
-142454
-314329
671023
125525
334897
-256834
-236822
-1182699
1211235
813125
-548617
811181
-435990
1122556
210281
-169034
458881
27237
-1563657
177657
429544
-48722
1094083
-91090
958739
834125
-910043
992031
1115539
1266754
433806
-1465462
2009417
681471
-2167898
672783
1387552
-444713
337944
-422176
1768987
441636
-2069538
-291385
1167800
-1011312
-854982
-716833
336985
865244
-997546
792917
587050
1480101
-427434
-1153984
1319049
736365
-1540990
500355
1167216
-415143
-207925
-650132
883777
2374638
-712446
132564
1518922
-728669
-460127
-301925
-137748
1602623
-212690
-387402
1081629
