#SpinCore Technologies, Inc.
#SF in MHz
#SW in Hz

[HEADER]
@CLASS=	RADIOPROCESSOR
@FIRMWARE= 3087
@SPINAPI= 20191127
@POINTS= 128
@SF= 21.670000
@SW= 127986.351562

[DATA]
-2877028
926261
-3680517
62668
-2316576
-883242
-74390
-3003789
2003744
-907215
1588476
-2678706
2578274
-2177428
3122887
465315
-127278
2065637
710599
1956337
167065
1391314
-1255897
1774979
-1143559
-699768
-1779668
445435
-2135352
-288592
-536548
-884423
545357
-1645962
-27339
-559935
-223385
-901667
-694741
-57956
488136
-188906
-362173
154165
60675
61806
-805163
-183778
-1279112
-1714891
-2861755
-495175
-197822
-1879113
1219770
-732751
361121
658149
1077740
-1381598
2050111
-87648
1071268
1918396
1050108
-28311
2392481
264633
239085
621093
162581
768004
-662357
-375448
-252583
743544
-742526
-423071
-1414971
789591
-1861401
-1467072
88857
-1201055
515359
-153587
-181898
-372218
70151
-591361
669193
-415949
8693
337050
-277843
-159793
878755
-326900
1212832
1541485
799078
-766781
1353761
388934
-962217
318958
94914
-862425
189644
873118
87050
-201583
-573501
36819
829208
380429
-511149
852318
402671
1180217
-1067606
-676703
-25566
-503377
-1043110
-287662
559848
1320673
-609649
-1229555
560152
47316
131484
207635
-1070073
-1223424
685107
-1761398
1569278
2083046
16623
-123117
1657868
45623
336122
785400
-1664403
420585
191546
-625269
-130582
645685
287222
2055653
-868090
416183
317903
-780570
-760031
1315107
-2778882
2391276
931850
-807537
353611
-301149
-785618
-976359
-352565
-1371059
1337944
1044998
114979
-217057
878705
-918302
1665784
-764045
-1135593
787711
-836537
741793
-100148
-70262
1454430
1578400
-1328433
847470
-313654
766777
-1002006
1403242
-483198
605324
1098025
-923152
282060
-108934
-905305
-1243480
-903937
-470586
260687
366899
-708278
653784
938065
-524014
-485805
-856230
1916640
-569552
-649142
527025
172161
-1084973
1726547
-849204
-423964
-40778
85051
627466
281976
-766943
576794
591497
613563
-916742
-102737
-637618
176107
-280372
-771691
820571
517140
753078
-606699
-225585
175393
-261723
-706384
-23572
-1578689
-1090095
-600425
1207104
97504
-678981
587061
-77964
795503
-2228772
626652
834238
-126999
-602951
