#SpinCore Technologies, Inc.
#SF in MHz
#SW in Hz

[HEADER]
@CLASS=	RADIOPROCESSOR
@FIRMWARE= 3087
@SPINAPI= 20191127
@POINTS= 128
@SF= 21.670000
@SW= 127986.351562

[DATA]
-2274908
1321088
-922392
-436036
367667
-1362590
-1174084
530738
-212434
-1669002
2670282
-3550079
3058600
-1296291
965758
963854
2282394
93383
637975
1110351
1153456
1964424
-1883344
1834696
-1278158
-296501
-640840
541541
-1944518
-498724
-1032307
179958
-1115477
-2425878
1357112
1044708
772257
44283
748465
176556
2126204
-1118023
1678882
1331011
1428101
1723334
-266833
1102846
-459455
-768305
222722
1432973
-363073
1078916
-1009710
482306
-128814
-1420843
1981904
-184964
-382961
1284655
1337122
-218291
489972
-336280
1971482
2458298
-1999918
-382886
389289
245239
1785905
40311
663645
2969826
-1534149
583336
-743266
-522545
376397
312092
-988451
614668
-899093
1443030
360667
529963
-491697
785417
-319052
-78801
436702
-937243
566175
414804
1147381
181096
-1304128
1533160
-207304
-771148
-1090067
-40743
-804780
963422
-1053474
1148788
-649157
741443
240206
1172064
-484236
29459
-2464197
-581824
32622
-200695
-1511388
42813
-98249
42848
248461
-327526
-552109
-17270
-552174
285002
1408868
-2142985
-157995
-16208
88909
-25087
-779922
496996
-1061216
119921
-1392143
-1011472
-917836
-1067681
-2300863
-244665
69608
694081
742019
-1088221
-318251
-683441
99752
-254475
-446857
-393052
750014
-2300328
-523739
-2431386
-279515
-845817
-522750
-262146
1129367
94757
-565922
-647243
-349329
1269668
-331196
-30682
815159
-341175
1088242
-426216
99228
-515753
241037
-491315
80294
396038
126164
-752273
-1456688
-1596612
1132199
-1118989
616774
393984
469311
-263927
234422
-631852
726448
8200
406742
-66815
512530
-388790
493942
308629
679108
-374480
-168413
666067
-272016
146872
239907
235544
-219867
591485
-305236
128837
-332840
-86645
-653589
-360340
628346
403690
913766
-684516
829969
-518513
-424435
747583
-64033
292625
344173
-468063
-305496
578511
536580
-251653
-200944
620964
869607
194815
218967
859097
1648793
452967
44235
-239723
360413
-601508
139300
762999
376285
-361425
198956
-1742785
-312495
-604622
422227
139944
-95243
741180
