#SpinCore Technologies, Inc.
#SF in MHz
#SW in Hz

[HEADER]
@CLASS=	RADIOPROCESSOR
@FIRMWARE= 3087
@SPINAPI= 20191127
@POINTS= 128
@SF= 21.670000
@SW= 127986.351562

[DATA]
16892289
-4964614
17672500
4922339
13008098
12946829
5427711
15994018
-4308554
16813678
-10245567
12402481
-14327845
5927545
-14423317
-2778123
-11357227
-10291498
-4714569
-13404048
2733341
-12952933
8251957
-10222603
12732786
-5551947
12331326
613052
10381025
6815110
4775313
10076187
-150034
11034466
-4507535
9014412
-8347033
5192303
-8794844
1289374
-7712372
-3542492
-4883659
-7276250
-956393
-7958633
2284943
-6338895
4886255
-4017363
6622248
-572417
5560751
1470307
4573986
4248190
585200
5485156
70401
4371374
-2684697
3383830
-3472907
2116302
-3542395
-335630
-3615842
-1837923
-1671944
-2126687
-1260690
-2986885
444956
-3273168
936158
-1872967
2799851
-1037398
2432809
22125
1313477
915921
901537
340966
1153317
1185689
-1021093
1053374
-461820
1487152
-1279553
806391
-720629
229906
-1388131
-767162
-1788501
-419890
-265384
-2431748
1540085
-505820
143456
-1037805
1188851
-607853
1189618
-1288083
2204296
-271151
624692
574895
356285
979230
-30728
84371
246906
1235452
-1299399
460631
175239
-74205
-1391965
-1125436
-907015
-1392823
-169110
-1171106
702018
-1137831
674509
-891256
1354522
-315028
-79161
-299573
996350
191430
-351542
57762
-138399
408127
-604043
709478
-191500
306534
-601537
-246778
-101171
274142
-299825
365844
562891
-605119
-882592
-1105171
463927
-78427
348007
165328
813921
-1203013
426610
-127943
-381891
-137384
483319
422885
223154
-142307
-451116
347661
-936155
-51006
-491747
-677359
-232175
-894806
276255
209937
-176914
-206464
526924
-128505
134572
-129968
-11850
-109717
363853
368697
-570438
41932
-611739
-232354
-47898
61065
-163384
-359947
175364
890949
-177463
-878837
361655
-1085472
557988
29397
-1376
62842
-603782
-233829
-392871
17073
286694
-191897
-403338
-581648
-862114
-385453
-1039969
755394
-40624
-527145
130850
-562962
-354713
229022
-882548
261184
1022202
-600719
138642
-211160
-527486
305068
-1057995
563222
-86889
-487763
-45561
-105462
37811
778433
-272895
-154410
105741
146289
793600
-28881
538983
-331970
-451303
104178
-565186
-153663
443729
-230897
