#SpinCore Technologies, Inc.
#SF in MHz
#SW in Hz

[HEADER]
@CLASS=	RADIOPROCESSOR
@FIRMWARE= 3087
@SPINAPI= 20191127
@POINTS= 128
@SF= 21.670000
@SW= 127986.351562

[DATA]
2186796
-916848
1146822
-1692921
25919
427625
-513914
342251
-1468093
444219
-922852
678772
-836289
-1268803
-1242232
-329691
-1471935
-1176527
-620863
-289845
-1409891
444963
545369
-291143
-141884
225860
184241
1103321
-12000
1299655
-1015428
456846
313007
912403
-974081
-379377
433317
933811
-404885
986177
-1035826
-260130
-1265666
-24835
742612
164450
-308333
179360
-157702
693343
596914
893502
1149390
389219
543940
1330418
-429887
786366
-1060117
636509
572983
-781239
856144
-83362
-1790497
-15430
219792
-1102479
-1056932
-197761
177814
-22559
723673
829667
650885
-1358713
-873241
-5745
704477
-1142604
192991
-1475301
170589
1008409
-1347279
1099910
539773
-1048636
-13199
-974732
1122059
1410370
-757962
467914
-448516
-334292
82719
-1530657
-415778
867469
564872
12161
-381153
581606
-671075
-1269543
154357
-278863
-99671
-986316
-285461
1305879
-1073706
-145074
-1328021
-838098
-264409
-489219
725919
-904248
-2032963
340073
-58931
174720
178450
-638346
-172885
-523076
-830718
1951580
-743178
-226803
371218
219551
-685627
3117
689824
1449146
-841515
2492852
-198147
-97612
-121091
785287
1924749
660365
1328287
1990485
283263
80146
974171
-141001
558461
-1060935
1022441
1300430
45771
-817922
-603908
889514
2446177
-35727
1096128
-446568
-29138
1463570
-753506
-143907
1148386
-1586453
-519542
-1804756
567915
-143762
-63973
394288
1326657
508463
497066
-1183402
765068
254026
-755466
-635241
-369689
-1131243
-821632
-747399
-56527
-193785
-705375
1902338
-1227961
62607
-1000430
-452050
-989472
-615267
1008926
1168753
-332729
57380
-812346
575917
-992396
1095829
1144552
749759
-1112110
1087902
407260
763717
-822713
747091
-530681
-579343
957120
47547
-1063979
409008
-87745
362230
-1227608
-31114
194003
-1740207
234144
913481
-12341
-1303733
-207668
528291
-774079
-1126946
1243127
-387650
149807
591152
424177
984958
225317
-930783
557725
-369784
828825
-920670
-44039
-637975
-516111
575573
461978
654164
-1828610
-685910
-231712
1617755
