#SpinCore Technologies, Inc.
#SF in MHz
#SW in Hz

[HEADER]
@CLASS=	RADIOPROCESSOR
@FIRMWARE= 3087
@SPINAPI= 20191127
@POINTS= 128
@SF= 21.670000
@SW= 127986.351562

[DATA]
-4070259
1620786
-4146544
-334861
-3901879
-4374343
-883314
-2293754
282111
-3024100
3304745
-3129955
5599467
-1377349
2811755
184974
3027645
2741947
1890594
3092940
10629
4366373
-2313154
4367769
-2856596
1373934
-1962471
-259118
-1912560
-594449
-1657804
-2109984
-607875
-2092468
1954859
-2201855
2325643
-1784732
2363241
-1612682
2090266
-104590
1146685
2363672
644484
956153
786956
3150074
324694
1657156
-1304309
1324123
-1109832
-884164
-1669888
28335
-788134
-473042
-364699
-1393433
-243949
-1422749
545786
-1565596
466940
1408527
-399033
-275120
1799353
-287349
-266545
-875470
-1012212
1796923
-201286
128791
-49221
199640
1619031
-265339
-2738159
417423
-645508
-1606207
779734
-978677
1485952
-681892
-2149828
-1407540
144194
-1912779
916490
-158366
330749
-693561
311667
-771158
1258313
19767
224776
1865926
-1308930
1661514
272455
1156241
1394121
-1563836
-699149
-89788
-779034
-113698
789282
313849
970155
-31091
-1159367
-512784
68938
-1582002
-150661
738948
689619
228006
233269
-181947
1085776
-861296
-1299066
-2061874
-1194971
1486504
68860
448004
531610
2735747
-775770
-618410
-2477032
-366122
-362352
-1212785
998798
1188896
1492050
885340
-816980
-885361
-99192
-405978
-569112
811428
641158
863538
-607586
-415987
670908
-967882
-691050
731700
200924
1838809
782511
50615
-97121
2888
-2024815
-724738
-913415
1138018
715333
-1543823
901465
-119982
-2182543
-1744718
-493785
109759
347176
316491
1849467
1284033
56681
-678672
1066749
-1605699
1273907
1003745
334803
1666304
2002427
62025
137933
-290779
-1958959
797982
-2533342
138013
8191
88308
1152359
1085607
-1295327
718248
-570093
-937354
-535672
-315395
-401022
1729472
308692
-1039208
-123290
-159629
81178
-574828
-1033902
11672
504626
-356816
261360
284208
-2227545
-527274
-1271710
-444148
173599
334111
438087
202593
-875027
-71007
-1639544
-601549
390176
-197278
-202970
816819
-761861
-1048519
-440011
614161
-880113
-938853
-186076
-754277
619424
117472
341565
347792
339026
-2104539
115411
-813229
-566358
-968086
