#SpinCore Technologies, Inc.
#SF in MHz
#SW in Hz

[HEADER]
@CLASS=	RADIOPROCESSOR
@FIRMWARE= 3087
@SPINAPI= 20191127
@POINTS= 128
@SF= 21.670000
@SW= 127986.351562

[DATA]
-4560871
788694
-4960548
-2374200
-1137306
-3169700
335269
-4536261
3742664
-4796604
4280769
-2357790
6567537
1624516
3346715
3790713
1126373
3345712
-893537
4823427
-2530085
5224693
-3694307
2080558
-3236184
-603017
-3670950
-2830468
-2279515
-3859720
749559
-2098796
2479067
-2765231
2840954
-452096
3165182
1231241
3202793
3262317
809189
1845182
-766049
3374809
-129118
1681914
-2507341
1949222
-599332
-151488
-1878656
-1358548
-276169
-1473853
-107446
110688
2265868
-1340334
2006961
282176
1889055
236721
980092
2151126
453559
2477139
-1003219
2766858
-60031
155479
348359
1935476
345401
1363991
-2753963
42818
-718100
-474128
81191
1241745
1109494
465498
-819584
187987
1075673
-1320442
1508488
1529389
629299
-615145
36458
685474
903971
-1105
1565010
498056
-860856
1171222
237821
578083
-397258
1218972
646807
-645838
31190
-556905
-424214
443029
474289
60785
1129837
-549255
-236520
-35489
1476044
-545208
1265980
389268
2050929
-166459
-795447
823672
557173
1466936
-734641
1432428
2307439
122405
-342899
-404109
1130368
197665
255437
232281
1133609
-1011772
-652136
-650308
1852242
288043
992319
90362
2222805
-1151108
-299848
-335113
969602
988115
477766
-192083
492542
-316415
-621902
799792
1186713
-95897
699193
503238
1024945
-926349
701882
504449
646820
330729
145040
1984924
349765
673239
210138
-1008669
1787398
-712322
-837894
-115340
-1457607
-444521
-1329830
-157090
783445
561073
-1641861
-258603
-1182905
-1310234
363476
-152395
1708367
-1252413
-1247866
1060168
-1404331
-237838
-456712
880315
2354897
-986767
-954701
-186309
-215848
-775385
247542
20503
178627
-997745
-1297001
109194
1113927
-1129226
61534
-897148
-690026
-210672
11421
-307814
-219608
559377
199615
-293844
333560
-953348
-1713483
-256803
673595
-88677
-37985
-199701
-52819
1216504
-2483378
414162
571303
-853954
718440
-473020
111244
-368162
-983591
-699827
-209580
61028
268555
-953380
-239784
-544031
-449016
-210401
424273
218460
627246
-192470
317210
1283549
-38219
-707505
-11779
-1169753
