#SpinCore Technologies, Inc.
#SF in MHz
#SW in Hz

[HEADER]
@CLASS=	RADIOPROCESSOR
@FIRMWARE= 3087
@SPINAPI= 20191127
@POINTS= 128
@SF= 21.670000
@SW= 127986.351562

[DATA]
7554421
-953389
5580099
1701550
4216175
4325767
1104865
5451893
-1921448
6892958
-3879253
2278258
-5793063
839949
-5311319
-1252171
-4145090
-5425583
165829
-3033483
1911663
-3772329
5217718
-2180357
3687309
-1377186
3246333
3149581
2086831
3855921
1853116
3866273
-771854
3518807
-4089883
2154379
-3038583
-284077
-3435055
-965150
-3677390
-2402999
-308106
-3333373
1333330
-2535675
840285
-2081238
3184532
-1590416
3627600
-963281
1440052
2025591
667800
449626
-540787
1676720
977784
1680722
-2011085
1055152
-1777316
274947
-1108375
-771666
-2213636
1324104
-613925
-239061
979557
-1137079
1001297
-1584955
-327578
-713943
385010
911725
-135172
719351
225670
756942
1868226
184831
-466387
437487
-199712
2235282
-1073768
105673
458926
1467512
1152333
-682767
-2148610
-445524
-527208
427980
-621985
799368
-1629593
-1142776
1133756
-202117
790517
-2414419
-461801
30474
650892
-112483
739475
44730
-984722
-12050
1070205
-2317
203703
1045204
304870
-14089
-158693
-560786
-283185
-475970
-111358
-799357
988950
-1209985
-796703
240105
1145858
769732
541216
-1357599
-1168922
1198053
19533
-903345
156569
-469620
1047513
-524538
-547651
-662101
-401419
-1481013
1016347
-233133
-1459566
-309393
-917
46890
243803
-1270172
814581
-537367
-1233515
-646705
869538
-724892
-1242062
-664882
646853
1071609
744932
-701292
-152366
-875435
979966
-2135557
688323
352111
828288
324722
225621
-1479904
1341607
-978363
-957170
815592
-442717
228755
-546053
-1684100
-1320774
820249
792110
1521726
857678
67420
2223948
232976
-624401
-1247370
-614265
-270203
173974
-754030
475270
1862019
-15637
378731
1965081
-1634673
761610
-11758
-2713869
-426859
1353492
-1133886
-259703
1605398
-16290
1392633
678346
-3313296
119028
1197587
-1547039
5349
141208
153470
2203098
429579
-398044
619431
185504
179309
1532019
-471955
-634810
2495529
-1327842
-1089863
-1155996
291074
1979839
693735
-2996360
-1943117
-212375
-615458
724014
-116516
-319101
-328520
2514160
-919315
1196226
903729
-242744
339204
764606
-517416
1234671
632979
