#SpinCore Technologies, Inc.
#SF in MHz
#SW in Hz

[HEADER]
@CLASS=	RADIOPROCESSOR
@FIRMWARE= 3087
@SPINAPI= 20191127
@POINTS= 128
@SF= 21.670000
@SW= 127986.351562

[DATA]
-5220493
444887
-5891532
-1712347
-2463158
-3663211
-893760
-6244821
2185170
-5512403
5140144
-4540195
6657166
528434
4488022
2052398
3584487
4134890
2321092
6965535
-3771555
4546271
-3457973
1987135
-3157745
-88626
-5670894
-531840
-3635812
-4581671
-446814
-4269267
2420927
-2994596
1566552
-4749682
4298251
-3068431
2331480
665460
4081819
3019463
1578118
700566
-1141166
2883006
-910153
2611312
-2526861
828474
-405014
-186585
147813
55931
-1696724
-1434969
-1318520
-2657834
1374888
144239
-458916
-204726
1690706
178970
2038856
-1114333
90343
605863
-386217
-811698
72607
1648440
2108658
645601
308771
362485
242092
-1272964
-16482
-104094
218270
754371
-234920
355494
1358788
-33197
-140029
-63855
-1307730
-562849
-1210997
-611336
-583048
725214
-677701
-356282
-583793
-1197442
-601979
-1740226
-377085
-492551
107089
-1083734
997465
1807351
1658681
-1186783
944093
-866891
148394
742607
-67909
654258
675841
593187
1526326
3167692
1043574
-258040
384370
567150
-2236238
1131551
-1953416
1175166
-286277
463099
-795265
829332
195601
-2518170
-946168
-1995121
501527
-790621
-1500272
-1931882
235406
647944
1963620
-1996703
1642720
-1125797
871553
-1204481
-920889
1698933
737914
1565595
43362
1554550
838058
-76337
-1186459
-540626
-246076
1927259
-1998693
-1134226
-38412
377039
493956
-1340200
-714581
613388
-128941
-1800785
573007
222215
301796
-24983
135576
-507630
903513
-4626
-571678
550430
480557
2084006
596161
173790
267733
570107
734302
256800
-855235
-1057577
-1291228
245145
319877
-1278292
-1653711
87442
622723
-567167
784241
-1237161
1281748
-1091796
-350212
696624
-1350421
444522
1485604
-1596457
629755
-214050
772743
-349177
-1114892
1487320
1809617
1468434
100458
-460785
764379
-25675
-1074187
-1400581
-1444075
-417768
363316
106586
170628
-869596
1512225
-178340
321780
-1019106
-348047
499974
726661
-1103431
160302
475554
394486
515675
508686
224438
-33948
-156
-1639423
107349
315050
1357415
-922703
118966
-271175
261518
-1083115
-1930681
-2039233
-274134
-795637
166514
