#SpinCore Technologies, Inc.
#SF in MHz
#SW in Hz

[HEADER]
@CLASS=	RADIOPROCESSOR
@FIRMWARE= 3087
@SPINAPI= 20191127
@POINTS= 128
@SF= 21.670000
@SW= 127986.351562

[DATA]
16906921
-5206605
17365029
3806000
13089159
11004712
5844480
15572376
-1835760
17074317
-9409550
13405805
-13995249
7570498
-15251111
-889070
-13011880
-7986691
-6691884
-12005595
72877
-13543279
6281010
-12261596
10272359
-7022179
12182147
-1492149
12269434
4956994
7364850
9341636
3142115
10593576
-2975581
10232840
-7650674
6960640
-9280003
3233322
-8308474
-1687708
-6455208
-4753439
-3519886
-7246480
-478243
-7095807
4078136
-4926747
5676958
-3704911
6355191
-79899
4626153
1243645
3139050
4516947
1302109
4266533
-920038
3688533
-2840253
2778737
-3876840
1853935
-3486770
-115156
-2434244
-1369099
-1001734
-2175896
-920075
-2208843
629052
-2584549
1032529
-1793704
2713260
-331676
1845689
84281
2355816
-184247
2349909
1084032
226756
1786890
-210982
1409013
-179953
1402596
-934330
1618690
-1497105
708411
-1540037
-70570
-1026572
-619994
-912171
-237324
-867458
-1689371
-20798
-238161
202508
-1254592
647523
-275106
1094972
-654907
335204
953487
843008
1070779
-243246
1113926
200034
306225
-833393
1222460
-807166
551710
-2324468
359728
-227844
-180930
-413705
-716522
343080
-687138
-338713
-1371129
466448
-411994
740362
-469972
1011334
1084339
1443974
219897
696542
870694
-460442
332494
-594514
764409
507648
366030
-428449
321114
122262
-129300
-731891
-918148
73345
473403
-925109
-835378
-89844
-757306
325031
-93741
-109956
24003
155697
511744
299647
623786
915188
37109
-611704
-113553
567098
489719
142023
-500718
504733
344318
-53520
-366601
153049
435232
175975
54620
339462
90162
598002
-413139
487122
177472
177571
98826
-392783
57372
686776
-450029
683379
89080
-775605
203196
-96291
-173716
40843
950800
-100738
-503608
-434044
-123896
215295
-224302
-935904
174122
157610
171157
-3678
-621945
1223117
-10507
356343
540219
-867801
-508879
120582
-323182
145278
231277
-215257
11658
-73919
-237313
825165
-145220
68016
-88330
-65513
-829568
611833
360920
84167
903758
-462880
-503737
-7243
-846354
-225032
598006
-139076
95338
572240
-212991
-323202
-410433
-351280
-75263
