#SpinCore Technologies, Inc.
#SF in MHz
#SW in Hz

[HEADER]
@CLASS=	RADIOPROCESSOR
@FIRMWARE= 3087
@SPINAPI= 20191127
@POINTS= 128
@SF= 21.670000
@SW= 127986.351562

[DATA]
9390551
-750606
6232772
3271562
5122754
4384585
1764274
4854979
-1193200
8580318
-4930784
4230120
-5554209
2177654
-6855672
-2243402
-1838310
-3661632
-1329807
-4964983
1386373
-3391584
3893843
-4372127
6594108
-597753
3862662
1120870
2786297
4330705
1296283
3619614
-757509
4614198
-3802244
2715233
-4678516
2016390
-2258636
158383
-953457
-1934241
-79272
-2440374
2168651
-3277759
3247474
-1806677
3812500
-685998
1776715
1012515
1074898
2660841
2150820
4174787
846899
1790097
-1773707
2496644
-790159
-16487
-1319907
1502591
136552
-56504
56300
-264139
200953
-1624870
-316950
1074473
2955059
-1165034
1379151
805996
1396517
353620
1651136
714219
1014504
1197435
1066006
2415773
193557
1445141
-752209
2464777
648668
407696
184381
926828
-40904
76746
760170
669935
628086
-394959
1599162
89196
1855180
-494075
1496611
534849
452956
-718448
2315177
244673
-647296
-721023
1315905
1489712
-1153757
-267017
582420
430964
-699347
933139
290136
-143673
415740
243783
171117
-2118147
-313303
214666
1406990
223622
322486
797762
1196146
-807424
629345
485005
847908
1139975
-1157428
2486857
825035
-1124464
-847968
814763
-1038279
998286
891807
745117
-240100
-1396890
-894315
54788
-281998
11227
535844
1136093
497724
-500011
-144336
-60616
256762
128168
2389803
1665131
-544094
-114072
-404725
-591421
-32065
1721511
839763
1202554
93400
348109
421703
-1302067
-590468
-1115542
1388649
422046
392660
194317
-43170
-1617053
367325
1546095
952979
752860
-176766
783347
70362
-2388974
285945
-1162924
275824
1760648
515902
-608464
-2085629
-1423182
-475919
-906196
1814494
632010
209315
1086648
306513
-760388
-686548
-618663
17901
139708
902432
958176
-1584762
-1028318
-701743
-325997
1664403
-578662
-865064
-403664
-980658
-1519774
-731170
-1174771
775343
-34275
754160
470675
85940
-2059096
-454042
-743942
816194
-228523
128528
-960318
-1039340
-1554787
1268729
-1522681
279405
535708
888085
1034626
-213216
-601565
903046
-1131099
817048
-808805
1086105
-868953
-511126
-255076
545252
-1003857
