#SpinCore Technologies, Inc.
#SF in MHz
#SW in Hz

[HEADER]
@CLASS=	RADIOPROCESSOR
@FIRMWARE= 3087
@SPINAPI= 20191127
@POINTS= 128
@SF= 21.670000
@SW= 127986.351562

[DATA]
6052639
-911110
6303419
2880514
3393841
4248073
-162493
6170450
-2138691
3801039
-3708160
4633808
-3768139
1713643
-5064354
-1916424
-2244263
-4682291
-1404635
-3403812
2344429
-3991233
3146304
-2867973
5631871
-541083
3482988
2018435
1123138
4097992
1156603
3106084
-539750
4216742
-2995577
2549766
-4566977
416609
-2566883
-1798955
-2370056
-1977184
28314
-3564062
900494
-2624871
2674268
-3208008
628549
1163518
2166668
71725
2057938
850296
1025092
1541560
-1647316
1354972
-178316
1227184
261030
890458
-1581159
-35450
-120316
-2060050
-562536
-563401
426331
440197
-277218
-2250116
493108
-1385712
734816
323075
780422
924101
-773526
1353408
467646
-174389
313618
-613739
-299307
155507
-354143
1030348
1452915
-184088
-214054
-1838457
-340695
-1009824
-558416
698521
82010
-770315
1589927
484412
1058175
-599098
1164465
-764653
1140866
1446623
444734
850336
303919
111987
368721
-1038696
-251706
918624
-1968436
424679
-1254778
-618679
839141
843665
-1333589
816672
-1573875
-631635
-418727
249980
779256
434868
-744825
297731
324282
-968487
-781086
317756
-221842
192129
-441406
-660156
578300
-2001336
-1222692
286922
-614839
-672977
765391
788493
724632
-1578618
-1647372
-655588
-164235
-714208
56553
1055053
1493589
1376515
93227
-1370308
768307
39386
366003
1281060
143359
1275618
2031085
559978
-979227
542397
-447392
349250
-1062833
554109
285139
726154
218865
-340545
-2133279
-132968
-1136886
541714
-467263
606585
352423
1156071
-564272
-398196
-1049495
-1152239
-1547094
88901
-823008
-354776
151594
-1358894
293060
-164886
431601
-991085
-986977
-138105
1366415
-1880366
361496
1024985
-202926
-181018
188122
-960903
1020722
-218654
769932
350356
-148320
-462927
15903
-181118
539240
1330605
-18303
571904
879306
754103
920382
273576
-1525764
1037895
-1068934
1153999
647502
-232999
802093
661872
-1954068
713023
-857508
-620144
-311609
1316353
-107288
-541728
-511531
-1079620
-783900
11785
462840
787350
-1270889
-370311
219937
-1570832
648898
-109943
-1716390
951514
395761
-858872
