#SpinCore Technologies, Inc.
#SF in MHz
#SW in Hz

[HEADER]
@CLASS=	RADIOPROCESSOR
@FIRMWARE= 3087
@SPINAPI= 20191127
@POINTS= 128
@SF= 21.670000
@SW= 127986.351562

[DATA]
5641669
-1165069
5767408
4399795
3845227
5396468
-3509981
5521308
-3681956
2482652
-6485000
2205253
-6305864
-90708
-2701318
-4450175
-1995331
-5023251
1466964
-5729083
3267915
-3929252
3330466
175096
3314835
1333841
4157620
3771506
1130075
5049305
-2014489
2654730
-3565570
1807101
-4381141
220972
-3098774
-1169802
-496357
-2455353
953805
-3385989
2307016
-1980296
1270563
-882894
2032264
-980936
1653926
2490108
1469317
3823387
672701
2255560
638890
1276612
-2223171
734244
-4250496
-66676
-2185903
253111
-1412068
-814682
445213
-1680274
1827882
-2938729
108820
-1263821
933323
-1237021
998758
1368873
36482
2528558
648841
-294310
195221
1215987
-1549334
757574
-2163457
-190080
-1033852
-328511
-1213995
585582
742433
-541501
1382653
-626457
563725
-644462
-49344
-1406279
11260
794178
389086
869666
1238646
1530954
466793
571984
-1486161
-119425
-2699
1321002
-2380387
393217
-585429
1096060
1079255
-24264
-18019
-158072
1550943
-1668382
-812433
899235
-1709987
-276531
694329
-60398
931480
2467799
399714
162030
432887
-450297
-105921
478849
-2612786
-1057420
290743
323716
-1177819
2160516
753573
611698
1495228
-1896097
509881
-491223
-555464
-552798
297730
203085
1084466
1299683
1079673
644068
94589
521527
-732588
-618006
-1245955
-696439
-121291
1381288
622249
-390143
543560
358711
767915
-71141
-734576
-171829
1514086
-529312
-419776
-1005191
-6886
130963
-706903
1719292
-181745
244334
1261561
-1911735
-1446815
20040
-519059
-998871
570657
-676383
1280679
1742176
33613
-1057430
1235647
715871
185638
-294781
-1102433
68325
1222750
1215537
69571
669963
-438780
997469
824579
-55005
591192
835525
-1187570
20456
756578
-191831
-554884
472153
-1173607
-807238
-1021173
-2200541
95794
45143
-972127
-1051118
-429581
-381045
-823892
2177
-1070905
-803466
2303600
654720
495388
199398
-180230
88691
-473999
-1258022
-866664
504317
1748604
222295
-52307
-134093
7172
-627132
179395
91999
1150482
-360337
-633897
-947281
-663746
874409
-743335
-375304
-1233243
1260436
376129
128625
