#SpinCore Technologies, Inc.
#SF in MHz
#SW in Hz

[HEADER]
@CLASS=	RADIOPROCESSOR
@FIRMWARE= 3087
@SPINAPI= 20191127
@POINTS= 128
@SF= 21.670000
@SW= 127986.351562

[DATA]
-118154
-1175190
300150
103616
1256818
315774
1368086
679606
-733345
853774
-1318125
468935
-385622
1192147
-562924
675703
-412264
-1663498
-149637
-564564
-532458
-1138723
1195911
265131
1026470
558927
1490749
658235
1133776
-835265
-488128
241970
-1501889
-174031
-186911
225341
1294353
69302
-539731
102568
-1646888
141899
329066
-1410631
1032481
1726822
575136
169264
1600746
-474803
603607
1266361
-812671
751806
-559480
2544148
-643457
-252490
746751
902811
-21414
-367105
193703
-218972
-1199173
-1067570
-447701
-208227
983946
-1468562
-611605
-551565
675737
-217028
209031
214669
-773150
1235280
-744347
309728
1050834
252360
788996
1304215
-61375
38637
1278737
515046
-31832
595658
-1070779
966493
-1632683
-292565
-144847
236369
478489
401878
-1471106
913082
-766406
-1659394
249672
188349
86577
-285847
-540835
-649149
-244426
-498279
-332864
296884
317708
704226
-434226
-1334500
1317240
945429
528285
-700228
346357
257582
853262
-913488
695191
-380005
577864
-673786
-719036
-818860
807114
697125
1034010
-643985
335615
-1145713
-62193
-663995
-667134
997755
376432
135139
-76523
262493
279119
613854
-1035864
-125598
755734
596161
169151
-224574
-1303388
785181
-319856
-626937
-145690
-1019506
1108
532907
430598
923252
576636
238569
489621
-227156
557147
401248
143924
-1726800
-593019
-67860
48263
804436
186654
-520501
-120699
-704298
1875449
219194
571123
-101358
1074254
208258
85821
180220
670799
1532267
365587
732298
631079
-108446
-720822
386137
231800
75392
-50584
-362681
225545
573273
-606847
-321436
452982
125058
719530
-924303
-1316925
1114681
-1194568
-176360
-668460
512125
571247
16002
-2347560
573739
-1697291
-1316829
-1756565
-640209
-1013892
522436
69504
-435730
-20423
-48713
-200611
-1849041
-1178393
-1003811
818502
334965
509809
791302
1686655
286792
-504270
-218115
333034
-530604
-1419882
813942
402404
1706300
1036986
567267
336652
707286
-1068232
-33454
-15458
-121882
-943645
872037
-1358652
697749
