#SpinCore Technologies, Inc.
#SF in MHz
#SW in Hz

[HEADER]
@CLASS=	RADIOPROCESSOR
@FIRMWARE= 3087
@SPINAPI= 20191127
@POINTS= 128
@SF= 21.670000
@SW= 127986.351562

[DATA]
-5646148
904418
-5840027
-2184643
-4607749
-3881417
287556
-5499317
1468328
-4203849
4061651
-3586304
3490756
-113349
3804045
2101553
3383063
4301194
290899
4755440
-3122083
3905235
-4178226
2371422
-3238219
215202
-2350128
-2874746
-1646343
-3342210
1165837
-4244071
433860
-1336008
3148441
-1156077
3661927
-1195856
3434107
3411042
65692
2945367
-222137
3641931
-867221
1238238
-1447771
1435957
-3001850
-501816
-2796275
-968000
-1598612
-589771
-2143494
-2206167
1000789
-1991590
195712
-1912742
2029820
8530
299530
532848
877122
70009
1331451
-319097
-1867099
673384
-466066
-824922
-582483
-440317
1049105
203486
-778316
-2025013
230828
-542660
-1351066
-1383771
359999
892075
-525672
-1321213
1581943
12933
883476
-408832
923438
1159287
756036
-1334696
287049
-639007
-1424693
197247
-828775
-146283
-45900
1393297
-235574
1914306
453660
-1272646
-202513
-522183
346620
-333300
-1113919
423975
1272948
-969866
209361
654988
-676364
376995
-1153962
285978
940587
542826
-670408
264424
-280151
-704527
-2206481
-204250
-31691
444076
226127
18957
163255
-415610
-121820
-764128
-1061703
683117
1503791
-210030
1038916
685505
-707008
-1124240
-1251065
-1414956
690709
1326621
-146890
2336352
1027153
-1635608
242433
-1493201
-663842
-1303615
-1636055
1383782
1685312
1185939
1078941
-975813
487863
-1402521
-1252507
489423
1014888
2083644
1093265
177819
195992
-656404
-373748
-1100485
-577919
2299743
-466330
1170109
-121312
501391
-303400
-1398147
-191103
79340
549156
-179976
250477
1153312
-423278
-801242
-213450
18420
669524
-321240
43997
897899
586488
-1548447
-1124379
303616
1558221
-636236
-424671
399274
1030611
-441790
149460
1347
-73313
-38809
834251
257486
-669562
427569
784755
295058
108332
-750165
950784
-1140242
-60759
-275147
-558207
-82108
174643
-883273
98765
-723080
635582
374059
-697468
157448
-17719
-618912
1697658
625400
70891
-356975
-1334416
-412638
793898
-96683
-202529
-538905
386026
255533
-1036553
-1240692
-796348
-13191
-647860
-403458
-775519
-552404
1057599
-1251794
