#SpinCore Technologies, Inc.
#SF in MHz
#SW in Hz

[HEADER]
@CLASS=	RADIOPROCESSOR
@FIRMWARE= 3087
@SPINAPI= 20191127
@POINTS= 128
@SF= 21.670000
@SW= 127986.351562

[DATA]
-689245
-1212425
-567156
791092
2060229
-435586
313836
1005136
-1166891
207249
-859692
574976
663445
681282
296223
524035
322185
-898524
-365334
-1511091
-446098
-798301
-1445215
1611124
1919848
82406
593057
-815008
114757
753243
-334628
2215156
20765
1691869
-393729
-132371
-362996
407499
-2601080
119974
695768
1402105
301584
-1616582
711371
456993
-1077748
-1796145
826816
712299
-188062
-1773186
200726
186083
324955
-1498124
-257894
982475
264350
-240448
110075
432609
372274
-1575873
-484605
542859
-90908
-417744
-508628
-48240
589305
531197
-1306916
269646
682525
-633016
-144556
-581535
89002
-359242
711715
-364347
714940
-409133
-567716
-334841
472830
44909
-38457
986103
1461507
192667
-411334
-1723339
-665714
394058
-1199062
871788
562094
797321
40217
-449450
-173968
380765
-1436878
519810
14372
1314021
1305045
322366
48462
-430450
-1784264
1258286
-175685
663316
-41756
-184672
226383
430793
-901934
-15505
601695
1123905
312817
-486409
162817
283119
1302390
-1209059
-1157909
810848
-122164
750601
362919
-1562696
501927
55100
-1207969
-351653
153901
1141425
126321
-972093
495406
-148941
130627
-1383613
1879
976778
753809
-218856
-623942
794033
440479
-528645
-1605358
40794
270019
-881609
-1220652
-14402
350024
842268
247549
503149
-122775
6487
634987
-653369
-452512
688
177532
-1206107
21284
-783586
1236557
685806
680907
1433122
460932
322935
2144537
1198359
-221369
-570401
-295576
63146
353000
-82196
-895807
453723
852876
-347792
-316303
-343363
306339
450871
-753066
-451938
681971
602012
905144
31986
385312
-108246
193153
-703812
214994
599816
27872
-861562
-1122933
692858
136164
-415994
-1546642
290627
-601697
-242139
301915
198020
138761
-709615
-382190
80760
-292919
-121151
-1018330
728716
-570214
-1366600
921109
-78788
-1382947
-17766
259348
191336
1035899
-2235459
-472367
-551223
-1972515
-301272
-2107127
-205800
953048
-986366
87210
-528387
621759
-1318845
-1252101
-1949874
1860091
-508890
