#SpinCore Technologies, Inc.
#SF in MHz
#SW in Hz

[HEADER]
@CLASS=	RADIOPROCESSOR
@FIRMWARE= 3087
@SPINAPI= 20191127
@POINTS= 128
@SF= 21.670000
@SW= 127986.351562

[DATA]
4692658
352358
955531
1050205
2485693
2883148
2896749
3522619
-828511
3758104
-4660835
-177032
-624527
-1596219
-1540722
-865273
-755535
-1590566
114886
-4158423
3633779
-2276158
2335751
-1168118
-64090
421363
1258560
703515
2170551
2223954
-1301323
3018547
-2391570
513754
-934748
1077501
-358340
918343
-1901648
-487939
-134348
-3822793
1238780
-2402740
1174977
396960
-204504
-1142813
1452366
-1265914
1475606
645777
-424974
849514
784196
203126
538867
150574
108824
225897
-959652
-317118
113031
-1801931
528605
-670542
-388677
-694649
-247725
377023
1289495
-173593
1278608
489937
524432
290999
-503382
534408
-359628
952057
-124205
941325
-378968
488031
-429221
-1334513
-334914
230981
-1161098
1052420
-905578
-1263150
-441742
874524
1015788
-663859
-1513328
-283491
-576981
-195758
317660
-92650
509063
810557
189514
-441776
680295
-2125830
215918
296924
779873
1316582
1226440
-151366
415997
357695
663351
-683148
-714391
-246912
-196561
-696044
1548401
554290
-253397
-173284
-518861
-330766
1168084
358683
10642
227780
652017
-684592
75407
186298
-206043
619402
96034
717412
-210254
-734585
-258417
-942191
-924084
-1466124
-694747
261462
-524244
1477397
235648
638232
1677323
-1352585
-106204
-751998
850057
-338994
909491
-1163867
2024036
229305
-1243423
-1853448
-977812
276583
-46051
1052347
602662
1129808
-550104
-220273
1085665
94067
-1181370
71287
34565
1620287
1556828
-678850
-43388
24259
-334485
-334175
-1706188
435808
359731
-824927
455879
164949
1474934
-449800
-255703
562277
714799
1289136
359350
556950
1340658
633507
1406686
-447664
-762217
11335
-25000
811083
47195
2582982
426416
-409247
-278846
-169177
487035
-1539232
-2487427
953060
-1132355
533036
-402782
-1877486
-481409
-768793
-1455228
-916803
342974
597959
-745732
-427334
698901
-2262949
1110741
-743328
177248
988321
128542
1039322
693909
-743853
744732
-750982
16377
1570790
-1036438
88371
1724967
-499068
1102480
-256002
-477225
989374
-1798340
-1135398
1077266
673188
1170755
304219
