#SpinCore Technologies, Inc.
#SF in MHz
#SW in Hz

[HEADER]
@CLASS=	RADIOPROCESSOR
@FIRMWARE= 3087
@SPINAPI= 20191127
@POINTS= 128
@SF= 21.670000
@SW= 127986.351562

[DATA]
844249
1169599
-155203
-250742
714023
593445
163150
493749
358520
1862797
-268139
-93467
414759
880141
-1102461
-531678
41271
759837
195068
-367217
-49071
-1492238
337846
209629
-170785
65856
-317115
97509
-48157
447089
-464017
409297
-452315
322979
-1337323
1620841
-1947478
-6798
-1596161
-901899
366493
-323941
-829559
-482611
-1490859
38921
-801074
-931829
686947
550988
-1078505
-1364046
-1022164
-331072
265316
-755461
469828
264465
-969693
-585846
-143790
132812
-528225
1050137
-683256
253210
704888
-882220
185762
87163
849360
-124324
-924703
2036634
448655
341812
-545868
-952806
966124
790937
-650548
25106
775503
-279164
196581
-735704
429044
185193
-325384
-429976
379189
-20320
1257288
-28141
-995327
160077
1030479
119127
54430
61143
1173193
1064845
129703
-616677
406523
141381
1139597
1401910
2409935
2104226
-85463
-454124
-146148
-91341
168821
138402
-405536
1322256
-955410
764307
-84585
-1136657
510424
-1117744
228298
2846822
-554685
-1101345
-359926
-1457830
798146
676146
-740724
1923784
-1009680
-947206
586666
-75909
482805
450048
-1314355
1353200
-37866
-61074
1126159
-306335
462827
823330
-989934
-89210
-995472
506887
2043636
270871
-748000
1037910
-379172
180027
-1317281
-1359406
553525
-936396
-191052
371327
115672
724070
78909
-56351
774057
331453
-1411331
1270341
-1597125
-541435
624099
-1306454
-243188
-477871
323626
926824
-648545
-1031258
343895
-1442985
298366
-287798
-765864
1036004
-393194
-493141
1539880
439322
470073
-214912
-853753
831828
97420
-226011
-651917
474116
-276134
1172869
-956890
1080459
312768
831002
958590
2006491
-627340
-376952
-2028050
-110683
-102221
-292593
-186846
838727
-789976
-369291
-77166
-567414
14680
-502512
-491558
534351
-787364
171342
-792490
-135924
1250777
-1049845
-106251
761189
-1000226
677181
320947
-825210
-216298
-1020849
-738963
342555
1257910
-337115
45322
-520395
-802709
-522199
-421232
453070
-226205
-1195368
970001
-1286663
-773194
-1122776
-237856
1047280
