#SpinCore Technologies, Inc.
#SF in MHz
#SW in Hz

[HEADER]
@CLASS=	RADIOPROCESSOR
@FIRMWARE= 3087
@SPINAPI= 20191127
@POINTS= 128
@SF= 21.670000
@SW= 127986.351562

[DATA]
-1048045
230931
-1367837
-286623
-1174926
-1383047
-575951
-3487379
1865943
-1773533
3177018
-229611
1393996
-288845
2971902
55717
2373547
1546936
-372107
2000343
-712220
1411599
-954120
2385029
-1192640
1277463
-1392131
-160948
-815762
-1075948
-433739
-410039
717455
1016140
726897
-1619479
1365431
905519
1175151
674033
440493
560269
-482527
1981437
572682
-669043
-1183985
-1334866
-1880548
306981
-752685
335995
-565737
-71481
315135
-879481
-1943578
-1371277
-988991
-1212025
319807
108883
2239366
-151090
-1251752
-382718
555923
903210
546443
1590078
617525
1949462
-2439558
-696453
-2039458
-433075
789230
1047568
-1195060
395419
-1918251
-1961045
-1349651
-1856774
-101335
567403
-521013
1110836
-214719
-2877745
250783
-1636497
1549397
1354745
-839582
710783
755281
-17111
954399
-945946
-989767
-133405
-2624832
2075550
957974
-686768
2782992
-2356559
-1163555
536067
-820084
-1020934
144702
-1633397
2937368
25696
-118452
779810
-1409833
-137592
1717655
915265
830168
1188249
-431925
190940
-56708
18139
-349188
625684
-545303
1684436
1059503
153588
-1216173
-132789
781415
1172075
936594
336577
460096
-722685
-162671
449129
53353
121189
-1472344
-259585
1112811
-183981
636099
-66260
-1393181
242680
101869
1120079
-679182
-463081
619793
-166337
-255339
-208966
-2187992
1178480
-406730
-253874
1154115
566021
-203742
-647775
-1735917
-576621
-670886
163715
307151
1604036
881376
-44215
-961032
-1380354
-1239320
-257656
270219
573794
-503512
-213496
-786458
-336941
127457
-1052909
198312
-434872
134132
575488
1067741
-2014059
-637288
-221108
743735
273132
378661
-159903
1019659
-399322
1494721
-217157
-762951
995310
33498
1186571
1603085
396492
690027
-367873
-1645713
-386032
78858
-302921
734
599985
1052301
450105
858198
-1281893
-1638661
-252550
1475218
1750330
-413244
93182
1118782
209422
-1147344
226364
-632712
2228743
-177425
937113
895232
476759
-577201
158805
330594
1320541
112506
-410761
-322754
-590748
-1058450
-968832
-699533
-292492
-737542
385261
-42100
-957074
