#SpinCore Technologies, Inc.
#SF in MHz
#SW in Hz

[HEADER]
@CLASS=	RADIOPROCESSOR
@FIRMWARE= 3087
@SPINAPI= 20191127
@POINTS= 128
@SF= 21.670000
@SW= 127986.351562

[DATA]
-3459287
-786818
-2339274
-946208
-1470256
-5654741
-823710
-5574485
2796190
-3508331
2611449
-110826
4826476
1764531
3736783
4149216
-451028
3038318
-1896623
1880997
-2194319
1985283
-4940081
137227
-3886540
-2886685
-627624
-1519134
-72257
-3112888
3518485
-2895594
1872197
-775570
1384916
-1157120
1608543
614433
387114
4213186
-98116
2537724
26545
762158
-1776689
854244
-2101042
-498809
-1187833
-941417
-212941
824822
751740
-881770
1975531
-225045
2301352
-79965
-254508
820161
1159920
256288
536103
1858216
132940
2276224
-986540
171550
-1353427
-3720
-326610
-619050
-26446
363307
129518
807490
327457
-2133069
316889
-504749
992807
-327355
587481
751999
2268453
789897
2900686
873436
536727
27652
114189
889280
-1229334
1079033
1018889
218252
116344
-807594
505486
328422
-856414
-1157097
1008650
-1604304
324132
-164688
190216
54265
754401
925877
-554058
141598
76604
509899
-707447
-535905
-1133597
164369
-24015
-487070
-2162915
-571453
112038
69657
457498
-626557
-280397
-1523352
2122573
-847323
-924250
-1320982
166313
799543
-1582847
1138101
-903501
914251
-660275
182303
935028
889981
-94676
-941732
220360
-919703
-332691
-1108402
678092
-589772
1237494
-19248
369903
1467138
483416
653323
-985321
-163331
-928454
-1361093
-1212686
1572638
-1319632
373628
-36770
788314
1096995
-1165054
-27398
-1915737
733654
-2693004
-1083415
-752965
257902
6339
170660
655416
692476
598105
687577
-310728
430326
-3260934
1486813
1027622
-2630281
752638
-1423086
335315
707043
736208
-109495
-495399
1875511
-448476
912658
38186
-480332
-780536
-503650
416004
-380512
2163622
-1070343
1128051
306650
-558354
713572
-532413
-376489
-1428493
390244
202437
133658
-679562
51418
1362561
406232
519266
1488573
685625
164393
86083
-953635
-1031234
255117
-759229
-845157
-51666
779781
265445
1093369
436047
1365878
-545767
71151
-574347
-495328
398837
221369
291801
-114761
475034
1155267
984764
-432067
129350
787746
-355717
208289
-2156649
164233
542693
74089
140513
