#SpinCore Technologies, Inc.
#SF in MHz
#SW in Hz

[HEADER]
@CLASS=	RADIOPROCESSOR
@FIRMWARE= 3087
@SPINAPI= 20191127
@POINTS= 128
@SF= 21.670000
@SW= 127986.351562

[DATA]
-2673805
1099048
-4460166
-1422701
-2210530
-3590727
-1171506
-3345846
2043188
-4202158
4112066
-2451354
4176721
-381822
3008858
1334339
3328203
3919215
401570
3431010
-837045
4073268
-4413307
796004
-3819689
-74951
-1642558
-1609345
-1781826
81139
-1284003
-3505120
-869128
-1653306
3844569
-2212783
860515
1995015
1926912
293027
955739
2144489
1565601
2593037
-2568783
2979766
-2444225
1667161
-3005317
-1219986
-2345752
-1236772
-1527984
-340095
318848
-1681764
841900
-2164833
1209009
-720297
460016
59691
-336183
557025
1753496
1636822
7084
1311541
382300
-893137
-1041175
-13082
-2093366
1221762
-1133294
-1112397
-1537021
-1050950
-703132
-359109
790585
696138
-369629
-1102357
-38188
-987556
87792
-276593
-35671
853602
-908890
-899353
-388648
618095
378240
599462
385865
545773
521699
533613
1100645
-1256892
-329360
-916941
-928867
880912
484741
221428
92187
377035
439771
170443
499384
1529761
921194
486219
1130971
318487
1474844
1008192
256478
232349
-951744
1847732
637611
250032
830248
404257
-1294330
-1595619
-1170148
1258438
-822057
201367
371964
276530
14175
-1126481
-2005586
1103502
102135
199123
-851618
195898
617240
202125
-629485
182302
436649
1532664
-1696811
78969
-867982
435057
-1003908
-1049316
-166822
-226966
-1640869
-143695
36879
277344
-372473
-506075
-204286
-198143
-405584
-434375
614269
-1110947
1745688
-1209179
-128498
-580483
249640
-36391
-1334859
722392
66847
282026
296992
483243
434444
206895
-379934
26694
-997581
162519
-588926
-115289
373278
-1268687
822135
613100
-1338438
-142926
-907100
-381873
115823
-2460499
314226
233185
-1441023
-602782
-678953
-74606
551752
804951
352666
1181546
441999
543797
236970
-482378
463905
-934826
-834497
449284
-901918
-359605
46939
-965247
499968
-921741
-1016102
192186
706535
287480
-694086
-1144463
1631653
-240375
-1338628
870998
-336475
127410
515669
-411402
938459
-355716
339908
329908
175710
-508548
-149125
896133
269333
-958619
915462
-377727
-1276259
274635
-773431
-668210
247934
-207025
