#SpinCore Technologies, Inc.
#SF in MHz
#SW in Hz

[HEADER]
@CLASS=	RADIOPROCESSOR
@FIRMWARE= 3087
@SPINAPI= 20191127
@POINTS= 128
@SF= 21.670000
@SW= 127986.351562

[DATA]
4525290
-93681
3867854
2409255
3254849
3965407
-980281
3102583
-1749757
3809504
-2074018
3004005
-2013053
-293925
-3086052
-484325
-1799892
-1496635
2918208
-1432036
1840682
-2061745
2838473
-169007
2441054
-17377
3708043
2030705
1752479
2953046
-642370
1170675
-1315858
2427898
-1430171
938172
-1326037
-802068
-2200385
-1361134
-347757
26415
1538428
-2923369
2710116
-2602572
592370
-909276
1637340
1533714
1305412
-1724223
1699672
92866
-857183
1010455
1037866
861104
-678942
322847
-1238580
-865444
-1318336
-505934
-716218
-341171
236287
-1000399
687251
-345897
275643
-881546
1847557
-564142
1278392
-761441
-388112
249714
248258
-884927
1133500
-355491
-798999
-322315
-2051845
-110644
-1114745
830882
-905337
-1839183
-1367306
776288
-76662
-712596
-383240
418059
494779
-482259
-452242
345653
1284429
-1029594
1382178
-63187
-1506262
-613625
-25360
1464779
-1572027
-1160498
815128
280945
-694995
-62825
183741
305050
-1687551
412561
-153342
-539763
-591598
1579204
-919922
-771787
-246866
194052
1742698
899015
1395145
651337
-2308085
-977793
131959
-276404
197120
-47980
1346179
1493687
-2506598
1725187
1160313
-666468
-35672
436905
1398010
-168745
-1126278
1677387
1070718
-242812
1346830
192164
486935
161183
306533
2109703
-332795
-1055099
-54066
-162669
536845
-911322
-1052987
898668
-746076
80624
951444
198673
-306410
-1325422
-746229
-181302
52042
181307
774687
496405
70811
-788024
866377
386156
-268829
518841
-370576
8852
-586852
-1378418
-245203
684948
-2027716
679656
-711336
-1044638
-1499137
288160
1164960
1315116
-145865
1659700
480653
621154
-445559
556195
602199
676814
539650
2128328
-1111322
-2028780
202608
24664
-753578
76756
1282560
2264688
246856
-509961
1925211
380995
-829181
-215343
874754
770325
589334
249754
-487965
-1597404
-1818423
408435
949335
690402
-490534
-267332
-1007716
-422210
-835242
778119
-479386
186038
1357024
-503164
-25967
-964056
-135469
-713598
841480
920646
1337814
-1558444
-1093505
1401678
-99068
-162897
-955021
484109
280806
-353144
