#SpinCore Technologies, Inc.
#SF in MHz
#SW in Hz

[HEADER]
@CLASS=	RADIOPROCESSOR
@FIRMWARE= 3087
@SPINAPI= 20191127
@POINTS= 128
@SF= 21.670000
@SW= 127986.351562

[DATA]
16375498
-4939643
16559334
3590424
12984460
11493606
6113756
14726100
-2931846
16016860
-10921576
12499290
-14175017
6063319
-13425476
-2428033
-11678016
-7908733
-6635581
-12643161
626928
-13466247
6982212
-10611080
11340782
-5859555
11814350
-776365
10149315
5165663
6017243
9684753
1383339
10599294
-4176567
9211284
-7359970
5931575
-9071805
1785419
-8875278
-2030075
-5170982
-6925989
-1848047
-7539651
1118193
-6998850
4894009
-4124564
5617874
-2926786
5628533
124527
4133697
3036875
2591328
4713884
-441127
4115858
-1208652
3685908
-2896247
2701086
-4082915
731399
-2864645
-1645601
-2037650
-1265011
-1787153
-2212607
-689174
-2807956
1566015
-3031649
2471033
-448542
1662500
178255
1186309
-175456
1582289
40685
841473
1658224
439934
2092267
-684867
1411472
-676925
229643
-1183446
1159584
-1510310
501369
63676
-462092
9551
-1017667
-863126
-318666
708208
-980565
857334
-1690891
685458
-786323
519176
233645
1810769
715023
1238915
471629
841250
1475843
-186420
2326641
-628357
1749989
-127653
298689
-809882
-125281
-1206630
-301388
-500120
-754370
618237
-1240128
-256005
-1567467
601787
-216121
751950
-252137
1463742
73348
586463
240204
159300
1132848
-307677
1061025
748231
940229
-365212
210970
-409752
290724
-892219
-763803
-277194
194551
31285
-343926
-22163
-603500
-235477
-616792
217915
-147987
183061
-44312
72442
-202500
296150
-69321
-108852
545990
659924
966410
-396902
355570
758566
-288797
-265887
280319
954708
-494250
-442394
617428
51119
-348166
-405082
-279600
-107559
-818626
-54043
947306
582288
-227291
141373
-141250
-39140
-367041
-223684
154339
753709
-334784
96417
-164290
194449
340690
-343931
852111
507156
287712
-30353
-760896
134663
-307337
-179234
61868
118131
193568
929348
-35592
205735
305199
-315072
-719104
-196540
165699
-111432
678056
-89209
699932
60830
-170973
-510235
259312
313137
506638
240383
330478
-286593
-617397
82527
-39809
-519451
491127
-148318
40765
1213286
-579241
222666
-700705
-61830
-198344
221504
574845
-42737
-332300
72345
-333752
