#SpinCore Technologies, Inc.
#SF in MHz
#SW in Hz

[HEADER]
@CLASS=	RADIOPROCESSOR
@FIRMWARE= 3087
@SPINAPI= 20191127
@POINTS= 128
@SF= 21.670000
@SW= 127986.351562

[DATA]
-4654903
1228420
-3490001
-3717720
-3292379
-3964332
-263260
-4906296
1959370
-2668602
3561687
-3232069
5108159
767761
1741162
1563355
1357392
3909321
841003
3251013
-2534514
2630585
-3357855
-573915
-5002814
-280569
-2656429
-1620433
-2637624
-3240325
-285982
-4241028
1319127
-3235361
3354459
-746319
2616863
1049576
2443634
922413
1159208
1630084
-265181
2277130
-980143
2554730
-1043151
129240
-1126918
-1590813
-1720452
-1363127
-776460
-1046194
1056614
-1376808
2525106
-1904478
822050
-718050
667594
177324
1755456
85188
1699288
1562460
-621195
849018
-681721
121062
897880
1110767
52199
484206
-390644
-363146
-1994763
-1064607
1862671
57010
430394
300083
-66750
-352105
-505251
-1000742
2395004
1580254
1923952
2172892
-204387
-455454
508977
-496520
552378
1663483
-1291213
2472674
-1367517
458872
-615959
24976
-368509
1434892
-698683
616005
264818
50309
1397774
-1780166
-461596
1605149
-1534539
697380
-1021573
-20550
155300
-946937
-914118
1202263
-2021289
-921616
-289151
625125
1121895
-359517
293291
1651387
-1243089
-1244581
-1727376
-340039
-141907
-477622
-480071
-172004
421153
-1228735
-274650
-147728
393160
1476880
388073
-991226
-69362
-1043828
-692663
-912862
320434
405097
-564700
-162760
-249348
-1368886
-673784
-1247313
-174458
1536332
584813
-330633
890318
-1223696
578543
-126373
-499836
1415540
428202
-754128
1250969
-12571
1332153
20722
-1591217
774414
-364884
-980897
1350054
2017580
315563
632871
-1158439
-369181
-408571
852502
2245890
1022281
-198193
945915
-1179287
-383864
-618776
841765
633592
1236089
370436
88329
-2018052
-700830
-520400
1281094
-958338
946624
722953
561771
-1475915
-1392204
-245337
699180
-976494
1930585
-357372
-96875
-741173
308358
-748753
-482160
-1207691
2279162
-773736
-689025
-1070875
-1985289
-376179
-564430
-1966415
-228617
-1073509
-439621
-512485
-1356809
759409
66105
-1028055
-920803
-1736340
148247
1278315
-1368469
1313957
223263
-569078
-1367120
130858
-1121113
818048
210645
724694
903856
-574594
-1153681
-175471
-426521
-114871
1195878
944832
192825
