#SpinCore Technologies, Inc.
#SF in MHz
#SW in Hz

[HEADER]
@CLASS=	RADIOPROCESSOR
@FIRMWARE= 3087
@SPINAPI= 20191127
@POINTS= 128
@SF= 21.670000
@SW= 127986.351562

[DATA]
3026809
357594
3392357
813992
1939744
695942
818921
3664404
-1682009
2256159
-1565917
1723211
-2477803
227376
-2027910
-2037957
-887195
-1255615
-17827
-2600402
1013266
-3084608
3443158
-1185409
1705260
-1118280
1786456
381871
2588040
2808582
-1189623
2028349
-17864
2581685
-2035685
3173206
-2820877
37277
-1830261
-907384
-1657662
-2204848
271814
-3241230
793009
-1857852
1483475
-116230
2344630
-655659
2699698
1371562
355066
116205
-906999
758399
-24917
2384636
-2645654
-2345201
553659
857778
-205157
-266462
-819834
-996384
1071409
299339
-229385
-150042
941906
447614
2423609
219640
-2037010
-225331
-472878
-991677
481379
539865
-697972
1882495
1131497
523622
-349532
1110575
604894
196993
-34120
-763636
-1607992
641765
-1743993
191445
-1046812
34
-1367544
209133
-735257
-1412520
1456136
469072
-551737
116419
-214189
-1041324
-1541258
432860
14216
1007645
-817618
262264
-498566
167127
-92002
364683
-240052
-1103548
223646
-500940
-251701
-1538358
924234
338335
327349
-537953
216212
-468417
671420
649617
261713
-818893
-930801
-493963
628640
271178
-1299710
-878309
-727220
343261
764033
224918
382443
-639434
1027596
-442863
-199711
-741913
-1527075
319163
677258
-1110507
-879946
760459
897530
859209
1948666
-1010592
447350
227055
368148
-166071
325482
506018
-1711015
1091148
481749
-530771
-165814
775826
4812
694496
937131
-3403403
248482
590399
-138574
-341891
-90436
-689030
-706447
1538353
91112
1125311
859758
521014
555106
837987
-45330
-1460353
-1057886
-339471
-973300
1847818
692705
759207
1560727
912537
800536
-13867
1117928
-390546
1085432
1108157
-1577778
-780664
1163082
-529783
57576
968557
-173638
128898
854149
1947052
601858
942957
551943
624210
449548
587606
1140172
-357024
-301940
273000
-150338
-143391
-395660
269610
711200
581506
2218590
976691
-665081
-111654
-562645
-352081
-1065617
-616185
-1198094
1231498
-794429
175232
100887
948946
1712710
-631883
699530
-2033283
747929
-346628
167799
78241
-772700
108946
193259
821375
