#SpinCore Technologies, Inc.
#SF in MHz
#SW in Hz

[HEADER]
@CLASS=	RADIOPROCESSOR
@FIRMWARE= 3087
@SPINAPI= 20191127
@POINTS= 128
@SF= 21.670000
@SW= 127986.351562

[DATA]
-3885608
1187067
-3477806
-2351836
-3136380
-4088230
-518468
-3206669
1060097
-3850781
2126670
-2522179
5877874
-1201087
3582213
2431612
790169
3862962
-345852
2374975
-383453
2292727
-3970933
3013128
-3223701
-848322
-4431975
-2150260
-1023511
-1785779
-817216
-1908744
1657798
-3522022
2859814
-1987193
2102315
-368749
3173509
1672405
2899663
2325508
612088
3108175
-1861074
2584432
-1588498
1125135
-2512020
1087024
-1455752
-295110
-2580885
-308710
-1750381
-1795880
414948
-234428
657023
-130176
961126
-1982973
271918
-514934
1241239
-254467
649831
1054758
1650599
81246
-1110778
-73251
-25741
-1439407
-1499500
-1174629
1133168
-469092
301735
-59942
700772
602551
833781
-1278165
-838384
106632
-748329
184384
-916063
286834
-111400
1403621
562265
-334309
-164264
375734
-1620283
419159
-1004200
-507462
345112
259100
12520
-756676
-1943135
-2092092
-578679
-1704211
19983
-828743
-34708
-626944
628386
-386738
1128983
-1524384
-1133953
486874
1923830
-384416
731703
1652614
1003895
1786256
-247700
583306
116068
1352979
154912
1078083
-916732
1930463
-40704
-301079
-314989
-36882
-2051529
-1599867
-772919
-20124
-1814428
397580
350433
447657
496864
-510970
-1115809
-590146
-811037
-999185
-378918
142214
1896412
-49585
410723
133084
-56806
-295045
1128195
243075
-718218
-1223202
1110102
72553
2061854
-296433
-568969
758144
-54569
-1085748
206999
1053221
-817331
596670
-2169941
633428
-758525
-843248
79532
-77356
-2253205
676010
-602369
810447
-528116
55956
897983
-1038865
-145897
-1100872
-596875
-1091067
150251
651179
815316
-997243
491348
-298121
-352328
897251
-316522
-188673
239718
264162
341740
1069763
866082
-1505026
392196
147310
-614854
-424023
-1344810
1116986
156405
-411819
-32453
-322484
-8333
-193234
-1423121
-1972362
-253565
-716491
387349
440580
1254677
-80201
312841
171090
768232
-1330462
456020
834377
-1026211
570747
698215
63956
896151
432579
-51568
1430809
-970945
343207
138416
220698
-537891
1112316
408743
373042
-145644
-47408
52166
-1058395
-695435
96748
