#SpinCore Technologies, Inc.
#SF in MHz
#SW in Hz

[HEADER]
@CLASS=	RADIOPROCESSOR
@FIRMWARE= 3087
@SPINAPI= 20191127
@POINTS= 128
@SF= 21.670000
@SW= 127986.351562

[DATA]
5768303
-652488
6659647
2918026
4428739
7023898
234292
7983088
-2407587
5457947
-4492879
3786221
-6964078
1273487
-6274843
-1980626
-4528407
-4984493
168614
-5569469
3891648
-4906650
2994408
-4277578
5139239
-542432
4730778
2457736
2340835
4460063
1328817
4660021
-1645809
3933720
-3680245
2484335
-3946325
-477207
-3462409
-205243
-2686232
-2571104
-702821
-2883433
1838867
-3299975
413984
-902367
1486244
-437845
1503696
888839
855746
3422090
229378
1224566
-996151
2222415
-615721
2778675
-1664477
-167406
-722297
-1043354
-362471
-1353932
-466768
-604418
328989
-410640
2450151
-1243988
565020
-1645233
-158385
622933
949166
-345390
1007412
1768004
364789
1388589
-1828393
-1452084
-626297
-273995
-1115912
1553735
-1632340
-13466
-978271
-1030770
1331628
-258648
-1486294
-1450474
-1052577
-787098
985403
-479047
395418
594973
1397732
-758163
153069
-1646697
75983
1626043
-823011
1879609
703857
-122750
882356
2498759
-554947
-819948
-2013703
-1409385
125109
1557400
-572318
465340
-491529
-123669
875616
-2095586
-232861
-495980
-1638953
-1295551
260082
546207
819841
-432868
-1633290
998173
956277
-72652
-766742
-382135
-524581
1298939
563091
-449843
900999
1314579
578784
-77454
-1027832
-477414
-638039
-1301973
-119287
463479
-550745
124795
-199573
-1065842
-26397
-604418
-382801
-1489323
-1430198
-236204
3333055
238167
263950
-64218
1014562
-774790
41223
-1862216
-7825
997848
-1270131
1851666
30044
402837
-610431
-246435
-747910
346846
-832416
-1038665
-516459
903808
598332
737402
-1113997
11078
1426702
857223
-520045
-213191
582636
190503
1347511
-406142
-804920
433831
756506
-1062438
-80572
323380
1944005
-336515
-1243821
66659
715199
670012
-455255
441383
-601975
1849675
128215
496505
21070
-58874
-180627
1130495
-1606145
-390135
-70226
282837
156185
278349
931580
-602512
-907241
-524396
773520
-1069067
-267971
-402981
620260
210888
1929663
542955
99590
-532595
330095
-332328
155720
-872239
-307731
907388
-782338
883258
2036650
193980
493145
1354252
108993
209612
-150277
-1423174
