#SpinCore Technologies, Inc.
#SF in MHz
#SW in Hz

[HEADER]
@CLASS=	RADIOPROCESSOR
@FIRMWARE= 3087
@SPINAPI= 20191127
@POINTS= 128
@SF= 21.670000
@SW= 127986.351562

[DATA]
-3051192
734047
-2517783
-151333
-1243316
-410215
789178
-3019986
444597
-1804928
904513
-1226910
923298
794829
1973426
2538555
1909573
1539951
343275
2059147
-872904
1314202
-3324289
1101512
-1183429
-193954
-2650849
-2433225
-883881
62237
-849667
-1856092
1121812
-1707683
1260825
-2135905
1550885
2202548
383330
3939
1557734
1336375
2107423
3084284
-1603756
410816
1135404
708283
-1460206
742301
-2420904
1200738
-769582
-499947
-522215
396245
-853707
-800984
594168
-1922287
628791
-112032
3902
1102765
929042
-519112
1523822
-464346
1515812
541109
597864
-834019
620980
286382
1022932
90865
67450
-988507
-82586
-1537555
-270530
1310923
-1741303
783152
1408804
521557
1832532
-144867
-1069269
891735
-85261
-148543
192288
-129427
-1287401
2913646
285421
209904
941734
99365
351785
-75638
-70896
-440578
-262220
-243265
379296
1373111
558794
284784
-303964
1259055
-667177
208652
-1061712
1667031
-588058
-522471
75345
939014
234151
257834
-631677
929689
49471
-1627501
509439
-1074772
-243336
-563654
771777
246780
2591628
-1289557
1160469
566027
941133
-458672
1514238
-1412138
750849
995971
-613623
548914
-144122
2651622
-418564
646378
-979755
942059
319315
-218858
-1746939
-298817
-971489
655980
-482682
-393419
-508387
-454886
-461163
-999813
-1031557
-1956267
1254041
-1051576
136836
1861660
699249
475269
1219103
320093
1797412
2007037
-497912
474861
246234
499820
739984
382145
-729278
963495
-1244860
-1004201
132067
-1573059
-732958
-446284
655703
280014
-212343
-655223
1119227
-537833
574604
-753989
-99393
-1459728
-617033
-683806
485522
381901
820659
689341
757861
-416230
-746454
441404
-1319114
-347697
-524220
1740101
1103226
1928711
-854812
381474
730916
-1794952
-604152
521012
-1004628
-162580
112127
-913268
1582178
-20125
1167697
457319
-73980
511836
1233291
665867
589142
1229913
367534
239326
-469360
-936934
-422693
203536
-1005988
-133619
-805292
509963
-590980
-496784
-1677438
70404
838231
-1774209
-351132
817084
512640
2960
-1199189
408546
