#SpinCore Technologies, Inc.
#SF in MHz
#SW in Hz

[HEADER]
@CLASS=	RADIOPROCESSOR
@FIRMWARE= 3087
@SPINAPI= 20191127
@POINTS= 128
@SF= 21.670000
@SW= 127986.351562

[DATA]
-4528762
-676195
-3171348
-2785817
-1075953
-2730540
956966
-2218706
3146437
-2805085
4688933
-1327581
3999711
2195997
1640271
3149446
347378
2774445
-1746447
2838075
-5036645
235807
-1914728
-324659
-2672924
-1461570
88717
-3349696
2821131
-3692433
1451020
-2161355
1767472
-1695204
1244985
720781
817140
3604445
-350970
2647104
-1427071
1644358
-561503
-606333
-2652242
-2312303
-1462861
-2049285
-188253
-1248938
319846
-966006
2427102
58105
1303532
401563
2039664
728338
1338355
681769
91347
362758
-1183789
97922
603315
103756
-1857932
-241063
-1566766
-1306819
-128081
-1851318
-875272
500890
-171672
133168
-486848
1266964
1334380
559428
168412
-528844
-1159609
530310
-1111902
289156
-1104103
140767
1098457
102646
-328900
-730622
-724476
349878
845680
-1761345
667978
1297375
1550293
518963
-213724
-598357
-120550
1510367
-66256
-1906154
-508261
1049037
1729692
-837694
-1573819
-250410
112057
-1098286
1308034
361695
-571383
1658486
1001860
687645
102183
113292
-112651
523170
-1639598
-2171480
-620770
958974
382308
1388412
-916865
791861
1393828
-786116
-101216
-309852
-802057
-995543
504042
209773
-984701
2200342
-258574
-206648
1095302
1061787
-969064
325521
-2304166
-2108812
85196
98127
-1326367
-141981
108363
-1036432
1086045
-1022486
-337468
233557
416916
-956182
751511
183341
65881
100002
263384
-505448
1130827
317689
592451
-1736160
-285817
767271
-1257680
1082528
-670985
-631827
738651
846646
541376
-613526
-552531
-762354
50983
43677
-529033
-162995
884341
366952
684197
134500
8085
445512
1346192
-593607
-1312295
66931
-1071991
298551
-472869
-1416560
136511
1052957
1555310
-488206
718660
-63735
1442121
525919
185202
-975530
1002803
331113
-1243950
712446
363606
310225
-179104
359108
-613036
118437
-1147345
-700270
-1585843
-849697
-61596
-35735
-1011649
-45729
521923
948598
-91759
-886947
798331
739516
-172704
-1346715
-1444384
-173076
597928
1193864
-225846
675068
-37657
-463812
-530442
-927290
-1384302
-552220
-775628
-894488
-360139
-218155
357142
1918941
