#SpinCore Technologies, Inc.
#SF in MHz
#SW in Hz

[HEADER]
@CLASS=	RADIOPROCESSOR
@FIRMWARE= 3087
@SPINAPI= 20191127
@POINTS= 128
@SF= 21.670000
@SW= 127986.351562

[DATA]
-3887876
848142
-5333152
-2744078
-2784407
-3504087
307031
-3178239
1669945
-5766426
3391038
-3342633
4894934
-1461847
5860923
1778056
3580488
2711256
2373934
2928702
-400464
2325082
-1519662
4320227
-2679243
149754
-2247740
-600875
-1721344
-3223723
-1182810
-2456245
586128
-2290744
2585918
-501907
3249544
-751661
1954012
965572
3130224
640159
2901219
2077016
617105
2582918
-1862115
2337064
-1110350
1099476
-2140627
1160873
-30047
130248
-964324
-1238781
-709727
-704004
358618
-2686120
932801
5503
1397536
-209642
1228547
-1179827
2156139
334743
1440146
904349
-689778
1772220
-102292
-263882
664291
685815
-1230262
932305
-644727
893743
-1147341
-1851551
-543924
730374
-1306474
-1409816
-856721
181982
1447980
-1269820
1240766
129065
-80740
-1620935
-306745
-198455
3065206
-1441357
26539
2241904
589813
81859
-267627
237672
1519031
323547
-1064236
1562942
23328
-1913894
871125
-915741
1063483
-351813
964535
1503273
852452
-662726
774960
-907742
-163814
-84183
-42992
2019598
385559
-845102
149058
-461215
313149
1460937
262422
1356793
519242
-157563
832978
1284213
-423856
690695
-385833
854150
173928
-987909
1236977
224054
472563
1235387
-962675
692868
-309895
544020
518254
933944
-394823
374989
-1460982
-1143416
-1766564
-194523
846094
2140718
-996760
149172
-1877397
-639327
-1800407
-932066
-855821
1106860
-807226
900645
-861569
-219957
-1492228
248348
-2149002
1175551
-759433
177983
300261
-757750
32700
-1088880
-1026379
533357
-353087
-244104
-648857
-1853709
-1143352
-2967762
-877737
-212292
-347258
-808175
567245
-1246100
1428725
-1557691
-407322
1058495
177648
-788442
1456045
-303842
1741798
-1174664
1625323
-910449
-393539
-815910
336391
315639
2210320
-674488
-277355
582169
955897
-1074692
611273
1342824
1945498
760673
113821
-145803
253830
-903636
466260
-764580
670235
800164
-286480
679692
1213239
-423219
144277
656911
1812069
1254051
-230823
247405
114818
221418
136970
1505237
248402
1069133
20365
-39448
-611687
627210
314377
1514641
1359026
790548
-108261
-91622
