#SpinCore Technologies, Inc.
#SF in MHz
#SW in Hz

[HEADER]
@CLASS=	RADIOPROCESSOR
@FIRMWARE= 3087
@SPINAPI= 20191127
@POINTS= 128
@SF= 21.670000
@SW= 127986.351562

[DATA]
-2221095
395332
-1914661
-2427490
-758714
-1994872
-349763
-3146618
1094674
-2297495
1838838
432666
2428517
-166277
2107656
-146429
390589
1387772
81386
2919947
-3118906
2606377
-202129
472846
-1611694
114705
-2677670
-1064547
-2509736
-994544
152296
-1456533
764313
-988961
915200
-747316
915406
-1795216
-1448
1359970
-48786
883509
619868
2095636
-116840
2041221
-224586
706379
-1789533
280416
-117224
246144
-2852105
-160259
-870441
-351529
710413
-136521
580093
-434683
-345246
-900196
-472904
-1499373
-563573
1086349
-472959
112458
548090
-858377
1076112
-687086
-1378132
174745
464922
-11093
1649029
111693
2160937
1009284
-749698
-1015126
-205683
-1353700
1483424
1766473
110640
2019886
-450641
-3061713
1102267
-442140
-1793115
1658188
-2089626
79357
1039376
1449013
737529
802120
-1508204
-852237
518971
-1798202
997511
1154667
23482
198368
1951944
-386677
1074919
-631277
459926
355190
55876
-1208496
256775
1193545
96230
1621577
879365
462448
479644
-1010621
-1322912
964682
-761816
454157
-786616
-1105992
-25456
1440459
452210
3401
-483300
-40127
-41271
-1310455
1093192
1723171
639755
249578
252229
-771992
-171955
-810160
-1079115
69989
125648
1609998
427772
-117325
1574722
-1252342
-1264866
-1044118
-1578252
-215001
-854909
1007331
1026674
-101228
1193301
270507
924390
-1024607
-1257574
-490570
201428
-803859
2089200
869881
424617
312890
591698
-1903757
-887010
-433876
-607172
609721
-1231571
1511797
117838
-1356952
960880
-588689
-463943
-112264
-1005441
-945912
1952391
151573
418461
1614819
-60834
-1970969
2058340
-1374645
106162
1399846
-1378498
820944
1048994
-930362
1307749
-227957
104749
1104029
-1627133
-726116
913103
175286
-327633
1600865
33709
-1563812
49918
-1302552
437708
854341
-659506
-92095
1624736
-734607
814813
-602404
-762746
58712
-1555897
-3056928
-772985
795376
98675
2274019
-1586204
-1082845
929032
-716967
-509103
321989
440859
719571
860604
-592115
166984
1245845
485787
-526819
-719864
-815362
741270
444946
-473669
47827
1486891
817134
