#SpinCore Technologies, Inc.
#SF in MHz
#SW in Hz

[HEADER]
@CLASS=	RADIOPROCESSOR
@FIRMWARE= 3087
@SPINAPI= 20191127
@POINTS= 128
@SF= 21.670000
@SW= 127986.351562

[DATA]
-2443274
-574413
-1911845
-675117
-914380
-1316970
-1646556
-1868793
-1051336
-3348485
2689138
-3170365
4128828
-411572
1250567
-483893
2479359
572586
1476956
1757225
276402
2249626
-1667087
1264348
-1271824
1964528
-644118
363012
-797020
-461123
394932
-2782977
-486335
-1584907
1074613
-330803
798968
66901
1156172
-1172553
327079
1005361
1971105
1770090
422626
2207565
259442
-648519
-1054156
972412
-339153
1682091
-772121
155895
-1050093
-725740
-265582
-1333201
41272
-86860
169633
499953
1757121
-1633035
500791
-237904
530504
1168679
171956
1024259
1042367
-398606
1731415
-49310
-1102477
311724
-242609
531835
279838
-1284586
1024071
1186957
374770
1207381
-356346
119354
-508066
-1251402
578095
-310104
1079425
1113669
-262085
-345741
-707447
231597
616193
486966
634243
14548
-1188818
-904317
-1175383
17848
226183
1448360
-987504
597363
-1708543
325969
-621150
-30142
-346418
682828
-459540
1264449
-376285
-1338564
-63798
1392976
559818
644333
229996
532008
-1522422
-611323
-900936
-208704
64551
-966305
237011
-34864
-651950
-2370057
-864231
-306912
-122049
369139
-667538
692848
401532
-349337
-1191132
-792541
-311664
102784
-1042600
-390076
597303
-1256545
848194
-1101431
429074
1626422
-260928
-581027
10263
-1405319
-740720
-800914
206659
694419
-854821
630290
521202
-1314516
512314
-559997
50250
1477681
-713327
795941
1063139
-591316
492542
-1090932
-1383489
445423
-447084
824165
410506
-682563
320126
-246037
110810
-388449
259769
288521
-963485
730394
1069758
-37148
139236
-991525
1272773
142517
-887388
-535943
938170
193733
924257
-945704
419086
-1106055
-764322
-171496
-50001
71478
1084290
-331503
-723204
517341
-53617
-146952
351184
190654
632023
-190503
563642
-126800
1091790
-20512
-524501
-519157
284994
-622747
726465
86450
950995
66144
-793778
-823475
336008
-537796
-779184
502146
357299
-7791
-1269126
-955220
870113
-565382
176064
834068
-128276
732773
-989889
-325096
1088240
669906
1099154
-986947
438442
781434
-142046
-588828
