#SpinCore Technologies, Inc.
#SF in MHz
#SW in Hz

[HEADER]
@CLASS=	RADIOPROCESSOR
@FIRMWARE= 3087
@SPINAPI= 20191127
@POINTS= 128
@SF= 21.670000
@SW= 127986.351562

[DATA]
-389673
297103
-1988125
-40781
-105453
-603824
1426447
-1995240
147543
-1071031
73831
-1025124
-751294
192774
231657
478608
434396
650919
890725
-41078
-1232859
-1687327
87056
1543776
-121457
-1633434
1963518
38987
685590
-779017
-332183
131968
-692778
-423338
640586
1560226
2355370
-1131100
-15420
1136624
-885388
-5083
402058
1601671
2136038
22989
-61043
1062677
-456642
-281879
-1065872
674890
-206033
1336886
27510
-80335
-735546
-911911
1288242
250622
-500985
1731941
-1240440
-80940
1013023
-554120
77524
1295348
-1388422
-1219429
-1315192
-621797
1693122
697499
-154562
-124918
-322262
-1812458
467234
-1973380
2123444
1394618
-1538911
-277637
1602974
-2562503
456904
-986124
-217913
1000355
-1349093
1080766
2773304
320897
760644
-612303
295432
1152253
-1361298
-272375
1043567
629933
-44623
-622511
935695
779989
96343
179638
1834460
2008114
762650
1154217
-684432
668427
-46005
-105814
-1267636
2404450
-660803
1681483
-494076
-184998
371999
-956840
-1600563
525360
-256779
134243
-212285
-1127431
-56117
-668761
-1430703
-249062
-612273
226039
1297275
-137137
940831
-311470
-671838
-960978
-805464
-610485
795604
-993849
-252421
-1023180
-787427
-1379875
-1986070
-423631
-565761
643021
1434345
918364
-316206
-1098144
710017
-155330
-91489
456994
340724
-401085
741770
-166980
426653
730819
465527
12962
-841663
2168100
-589221
-314299
332411
440104
143015
928032
-1534123
644921
-701542
-646087
811673
-956228
1031377
-482893
-1144557
674617
-495222
-549028
-678028
1159600
168531
33927
-146347
-637824
997633
-167596
-873026
1591894
-594467
1024183
672919
193914
1116160
238574
-915465
-559747
-1458095
446617
-548956
-256085
1381581
-118840
-498452
-1952520
-1047115
826308
691521
483572
-238463
833328
525270
-2564982
-799492
155079
-759524
1162571
-965634
1282930
2609926
-1445993
-708803
-1509653
131693
-998159
-80270
1046806
686719
224481
284077
-1209485
885056
-865248
92683
360375
922772
1413375
287933
365639
335342
91806
-810967
-1035084
-95684
454764
