#SpinCore Technologies, Inc.
#SF in MHz
#SW in Hz

[HEADER]
@CLASS=	RADIOPROCESSOR
@FIRMWARE= 3087
@SPINAPI= 20191127
@POINTS= 128
@SF= 21.670000
@SW= 127986.351562

[DATA]
471625
71784
-404333
-110625
2095219
-507997
-405348
248396
-978511
1619671
832806
-1371000
-691242
-319472
-801445
-1014384
-2025232
-1871625
-462538
117903
953831
-1449970
918798
-1400903
-382139
-1441016
477218
1090419
1477397
331353
859250
217136
405940
-234707
-137112
1221585
-139711
-72591
-144259
382823
1535746
236921
-452753
399852
735862
-1206211
-1268771
-201592
-844591
988419
649491
-509685
-77785
-89541
369879
-483231
-1584810
-448086
-158927
691560
-152357
354295
138
-349295
363693
-552210
427341
-871578
-915382
192363
-862802
44683
2103095
-1383673
349071
-596018
-208853
1136075
1714883
-1006695
17297
1370399
1921688
1564497
245876
-83468
745833
50263
-1244157
228071
-366338
133016
-1948621
2115246
508227
12599
-1853497
-1435861
-893854
872566
563627
-1520091
-511690
839644
1470918
1451367
-1682926
-698110
414078
130054
-922990
514881
-525165
-222514
-564
-542756
-394942
498056
-425621
577750
-411762
2419662
194222
-1052606
-256910
5027
-436234
-364075
-415516
968420
1572548
399566
487630
-860837
-479967
-68339
-242017
998556
35389
879510
-676412
-148107
1504733
731074
-687711
-913238
-1461352
1210439
1780630
67493
-91423
580778
-577415
-556909
-161975
-1026896
443246
-288927
-444096
1826428
957509
-1420005
-487010
-886260
-300539
445308
106433
-124139
36272
1272834
-230966
-418836
-967778
-1002869
-913475
1203461
639883
117696
1169007
-237911
572998
115297
-642724
397194
-1444299
-1259537
1354866
-90974
799472
1219886
-2408216
-1154677
207400
-714033
752817
807692
-784124
115511
1564254
-753746
-241726
-8444
-660151
-92125
-1221720
-838989
483521
39622
4572
-71154
994683
-983045
937136
-272445
-861757
1155116
110740
-1548532
-1059464
1625464
476670
341296
898519
-1628633
-844281
-9807
-219420
572215
-331123
637152
-728287
-367735
1037218
268143
-16406
-672210
-817618
122395
723710
-247581
121321
1253215
606284
-249029
-770464
-852778
-1010863
323432
779730
453355
-492486
-761065
1659541
-361914
-24489
889472
