#SpinCore Technologies, Inc.
#SF in MHz
#SW in Hz

[HEADER]
@CLASS=	RADIOPROCESSOR
@FIRMWARE= 3087
@SPINAPI= 20191127
@POINTS= 128
@SF= 21.670000
@SW= 127986.351562

[DATA]
4425392
155123
4504859
2090370
2522409
3184680
1022693
2581424
-2367741
3526790
-3484217
2326969
-3843875
-684513
-2757831
-2785788
-514974
-1671808
-901019
-2863674
1720987
-3354014
2502515
-760881
2943503
686798
1145762
537809
940550
1523661
-120936
3605546
-1852973
1435024
-2278464
-224220
-1162571
185587
-1648631
-601491
-2166622
-2546874
1070309
-3344138
1383284
-253405
1732010
-1141117
586963
-1028009
1287039
553659
-650383
1654919
-462330
688079
-93531
462890
9109
667903
-2015113
325898
-1167312
-340934
92905
-608970
-1108997
351689
-128394
335777
-387473
-39468
589861
-2683878
1092747
595799
-608084
311550
-250662
432370
2160534
904220
695372
405347
-281785
-604176
-1351512
-1712265
-55966
2454685
399804
1067802
1605118
-1452555
1467571
-1161692
-943066
442387
538356
1147797
871274
-266807
42016
1017929
-1989322
985865
-779227
-511388
1262670
2564032
-393688
31158
-1302935
-855550
790508
-396324
-1672243
1925968
-805427
284388
-805348
-1077840
977935
322595
-859238
-383931
418787
-585414
238110
-1755977
1152173
-262788
-2145300
-256041
1408652
-258046
786760
950770
762335
279146
-607303
-1022295
655683
-89094
-590700
-859048
-116683
1127408
720833
-1424747
1465881
219787
66367
1219608
-401164
330446
-169006
846935
-1282786
2067084
12077
1469752
-1980558
707587
498090
841933
-1279286
117897
-986383
243654
-1140592
-1552666
-829042
-938114
-1150839
221503
1153021
-625684
54583
-1908376
-811957
-624088
-1466620
-224107
169313
388203
885032
-911310
127714
-308366
-170648
-950401
-32775
152722
-4268
85251
495726
51656
1031623
-1034381
-105701
51595
277171
181165
95038
390417
-443342
613527
404757
114766
-680220
-686312
-432944
240926
467444
1575541
-186963
-617926
-941431
-980399
-858801
-1023513
-195981
1253365
-1017425
1144260
-109510
1042875
719821
-485771
-970182
-869123
-1063783
-681447
-978220
789480
968135
-1223941
-581536
-561081
-324217
-1929736
-1587220
253520
759474
445109
479555
-343937
181574
-1821839
138810
1237311
141581
-169682
758781
214182
