#SpinCore Technologies, Inc.
#SF in MHz
#SW in Hz

[HEADER]
@CLASS=	RADIOPROCESSOR
@FIRMWARE= 3087
@SPINAPI= 20191127
@POINTS= 128
@SF= 21.670000
@SW= 127986.351562

[DATA]
16240935
-5239280
16563954
2773233
12342367
10905220
5694096
14444113
-1705797
16222341
-9227600
12193601
-13801435
6960739
-14872884
-726088
-11948838
-7481535
-7266562
-11982167
-817572
-14128045
6287193
-12344004
10445864
-7444478
11481345
-2369353
10644803
4402567
6987960
8500624
2824181
10438844
-3074554
10150012
-6484812
6601462
-9030742
2533502
-8064463
-1617011
-6519162
-4951610
-3293329
-6839173
-522037
-6993634
3255431
-5817658
5495823
-3992783
5719189
90046
4347761
1458144
3404862
3620571
927718
3931009
-694203
4535635
-2420235
2955552
-3782901
1520521
-3765066
-244624
-2229326
-867484
-2859840
-2247413
-1120695
-2976683
393395
-2523442
666292
-1725851
1982207
-397021
939790
-442838
2195913
221173
1071433
1429393
838173
2090108
-202707
1120217
170412
192089
-796839
1025736
-610551
773550
-1991532
-36795
-593057
-1025476
-817190
-955017
-392486
-114359
-157290
-1454600
698541
-1922611
1260991
-2716
1035543
756161
931150
-431793
1408082
-164230
444695
1540896
-51083
2317829
-1088326
360464
-644959
-832168
-797988
434828
-655469
1081451
436845
-1178155
-421704
-1608158
-127973
-1232731
1375072
426782
932898
-748335
258395
-597994
703469
454568
-113555
960696
648940
216233
80014
504622
-1165084
916921
-374046
1060912
-404132
-78520
-602774
-450742
161620
-184202
-447681
-439386
506854
614110
297681
-515619
688215
-441460
-526586
264044
227634
1061423
-2728
-191255
598333
-84851
-175373
-409073
-949056
87074
-316045
-968054
577067
57319
-427644
26041
-514228
648627
467089
-7315
529432
-635189
-679530
328824
-958396
113201
34436
-152805
792693
-257245
68503
964987
-312355
797158
-456089
-665728
-484745
-205535
935663
914
-467954
1499484
-21400
-641600
360527
277096
-144487
-177488
275678
753107
-162994
-576580
180750
-226923
234454
848144
62568
569137
-606233
-860421
244823
-214250
309208
414038
92938
741165
-898812
-577470
309331
402787
-52283
261757
-697172
-687185
-737636
768153
-267706
-542136
-125320
377319
-716857
174934
-411835
150171
-240263
-728924
-580326
197303
