#SpinCore Technologies, Inc.
#SF in MHz
#SW in Hz

[HEADER]
@CLASS=	RADIOPROCESSOR
@FIRMWARE= 3087
@SPINAPI= 20191127
@POINTS= 128
@SF= 21.670000
@SW= 127986.351562

[DATA]
3599383
-1868382
3490868
1373184
3141650
2619406
2776268
3342327
-168035
2991898
-2215957
2987560
-3173152
1596197
-2159696
-236818
-1974407
130661
-559896
-3757733
589897
-1300115
610359
-1323104
1973854
-989216
3163679
253253
3285701
756180
1765423
1798696
-1068823
892007
-1051340
2885885
-1835654
782831
-2728154
-195497
-1148719
-1301591
-626575
-1559843
769454
-2095723
1015106
-1157984
2021842
-822494
592336
-1724453
1175221
171978
2112661
-37046
642321
2521193
582029
-358672
-217260
1417151
-220704
829219
-1086594
553369
629809
1003283
-502444
-855618
-620273
473479
-659208
-1846896
786696
327557
187028
716497
-573133
801964
234748
-525397
538249
-131051
-628034
-930146
-359177
-656952
-403034
1738447
586899
649623
136587
-1354258
-593852
-1103632
-232649
-730728
-1745226
-238961
1173600
-843730
1467578
936195
164416
-1041869
52474
166230
-471184
-2622
439641
743270
1058826
-304950
-142918
-583959
-948011
-1000195
281346
258999
759052
-1168790
717388
-307732
459161
-130404
-853308
-79393
405063
433335
411486
-548489
542635
-511601
794912
470972
672822
26677
487960
673615
894008
166601
-374527
929277
418940
192880
-679958
-112957
-660747
1173078
-2181379
211751
-477466
-324412
100651
-316880
-1037907
422838
-567624
53153
224953
634804
819513
162299
-63188
523996
-1102290
-1641915
756300
-874721
473055
-115324
-892356
-1016499
1032180
-551410
1960071
474453
1809003
-469129
-1148604
-495299
402915
686420
-415568
2751679
469817
216465
1079943
-2185
-978609
499170
-1596476
-908030
-1632663
1082728
-285719
333945
-1316254
-267415
-46082
-1791767
134606
279870
-373880
-617828
510449
-543360
682263
885580
-759604
-482726
-190238
-445527
-174376
536075
-548356
2042415
317780
-395741
-130859
858273
-264194
-511320
-1335446
-273631
943429
33052
-477411
416722
-944066
1134587
-1052083
-576483
323691
-809134
-1871159
1196916
48113
-1501003
1488580
-1183436
140178
153491
-136020
-272562
-440159
-987326
508645
-105584
63968
73158
355258
-1201751
1188707
-184968
