#SpinCore Technologies, Inc.
#SF in MHz
#SW in Hz

[HEADER]
@CLASS=	RADIOPROCESSOR
@FIRMWARE= 3087
@SPINAPI= 20191127
@POINTS= 128
@SF= 21.670000
@SW= 127986.351562

[DATA]
1614216
-627888
103005
1288328
290579
110223
-226426
202134
-666976
2771156
-734726
2207908
-1034873
-602689
-1266020
-526667
-2701773
-584063
-1901121
-633064
1356105
2236493
339709
-779834
547834
-629192
1159747
-1923822
-1177951
1228963
-165898
1962040
1526872
115195
-534358
-84163
-1411347
1008478
115317
814585
-531350
677514
457891
195025
508360
-293564
-339022
-5101
160349
-1158449
-262058
-953506
-593367
259039
1338172
-509365
-2052095
-1464422
-754140
-142718
64922
408947
43995
1329546
1372056
-797268
1475471
-685072
-854453
54452
152894
-271729
1480139
1195545
-713545
1123870
-621466
425798
126187
-773439
-876619
325705
-1138790
1033416
-1055726
-915075
769170
232073
-51378
-607243
-1023555
-1401467
-571302
1008266
1246009
-606468
641173
236171
1516526
-699619
-366832
-1403407
-358512
1609578
880992
19491
-32267
2243864
350727
-292792
-1818458
-179067
82986
535552
-217812
2619837
-89083
-135980
-710719
183089
-109055
-597064
-108512
-74925
-1274206
-586603
1418032
-287617
-1334356
541793
-1038617
-167804
-9418
-671005
-216579
-283444
163787
1315802
-260282
-470016
1746356
339685
334043
-220813
-504873
231593
-737823
18294
2178367
1722663
-782725
412579
-1060952
2879304
737646
-331048
-887982
207689
-967104
-1258215
259159
-2166524
-1311793
959889
-1031350
452847
237708
-1128806
-370481
-737964
-40647
358565
-437879
-2512921
566542
-598697
658385
1467926
205046
-398257
1777281
-535294
788287
273595
387001
-466060
-1177945
-371579
774492
687857
-876719
815788
947549
-1376702
-157815
-1588989
-780131
1215562
-441929
-152911
-229287
-354545
-197544
46130
-187124
-158475
-1813375
-756849
855951
1085131
621779
-592657
-1199406
14225
2560865
693331
-1111750
-749287
130152
733168
2259192
418804
-413315
1838690
-332428
272694
490105
-716310
-20127
1328188
-3262969
409761
1247817
-200087
1904016
-511247
-864130
1497356
-1188498
-2097311
310256
1277922
1793100
1622285
-288661
-807611
1863178
-191707
216325
-1174079
-2131853
1152174
276151
1954902
527653
-500760
