#SpinCore Technologies, Inc.
#SF in MHz
#SW in Hz

[HEADER]
@CLASS=	RADIOPROCESSOR
@FIRMWARE= 3087
@SPINAPI= 20191127
@POINTS= 128
@SF= 21.670000
@SW= 127986.351562

[DATA]
-5915949
1816185
-3912643
-2426232
-4399938
-3494549
-294306
-4504240
570115
-5493365
2724765
-3949225
5801179
-203735
5117874
1344228
2543423
1597274
-1012804
2824579
-489984
5445211
-1658815
3258990
-4760325
949325
-4641781
-262011
-2819361
-885384
382926
-3183829
496408
-4199067
1187244
-633503
2197729
109505
2507401
34994
1415726
1626112
-1683308
2839533
373165
3289952
-409100
1885407
-613995
1414439
-2828937
1679459
-1855930
80869
56355
-101296
-205157
-1972863
-39057
287006
-1203651
-897895
1556597
410624
925428
307497
-122339
1997957
196211
1684286
576976
894850
1888278
1458129
-356350
1334647
-467032
1095908
-1137641
420451
1176925
936023
-263353
27006
217971
-172675
885357
1224843
1011283
-153734
-405102
1394559
-374093
1264654
1514590
1015264
130798
1617562
-167853
1107077
-1154956
2502471
2362902
507884
-1128837
1456291
481960
699658
-1362615
1477820
1992155
-282490
1059933
-129581
-316882
589040
630361
597516
2797483
840976
1032281
229353
1264729
259750
-699589
2553850
1846594
641459
644691
157530
630886
502479
-932224
2728922
127128
576814
607008
-1493865
1687521
-641683
-1209966
1868315
1051573
278522
1058178
-704664
978632
-1373451
690237
1552405
-27037
562484
478440
-1102794
1257856
-825035
-729586
714044
326338
-125817
-118141
-1192597
2927214
-1493657
-153198
87947
-918532
-310343
382521
-768531
915723
-1070437
49872
984843
-745251
468442
-633020
-636465
-666940
-783808
420670
-350760
-1489044
330211
-797260
-1165846
-67551
-1148727
1552014
-1781677
-408127
245042
-184749
-152344
-343850
-910249
552230
96648
-578900
872130
-420149
386691
-152959
-740229
773496
-5048
922260
-195689
-1100957
811359
-1871423
-714104
1312251
-1101492
67674
930658
-169074
270583
-1650286
-343549
141602
-311747
1489289
1519281
-201979
-1100836
-2001947
-405012
517788
-222559
-35583
763975
-317587
1073097
-559704
-1114294
-253465
268436
251097
1752134
-86945
-629479
152287
-855977
-386414
-1196839
1335210
740624
-522814
-1499669
-1120239
999393
-398723
120803
96752
1020611
