#SpinCore Technologies, Inc.
#SF in MHz
#SW in Hz

[HEADER]
@CLASS=	RADIOPROCESSOR
@FIRMWARE= 3087
@SPINAPI= 20191127
@POINTS= 128
@SF= 21.670000
@SW= 127986.351562

[DATA]
3991144
733095
1303999
2198475
288620
3370293
-668001
2473054
-801081
3335845
-2110621
545114
-2773603
-682053
-2371986
-716541
363738
-1090818
287743
-2526389
114196
-271864
1565569
502489
3811994
1592534
1693125
1607461
489982
1711009
-2017144
1139481
-2175154
310577
-3045365
2846
-1989118
-1646481
-790046
-247486
491638
-1298296
874624
-1103126
1311778
-786656
615687
1801169
832903
531436
50400
1317549
-838064
1323105
-3079408
2682314
-2539279
763045
144195
274701
-638108
-1629369
-1415789
633348
121948
-138252
517758
187608
-221103
-1271263
-525419
2060555
-164441
1744811
392601
1377219
-770658
650295
-1019157
2838747
-2826142
383058
-378954
53594
-1820451
-984581
228737
1125885
-933820
-200237
1394745
-1461945
-505536
-286250
678641
1696018
-633608
1446752
1982881
-87452
-152215
649922
946013
1674368
-1000110
1394095
1494907
11225
-2194664
565828
163943
977260
-480028
514083
1928448
-1895055
-938596
-767512
1203441
1014433
523223
1372227
1029442
-46011
-280194
2204706
909419
1036462
-774208
2839711
399643
-393709
-1316741
629208
485568
-661523
298828
1458423
1039974
-224955
-415448
-393089
693849
-1328825
1277994
2500814
1084803
-286856
783065
892260
97687
-454708
744286
1755913
-505276
-318555
30718
1075754
-2638390
-1042469
37378
62195
-2092301
-1793916
588064
-607763
-1576975
-1005599
-686473
1238505
648201
-825121
1095123
-702430
-259638
-214009
1997425
1970257
-713770
259871
260397
-1000063
-1448691
1312561
334330
738811
-1915984
27463
2302273
-506625
-1534509
-566152
666529
-2421795
-409633
1105768
1142288
-1873452
64771
1851944
2576189
454259
670238
1488231
371340
-206636
59484
1349579
-790287
-843309
-1101943
1189256
-878405
210418
-298920
-250092
-760183
-1416194
1199413
-592701
1094808
-747316
997325
893913
-447978
-719954
1260726
1320459
1032923
189183
1626190
425614
-628821
901640
-1325308
928687
-157802
67540
707431
-68108
-531645
877466
-758659
-565200
612070
-728886
2016242
-1746471
1655647
-891822
145523
-136818
1230925
784903
2665723
-162443
