#SpinCore Technologies, Inc.
#SF in MHz
#SW in Hz

[HEADER]
@CLASS=	RADIOPROCESSOR
@FIRMWARE= 3087
@SPINAPI= 20191127
@POINTS= 128
@SF= 21.670000
@SW= 127986.351562

[DATA]
-4610228
543888
-5744241
-315903
-4044364
-5476076
-1008711
-4870298
1331777
-4725943
4606497
-853984
4872450
-1259833
2921532
1505884
1127054
3092426
-425184
4230345
-955384
3325654
-4365144
1371377
-3637305
1020623
-2667490
-3906131
-1405785
-3154570
7846
-4228375
1686150
-3237981
3604944
-2135647
3618317
-801471
3821583
653014
899989
1381388
208061
1883700
-2169044
1872607
-799137
-72919
-762670
-1261073
-456002
-633566
-443309
-1220879
831867
-1329478
923277
-133620
2435263
-604659
1587798
-1289616
1241264
2826248
1487326
437768
208125
1349018
384285
1457987
218111
1938445
-747806
94640
-1786269
-317556
-474598
391818
-968171
1150905
218285
425285
294833
721715
224645
-490314
-205089
1683346
443424
1245950
8792
985648
-43955
-331349
324717
2195814
-771632
1743199
148216
2199803
-881894
-794419
1028810
66023
-40317
-175699
-65923
1168606
173090
-91207
-96833
589286
-109
454738
-710072
699785
511975
1411255
-120943
1053788
749357
-223864
35087
77783
-1105204
730426
-172347
754850
-705257
176126
-1295877
70385
-1044522
951865
120894
721800
147491
-152348
-197672
-122454
172287
-952683
-209211
-1333036
-1155100
40713
-1300298
-406820
107505
1714589
48330
-494767
457748
73728
-463637
288098
-1192523
1403189
-565350
-224680
-1188483
536427
100559
-1020726
-2005693
24132
-195393
140229
1039015
531287
-316633
330700
-1615214
-613331
-1123245
611565
-1413650
961083
1253515
786736
-324768
69476
-1378496
-596756
-279770
204934
330973
639632
101712
-1303277
-1497416
-2498721
-1267527
-352088
-805901
-313256
-263564
-662289
-141926
-1473837
-1234058
-198842
-401840
557710
-511218
120801
192005
-1125075
-1233408
6174
-386895
-702658
-76348
612864
1081248
-614345
724754
-1095410
-408098
-716658
-334844
640383
1188111
-330782
-330256
-524927
-1319458
35596
164415
-1292667
1459517
183529
1587481
-313027
148710
1415109
-3804
-400613
986778
558505
1930767
108051
-645027
76748
254281
667635
-729339
796723
1565707
421126
96850
-357565
1841070
-287382
229370
1126790
