#SpinCore Technologies, Inc.
#SF in MHz
#SW in Hz

[HEADER]
@CLASS=	RADIOPROCESSOR
@FIRMWARE= 3087
@SPINAPI= 20191127
@POINTS= 128
@SF= 21.670000
@SW= 127986.351562

[DATA]
6028003
-2233104
8441474
1453948
4237603
5636289
965103
4931954
-1568402
5207042
-3637852
3137150
-4921592
1752040
-6447511
-1535204
-3799949
-4979487
-719040
-3870527
1105286
-4286202
2263032
-5542129
4766995
-2590004
4164231
1746502
4826429
3523499
1667608
3392695
-1678586
3014668
-2548700
4735903
-3002371
1011444
-1491136
-183493
-4680085
-1413811
-1536105
-549312
-70260
-2649170
2327651
-2859967
1002013
-1219847
2839542
1962
2632112
1464907
1667984
1020776
936956
251973
-1087155
2082550
952687
2377634
-1245925
-378924
-1510390
-2242351
-792574
-994477
-436846
-47176
112173
-804488
223795
-2439010
697529
737940
1157501
-390419
1156406
1394165
1558224
125923
1126166
529525
4937
-3574
241414
274091
873060
-205620
-524988
2099182
-629846
130590
-208628
298458
-321973
-353
-1008645
770140
1248737
274889
776500
357025
1210587
661257
-527693
17369
1056453
143778
436072
1396057
1268693
1249245
-2145481
-106453
957833
778741
137778
2141510
-1746600
450196
226734
-652979
-1031037
-121832
1014243
354998
396692
-520451
1248080
-752991
-410882
682114
-132589
981175
-270908
883721
335292
-560691
-693068
1099652
-989406
1263394
630529
907875
622018
357681
175110
-364187
-1297566
1327272
40133
-853987
282928
718819
81401
-935564
-1159499
-72518
-44803
-223493
-277105
-721843
-264897
-285986
-1608468
-322999
-1544546
639877
-338612
124400
-61593
712230
-1017707
-549514
-1756415
37620
-117365
-553597
-294184
-642844
-1186540
-272074
-402924
-42573
-123292
108127
152500
-87966
-806919
338174
-626306
-975644
-136816
109581
453206
254291
-722331
545315
-205518
-122738
565909
-283941
-54976
-491159
-524638
-1094935
-333011
59723
1036906
-925625
-726750
172332
-735809
-66331
87177
265010
138494
-9104
-1160092
-673162
-1053790
-463388
358238
1897268
-15307
-1296585
-86218
-32910
-317550
-1140169
1469763
-212942
-227006
455805
-663848
275131
-783847
-565379
548455
1216344
-386194
418525
-919799
-83620
-164583
-757311
926040
806739
26163
-31064
-365683
375823
-1058694
-2207152
