#SpinCore Technologies, Inc.
#SF in MHz
#SW in Hz

[HEADER]
@CLASS=	RADIOPROCESSOR
@FIRMWARE= 3087
@SPINAPI= 20191127
@POINTS= 128
@SF= 21.670000
@SW= 127986.351562

[DATA]
6151495
550240
5698166
2472340
3554363
4090377
473695
4125228
-3955360
5325995
-5984775
3043429
-6180993
810242
-3246837
-2583596
-4077351
-5068185
-1157897
-5874362
2062630
-3495066
4519859
-1392480
7202007
-1294411
3319594
2108970
3013788
3102774
443040
4298043
-476807
4535265
-3602571
1601184
-1661501
726400
-2589771
-1922497
-4284736
-2817611
-1120815
-3899456
1434278
-2181555
2660787
-660224
2495810
-2606154
2363584
1367686
450765
2152384
-444921
2623244
-669993
1751782
-1111993
706125
-1377006
-482001
-1653756
-190497
-1186196
-598165
479443
121976
635229
-2115374
-329245
30801
-182883
-233003
1338207
1248233
1213359
337868
309687
54129
-420098
37395
-972132
-173545
-642388
123004
-1220765
-710449
-981228
-103500
-1670280
-2062509
28507
-1369737
690371
-721868
1873631
-1691434
1582392
-1894068
1326527
-866991
303236
415322
-1010140
707427
498553
1284062
539092
-576592
-1534686
-164404
584720
-68578
-484013
-200061
-577304
509412
-884521
-183155
-69500
-2014544
-1039081
2223
-967176
58171
-89149
-584060
473752
521501
1016995
-226455
-415627
588052
762340
144251
943810
1424651
-973120
635204
-602470
-718698
9828
-365195
-1333321
-102914
-331125
650150
243962
285879
-860701
96591
367246
812022
-247709
-588608
-619806
-175690
-546242
-389269
-632611
-340058
542394
-1167827
656029
-213442
181562
727105
168860
-707264
-271006
-595920
-779644
415351
2032158
-152477
-272090
1430904
-101385
-1331396
623282
289592
166811
1118837
-1214101
-200409
821693
-533421
98869
388067
48984
-173298
-306081
-1156554
-1153017
536908
306931
-269527
-1417267
-642177
-774677
-982513
-2352884
-624790
327928
650130
9587
389242
984701
-1199398
2705268
-1837023
-619192
1098143
-169766
645590
-202246
817512
1282261
1406794
-353948
-10597
-1162684
-573388
-1127421
696196
-80052
1751413
136948
1255467
-2043080
-1334204
-862873
-260891
-1510701
178292
-1147407
-235131
559987
826559
1166497
-1062275
1255365
-1113767
-1259211
-2314576
-1353255
633854
132903
963921
566665
1050145
1219929
232852
-1250906
-2128785
