#SpinCore Technologies, Inc.
#SF in MHz
#SW in Hz

[HEADER]
@CLASS=	RADIOPROCESSOR
@FIRMWARE= 3087
@SPINAPI= 20191127
@POINTS= 128
@SF= 21.670000
@SW= 127986.351562

[DATA]
-2843750
281636
-1874046
-597355
-1783534
-2424249
595432
-2056823
2264901
-2275362
1903862
-1551877
2171667
-938811
1286704
1723910
1454044
554287
2475262
2729617
-650434
2556752
-2674137
1135911
-978405
-297277
-1135740
718607
-1377444
-1844002
-1056706
-1887215
1333269
-893499
290350
1028776
1474421
-869010
-278556
-38711
2004439
-13
-136285
2025483
-287147
1155817
-634152
-381576
-1476114
1295609
-427316
483413
-1109998
-986319
77525
-1591269
-295850
-11475
205186
-1950264
774008
-282939
1627628
-807890
835452
293260
64920
-711333
1056480
942085
593041
64868
-129550
611134
-866087
-104556
-962390
904721
-610826
1147299
-475442
36860
-162254
552170
-357345
-197737
-486568
640446
-1431533
-1363055
-1030430
-554395
-110461
-356391
-31612
-120196
490657
-471879
200761
1048683
-360276
-865238
225579
-80641
892669
-386097
-949192
522414
2347929
-178231
411376
-1172148
1476994
1020849
950211
-529283
1399220
36156
21244
860495
-202716
700191
-194338
-1061183
-283085
2031061
-192919
374550
-1256373
1009055
-345734
-10205
-706213
1541995
471398
155500
-1922942
-1006807
311631
-429590
-538648
771769
280226
-954264
-972832
-923749
305190
263807
624289
1156188
81561
-349983
395918
-590168
1098318
1060458
-1015105
604909
732887
-674009
309096
-83249
569288
241580
463621
292814
-1151360
-230665
-78005
455146
-371736
350609
-1786745
586692
-435799
-1259897
473994
-278266
-667769
1130413
-1541266
-329402
23312
-60411
430551
731313
-726918
-345987
1357127
-1980764
215052
884935
159479
-57440
409559
466809
1774816
56226
-1222017
-172984
349630
1555747
87353
1341036
601566
1522679
-231332
-658126
687725
523869
92692
-165565
306013
-452231
-525505
-1282153
-1008141
-69990
179033
-223184
-824489
-204187
629983
-691108
-294909
-760757
-364583
1317361
-571235
220428
897439
-443174
-1412429
-1025353
-21580
-400196
-377852
-195310
617635
1270208
184305
346427
-375028
-800787
-405902
-1050969
71299
787846
-165122
651839
506436
-625345
175380
-59062
-1592718
453746
