#SpinCore Technologies, Inc.
#SF in MHz
#SW in Hz

[HEADER]
@CLASS=	RADIOPROCESSOR
@FIRMWARE= 3087
@SPINAPI= 20191127
@POINTS= 128
@SF= 21.670000
@SW= 127986.351562

[DATA]
4054653
267487
3695926
2677551
2960683
4186726
-64275
3906217
-2228769
3840849
-4329896
-196671
-4697034
-1906160
-1807810
-2571094
-1331416
-2885713
1125332
-2449868
2501527
-3016840
4146583
932353
2660287
604433
1767298
2085963
1080482
3115060
-1778478
3176764
-335647
1457048
-1423363
174955
-2655948
-249503
-560061
-3069224
111598
-2503309
1480708
-1657021
959954
-2952761
1657295
511507
145722
1114799
1205017
2611705
1069380
2404439
-1006504
1675562
-1546686
26641
-891799
-183020
-1980365
2639428
369205
-1114842
900782
-1026999
2254754
-289785
-298538
-1671182
1400584
224792
341744
1961373
77877
311712
886805
1358180
-660803
1413936
-1214675
-1084089
-743171
178400
-478097
302848
-2171043
-1636588
2076306
-1687566
539530
-146350
1619286
-729727
1227445
-24092
882812
1890527
719389
-513026
355466
-918283
-579309
1526283
-1645406
1830515
-105320
2206970
-764840
1159665
138804
619391
-518608
-1392772
-526499
-1164511
-791224
-952372
535239
-1329389
1421970
470345
812641
49030
-567359
-1452646
-300801
-189803
-1115154
1214846
-1472043
1576729
552450
-94214
460962
503181
-625027
-1408885
-59031
-2143522
-39106
1182777
-371331
443498
573370
10077
677917
40904
-1088893
-162878
-1292780
-819810
-81158
1109347
-806159
1583918
-206068
-612954
1518402
214253
-740672
-212622
-248780
-1246251
955603
231827
-466707
275168
-26138
-1119130
670283
151388
-1815300
-840346
307409
41447
394685
702193
-405577
444486
521386
1283634
840827
-27813
540581
689999
-289584
203764
-905839
765105
841809
1258032
-124881
-1995885
65645
-118454
-1087656
-930325
-1005722
791922
153257
-378596
-599124
1807789
942456
834258
283342
-244150
-1081591
-292745
-174336
-603620
-1209889
163992
-91358
524385
-564715
-908451
719910
-1239345
-65983
156631
-123236
-85922
978419
259917
991093
163426
-233967
1141915
-1090854
-876273
684282
2314408
-700265
429889
-755878
48771
146640
-2646920
-425250
-838631
-532545
374654
-1030081
-2082112
1030900
753423
768678
-602709
581601
-360733
1149107
-263222
1124909
1390049
