#SpinCore Technologies, Inc.
#SF in MHz
#SW in Hz

[HEADER]
@CLASS=	RADIOPROCESSOR
@FIRMWARE= 3087
@SPINAPI= 20191127
@POINTS= 128
@SF= 21.670000
@SW= 127986.351562

[DATA]
-26986
633629
1053484
-615036
771604
-67681
-31698
713204
-382511
-1220803
766916
-1016054
340855
84946
-981403
655210
-112976
-1682996
597131
-586568
56308
448472
-345875
1622552
1038675
-1260388
863944
-67480
-145955
1493636
-1325614
1871966
289909
328817
1506225
1261807
-540810
400926
-2779494
436280
549238
-1024202
-585117
644955
-581449
1807230
-2789145
-578858
-747947
-352520
772404
673527
777906
-21938
-504228
-248266
-554545
-339182
508865
6712
-782048
582135
-86188
-1306372
-1568260
-22372
-1048534
-246073
47236
1291281
-465920
-1509026
83518
-1237131
-545029
-907262
68991
215220
1001681
497156
-34943
-448507
1387112
-1016287
-336716
253104
489014
-944171
-220393
-120542
975018
419336
607819
-401703
-697706
62753
1123157
783252
73450
-448042
513577
238095
1010820
529111
-93101
1053075
787233
-565304
-612801
-137323
440234
328726
723903
-995745
211211
-675563
1038973
749699
-503417
341628
-391608
-1087263
924137
792067
-42176
555153
116809
-250516
-323842
-671440
795296
-138455
138067
1389873
-678718
-66883
635126
-1641794
-549154
1565813
-154783
1875487
353329
-589304
-1184449
-1110181
-733055
212940
-487735
1880240
-44488
-1044892
-523982
-1234946
-15878
-346390
-942910
841516
328000
996496
238535
397811
696316
-873417
-931031
-1373667
198827
-76894
798045
-241145
-359767
711893
-49917
-416514
-994631
183974
106205
921615
-1152486
-109545
1113845
-516116
-311679
-109194
1387187
1012280
-1395534
342460
-504032
143641
-1094598
-1189107
1171198
277910
-835123
77414
2000756
833904
-476684
-720492
301456
585212
-953804
-608629
470713
505636
521066
-1100904
250859
-179405
1008814
-655345
1220352
1511849
-27885
-656549
-332523
-337375
-151588
35513
788346
793451
-1014153
-194518
668161
-1168181
-741305
-918719
-20323
932075
900799
-531668
942983
-1309445
-1317583
-582229
229538
1718007
74749
343413
739107
676762
-219065
60060
-209089
489225
-1218685
196014
1090287
141784
-644978
333416
1933601
-259141
-802049
-157823
