#SpinCore Technologies, Inc.
#SF in MHz
#SW in Hz

[HEADER]
@CLASS=	RADIOPROCESSOR
@FIRMWARE= 3087
@SPINAPI= 20191127
@POINTS= 128
@SF= 21.670000
@SW= 127986.351562

[DATA]
6556935
-2332584
6115897
-27672
4903436
5224035
2700773
4421491
-67736
6258398
-1231773
4615254
-5103056
2536705
-5904289
649662
-4260030
-1086429
-2093137
-3205233
-1501398
-4441733
3524248
-4095340
3759547
-1405475
3553181
476399
2022452
309152
3104504
3921966
1328602
4684829
-1093581
4600280
-3604313
546464
-2877068
1871096
-2980888
-910117
-2938778
-1974516
-1070661
-3563529
-240321
-283341
-242934
-1193246
1162390
-2017418
2261085
-1411358
432769
543948
2058596
192700
690325
1031530
479168
-44157
-1616554
1137368
-707944
520323
-2022775
-162774
1083106
-1283980
-373723
-808552
848759
-2203733
-174569
-1824767
671576
-947885
2342467
360423
1089980
997671
2115474
-1365070
922949
1565478
976508
1365173
-276874
1349100
564200
932124
388561
969900
243388
2242157
-582961
-831750
-1385269
-70893
448156
-45553
-302896
1433683
-696583
-1433125
813909
-570733
1054503
567632
355562
-670858
638896
-672440
843041
952435
797032
1210172
675613
374909
297241
-419184
-316989
1603010
-344204
973149
-69539
-548992
-1379420
554115
49021
1173125
-25598
-420109
25449
490672
46092
322337
192770
-131973
488438
-684249
-390890
-485691
-702767
873821
-360122
-1412409
-1488926
364909
429047
-244440
187121
-554214
284704
-780140
-193144
107880
176197
-1339150
44567
238586
-572552
-1040821
662440
-664653
150767
244466
936989
-1274858
-123498
-353314
-11856
-174905
-852709
1136415
166498
-617732
571870
61971
1296161
792107
-150654
-46679
339771
-1553527
873860
-397025
877993
900496
-152354
445503
1122499
-494903
2173175
203592
58850
127919
467697
-362783
1568735
-667756
853128
1404002
-1064866
88572
-674487
567120
753075
1264859
-139542
1887464
-195879
990165
-399628
-803228
-229484
1663500
-114280
1003691
-552778
-874649
-418115
-671962
514654
276890
842211
444345
-650557
541032
-515940
-336701
-1341173
839012
-1234628
1344844
-1945939
-197348
112641
-734556
-1109359
-1093170
-1367808
-630374
-870193
-542934
396092
-321669
601279
-677113
-1696140
-1444426
-40090
15423
-344041
-590525
