#SpinCore Technologies, Inc.
#SF in MHz
#SW in Hz

[HEADER]
@CLASS=	RADIOPROCESSOR
@FIRMWARE= 3087
@SPINAPI= 20191127
@POINTS= 128
@SF= 21.670000
@SW= 127986.351562

[DATA]
-4413959
-35079
-4838571
-2881312
-882662
-5363363
-1483400
-3782304
2094372
-5578341
3885263
-2285997
4753353
1981617
2033918
1287328
2101946
3044749
56023
1895963
-2863271
2017098
-3169061
293917
-1971928
22351
-2281585
-1840280
-1099548
-3855789
2342706
-2166099
3143444
-1712072
2462752
75343
2007615
-394035
970146
4629480
363720
1992195
-2516508
3124645
-1669605
-341440
-2491433
877118
-652438
-285978
-984468
-1915961
1456999
-471652
156845
-1089531
593699
-645146
15222
-656616
1393386
1491526
-333463
1139947
-777808
-330206
-384939
-370654
-1861764
688441
-78910
-731878
-34889
-668550
-894078
-1994032
1361211
-1651741
-113916
54087
-42916
191995
1649996
-376889
1147784
-1231198
896006
1163488
-311555
703322
-126021
-776723
558105
1059748
-966176
1927323
-792417
793078
501540
2072983
-197198
717525
-266748
533264
-90
-194139
-318721
404734
205740
-276698
254066
-478055
1177197
197416
191429
352550
-650914
-534669
120715
576455
1360245
-449599
-672515
-482386
-562012
-1359314
544082
-499385
222595
182755
-331487
232144
285344
-1160560
1133841
-49180
930038
792877
-214371
423282
327805
-494659
1648869
147001
12181
1872416
-1893629
1509444
1447999
322914
899510
277431
410400
15956
-1663028
-169577
803932
1338004
-96336
827542
-217111
508911
-331162
-2776701
-767573
1285298
-1072404
77383
242941
201126
714900
-1548244
-1996723
-104573
-992476
-1399623
-306962
1739517
339396
661722
137826
-421463
417197
-1404803
622016
-425069
424154
-419983
1532869
-1899244
-18184
-879419
239955
574988
348357
-703039
256962
-319589
422724
-455104
-324945
798211
27600
397077
1459339
8738
-988455
-28739
159541
747221
-241667
1350847
-201514
888024
1135268
200406
-363642
657001
-852011
860441
-897067
910383
1077768
120781
402574
261862
133774
705823
84519
-887812
-723481
-1086443
496737
1217305
-746361
152738
1823657
888416
24385
-831428
-364180
15638
679227
-289109
109015
251948
1139759
-1334744
-583886
-562120
1349903
-481932
-96185
1168384
450675
667316
