#SpinCore Technologies, Inc.
#SF in MHz
#SW in Hz

[HEADER]
@CLASS=	RADIOPROCESSOR
@FIRMWARE= 3087
@SPINAPI= 20191127
@POINTS= 128
@SF= 21.670000
@SW= 127986.351562

[DATA]
-2790472
396675
-3486900
-958832
-1865202
-1190908
-46383
-3027251
511451
-1503025
1849846
-2050262
882892
-927437
2559672
-303924
1756721
188395
1173394
422267
-831996
1650523
-960047
2113317
-298590
1567201
-1013305
-359974
-1933713
-465217
-467346
-731930
470176
661825
921099
-301074
983297
-468446
1479037
667488
202057
-217266
-1320300
3317612
-572569
-630395
474129
166562
193879
-155774
-1563904
-364445
-374793
-439163
661266
-1571840
749444
-796030
-1452653
-885314
584053
1087140
1483135
-107776
2161429
-1700314
-1085337
-502823
-568632
1519947
-581452
1761518
-637618
1366829
-344647
335315
708579
312679
-1471341
235801
297780
-681555
-875028
404807
-48570
-760450
-129884
-666029
494699
638411
-651589
-406494
248139
-518502
1043166
-40546
240066
50887
631646
335848
-719561
-1159568
186669
812592
154378
-766025
84191
-690919
696578
399134
-280550
821155
-718259
-262030
1149647
-829913
-181317
-280886
-1536156
183610
-269811
485139
511028
438023
263150
-447451
359687
-580414
-534330
178359
-264287
1657206
1874757
16640
1407538
177114
292322
1068918
-328071
-255571
1071130
114349
692845
393119
-568323
204166
446993
765507
-224651
711045
97816
711087
-401279
-352071
1002366
-559353
-853178
-253599
-1288261
-708458
-788439
-431830
-197119
471641
2605524
-932832
799994
-760405
24817
240781
-444180
-496670
509765
1857460
-21553
-487619
-281140
-447820
-1812071
-1599608
-1346550
1599880
977796
327261
167590
779723
1541076
-649553
-1157855
-583235
-991253
1774647
204511
488757
769818
498435
-354486
-873037
-1262996
-144098
-1398651
-946149
711972
70960
1352854
-434978
304400
-1302335
-144998
-929432
-1353693
237014
627286
1013157
525085
-43828
1002538
-223693
-423944
-670671
-984391
810554
381869
-360885
-794022
-874932
921702
-1062931
-1003473
106916
-882594
912808
-457492
1314638
591574
-372728
-916693
-1643825
-566143
-20444
-837681
242349
438769
1011756
-187011
-325116
-1064315
-1671270
-605543
-812379
559551
-33099
99036
157024
890868
-393977
