#SpinCore Technologies, Inc.
#SF in MHz
#SW in Hz

[HEADER]
@CLASS=	RADIOPROCESSOR
@FIRMWARE= 3087
@SPINAPI= 20191127
@POINTS= 128
@SF= 21.670000
@SW= 127986.351562

[DATA]
578594
-475414
1658659
304359
-561197
567833
1090037
611209
-1265349
565581
1006731
1079212
-1014245
687080
193412
-639992
-457888
-25796
276646
19258
-386266
256056
132481
-567765
54599
-939739
1421039
2160455
-388395
1230029
108100
346916
509033
-1111743
-595598
480030
-815872
1461242
370982
-75091
-844603
-1103876
279741
-96543
607095
-83755
-94038
504899
406530
-917763
707855
-232201
-1446141
-292037
872826
1355710
321592
-1019445
-77644
-460952
865930
-1402951
24925
1263697
522967
-77656
-1036343
-716011
-121578
-276129
-545488
-535868
-145208
213511
-477620
775278
-595222
417240
-1236580
-153089
-1516482
273829
209869
-1216366
192430
423106
-438445
-216373
-448164
424633
733871
-499724
-8609
370726
744425
-1165671
-601090
-68977
-830115
601834
-63921
462772
313347
-183812
-845399
81424
-1397897
683314
1123703
-1538759
-532038
245426
257219
-888979
-858469
-2954673
966942
-78987
607289
-731817
-1179287
-1351604
-120324
443458
677274
-298524
539133
366897
-1367615
680033
549361
283643
-430937
507062
475812
146558
-896405
-1355321
109335
-946387
323348
-700051
-303163
-1004297
-859317
-1485967
834786
481779
589039
652732
-273149
-147228
-1454539
-574167
746459
240016
30805
996677
-757997
-552212
1447394
-866260
416658
2015934
-1397862
-247868
-119705
-100531
88735
-1146914
714033
940519
-1585503
-555038
-1577099
-320226
450515
558196
-992290
2077373
786479
-703379
-454660
-939286
-156984
936867
-723821
1036883
542393
-145401
-1219474
-734569
-321569
908230
-1423214
738851
-1367018
1019445
876636
119894
406877
663003
-431115
505198
475192
233902
1063702
-192945
508564
-462855
-1496676
-256615
-1062373
-1043834
1879901
1081541
-35280
246009
-1772630
1201799
-1389181
-43361
1167549
186492
1091084
-1402038
-137090
-473849
-1362631
-1378879
1860437
786749
552529
89701
900718
368451
-1589432
-793951
191780
342964
1136723
179702
418753
-827051
-1327826
-1094758
296567
639516
1226142
244198
-313318
679321
-253062
-1745588
-1058086
-324988
