#SpinCore Technologies, Inc.
#SF in MHz
#SW in Hz

[HEADER]
@CLASS=	RADIOPROCESSOR
@FIRMWARE= 3087
@SPINAPI= 20191127
@POINTS= 128
@SF= 21.670000
@SW= 127986.351562

[DATA]
4074513
-657411
2647282
1307567
3364124
2207191
1472506
4297418
-1324526
2589318
-3007172
2223874
-2152599
970569
-2279104
-1158785
-2766140
-3070481
497268
-2831245
690423
-1676294
2366373
-1045749
2777997
629447
1803186
-32917
1542787
3232103
111097
3529894
-973742
1366519
-1119485
1513350
-2086406
312866
-3013635
-69840
-2387750
-1052952
-797395
-155145
-1588297
-2505618
770068
40480
1448479
-549411
2165293
1001440
125885
-161123
169782
341009
348105
966795
-389149
995981
-1003595
-1169255
-1454486
-824603
-1655594
-1221719
-1469672
-232220
1418882
-1127898
626720
-1813600
1093690
-1345733
-983308
126009
1028572
-108671
782960
-762110
1280722
-423276
494302
-166430
1856395
74608
365426
-584987
-23765
-735794
148925
-425109
797602
652371
344448
-1116126
110255
-508763
-9006
441645
-99318
-747923
701526
-15606
788726
-192596
-121477
1622381
-641501
518480
47904
52950
405587
420919
-219142
1587722
-620564
-175933
648884
-803938
823894
309328
-208692
27296
-240679
-903161
-56661
574559
743772
1478614
-1353270
691925
-170651
-494313
-347738
1570820
-101851
692891
-507751
-946972
1143961
-1358909
-403083
1205108
-502855
623325
-1021758
-1849811
963566
-558404
397174
527884
119300
907645
-270025
-770272
809941
-383146
-387872
345806
-1607588
-6461
-1744667
-1223739
2469328
-285435
1178068
-53138
-223483
-855896
839060
-1734740
636092
167601
128533
1273691
-597955
1940104
35845
217723
299522
-239397
-78712
2434912
-956880
787272
977691
-1214088
564596
-2431634
26831
1054698
-472750
764276
1510345
36902
415105
-1701306
-558541
674018
-1185853
158470
725260
657958
1161246
-334333
-557297
190298
447212
802069
655835
336749
372981
637356
93788
370418
-806203
589386
-723691
107865
366649
1484707
-387478
224817
-1515653
-1336050
-197300
-361452
-195722
1623516
122202
2617
-500554
-1347168
-208565
74265
-917036
3671567
-884827
873959
-287179
-689166
20092
503840
-855994
781316
-901105
-178174
375288
-1123821
-591630
-463429
-510779
1200952
-233818
-1088976
