#SpinCore Technologies, Inc.
#SF in MHz
#SW in Hz

[HEADER]
@CLASS=	RADIOPROCESSOR
@FIRMWARE= 3087
@SPINAPI= 20191127
@POINTS= 128
@SF= 21.670000
@SW= 127986.351562

[DATA]
6815511
866033
6899938
6423441
2623285
7203283
-784145
5801110
-7581045
5640427
-7988833
2489294
-5571614
-1784652
-3445706
-3902829
-1572407
-7345839
2003259
-5792254
3668659
-2940183
6660959
26105
5503675
2932409
1517328
3439448
27361
3963671
-2687536
4245306
-3323892
1134734
-2574137
-115232
-1787871
-3056833
-752219
-3736899
1188222
-3875705
2268612
-1634506
2601337
1055937
1995755
1435853
2082064
2119576
-16019
1252359
-3228238
1173062
-1245693
516466
-3196885
-407866
-481195
-1894661
-249604
-1552386
-331390
-2119174
1653278
-1519945
896823
-347190
2306380
697983
2016638
-281977
609779
755352
-164723
38428
-526792
1795189
-359034
1945856
-1900556
219785
-1311662
-1578176
-89620
-714653
-1506441
467612
-487252
-986972
2520766
-918465
1545261
466457
-108577
-779757
464028
39827
929047
1541485
-1235494
1027113
557536
-878589
-539
-129421
-1415129
1403260
-1752792
-669013
-373007
267814
1431454
1378637
235850
-812442
758696
-37918
288030
-1334026
228646
-527337
311554
1827180
-43239
883000
707420
450757
-460732
-1481691
-1410229
-199616
-2016508
261092
443882
109038
152136
-97310
127135
-500516
-1142137
92514
126879
904794
517861
442768
367724
774461
773365
-750691
283550
-568539
384407
-1314470
-196861
699337
-1033931
683512
-752905
-751101
1417135
-188803
377628
-111599
-583172
1222737
-1079970
-953434
1229035
1320348
-97969
-82938
393563
-1427734
-227253
-1439186
722778
295267
-238751
1225972
91303
916685
1296931
-213568
-1471589
-1017997
-399982
-356924
64733
-125423
1000316
741135
1508720
1183708
-1282238
-552636
314529
-1058727
-21955
396800
389194
326187
-178229
-533831
1540192
352871
-887380
-694062
-1944480
317137
-317518
396541
1277174
494219
759288
-496599
-406058
-329418
-678016
1168493
-896168
1268642
690948
-243784
-1137181
678130
1076608
-1503298
153419
-215683
-869946
99029
1314882
-124616
2381322
-167226
219765
-1521285
496829
-454781
-773156
1502543
-224018
-972507
579427
-399560
2000827
270280
-188782
-864495
-1291710
-537905
-54468
-562437
308114
50453
