#SpinCore Technologies, Inc.
#SF in MHz
#SW in Hz

[HEADER]
@CLASS=	RADIOPROCESSOR
@FIRMWARE= 3087
@SPINAPI= 20191127
@POINTS= 128
@SF= 21.670000
@SW= 127986.351562

[DATA]
3913194
844411
5743592
1089080
1406995
2780571
-193473
3073667
-2191676
3802703
-1492656
3439456
-3254162
-926582
-3699038
-1441935
-2691320
-1522137
-41745
-1005378
3400990
-1798359
2653113
62714
1187399
-275152
1806546
2644158
-531504
2386610
-266469
3042084
-336530
881546
-895796
789680
-3532119
-1169432
-402895
-2960547
1067355
273458
1382253
-1934188
739291
-4185504
2075750
-787219
929305
1581230
101991
1556694
577019
516322
-85049
-117771
-1821703
709848
-2621979
-237509
-242340
1206665
-137936
138657
-361676
-1344699
-651411
-2314547
151070
-25232
1752082
-1183962
614942
-1495167
438536
-2503030
-1515418
482797
780756
1543528
459573
701035
938962
-227533
-700456
-696962
-1191492
510721
-1191264
988286
1731287
342057
1207497
-891280
-600689
681706
-909292
-740463
1337655
2143398
1384221
-397423
899749
-397852
536942
415420
-1104962
1734965
265977
-282170
280253
-9562
-472642
545662
-1289713
-1268601
-1323409
400171
-1007993
1404147
175156
-708621
610132
-2558172
-1376859
-676143
-1823849
675430
1295045
197855
319469
-1434149
482191
125831
-445727
1342293
-371451
41003
899885
-542456
2282931
72071
556363
-575601
532046
-133713
839731
-6182
239008
2012279
1350950
494707
-526607
-13105
20202
37513
-2300383
2076302
55031
384218
1492026
-686591
-1005198
-583780
-2645997
927149
-1015002
330467
949053
105692
-1451288
488690
-487215
-3033595
-342945
-955270
616676
1946968
607556
-207189
936988
-1220731
-154479
-1110889
-717824
604272
643354
-1014470
1986129
-32891
2085704
-340692
-1179061
595456
-204272
-812873
298818
357595
229404
677934
-311569
-1270497
274765
78452
56671
-651174
74094
1329575
-389538
277642
994221
-169793
2580429
158323
-1188273
177038
665703
495231
450372
1002744
22049
1190131
-1193034
-2026296
342933
-148916
-368258
731817
-1058468
-371722
271076
-2525911
397417
50973
-444587
583901
-783408
-591653
1242909
-1184456
-235425
418555
1049133
-894056
1002458
172186
191795
1743135
-505060
-388963
25616
-360409
-372894
1237639
-1146443
1737147
