#SpinCore Technologies, Inc.
#SF in MHz
#SW in Hz

[HEADER]
@CLASS=	RADIOPROCESSOR
@FIRMWARE= 3087
@SPINAPI= 20191127
@POINTS= 128
@SF= 21.670000
@SW= 127986.351562

[DATA]
6126222
-1435489
5380398
-1329051
3850364
4333110
2214172
5938461
822530
5036520
-2793613
1020920
-4281320
2060495
-4174019
541391
-3452534
-2089208
-182961
-4716644
944013
-3832447
1752701
-1830027
6260115
-1300480
6092920
-452067
3910973
2129545
1084288
4562737
-1012054
5379106
-522536
2759998
-3106593
2221790
-3924937
1924220
-4830789
-778405
-1131061
-1599583
-210618
-2801673
82871
-2534737
-458402
-2039215
2707246
-1383072
1517316
220462
927317
166034
-868075
-414802
-91184
2118426
-437151
933189
-1737399
596580
-608727
-1784900
-1240811
-1001508
-926856
6465
-18393
-1027088
890348
-2482034
2042058
-2061907
-1246110
1274694
336927
-587258
1926684
-603703
68567
-406868
-124666
1616222
-26736
170373
5886
1961072
973566
-245588
-778162
191285
48503
837399
-917225
-138130
1288013
753792
1026039
8544
637055
12207
595546
20097
1980736
-204531
572927
120252
-556882
301529
682014
2487848
436142
1372171
-573385
1303914
-1312136
778385
-762071
297055
-1159494
580585
-490724
-218344
-1107923
-880789
2295356
504132
-5977
-645802
-401145
-212500
-830350
-371625
-211531
-55770
-1368457
154187
98040
-138401
-230266
-1547480
-828226
1196197
-554215
595825
-1658232
-677600
-203405
-406679
495106
663894
-653903
-292193
-1680830
-1964221
-271003
679325
-1965
-48514
-631293
-922027
-1207679
-2694722
1142582
629551
-40787
-1010345
206826
-530274
-1083425
-1368427
950653
-325452
-596760
772677
615029
356784
-867441
-2001640
328764
32929
58482
246346
105690
70643
228518
-1611753
-540073
-457494
99593
378324
-594357
412868
1788688
-1009589
340468
341820
-684841
630463
-858407
-783844
1367436
-502230
144788
1344055
-175441
109157
55961
292112
503426
-163611
1667690
645919
160030
-375944
-707403
-471965
614042
256826
37568
58
-167671
-98998
-741169
-1434528
-681804
223718
769838
381866
26151
-857784
552966
-2266321
198289
1484466
1730212
57179
755126
-607758
650464
-660531
-335686
1505526
706274
955747
511389
161043
-164397
-661428
-1033571
577770
263079
227328
