#SpinCore Technologies, Inc.
#SF in MHz
#SW in Hz

[HEADER]
@CLASS=	RADIOPROCESSOR
@FIRMWARE= 3087
@SPINAPI= 20191127
@POINTS= 128
@SF= 21.670000
@SW= 127986.351562

[DATA]
3799705
-40942
3089846
1085583
1833213
3280087
509737
4578194
-1923299
3559622
-3182102
1472311
-3551760
631865
-3148003
-662298
-1684885
-2074539
88001
-3105527
566619
-1706673
1841453
-1069960
1851359
680977
2516516
1214865
227228
2359052
-1969202
1164854
-1689534
1858541
-1198468
585656
-1739896
375474
-1254640
-2781315
-479450
-2364318
2042374
-2502292
2489291
-2420185
2963420
-1172335
832548
84502
1371344
963812
508077
660136
-110565
1622749
-475381
-389059
-1412507
70830
-216181
246602
-288944
-745507
489888
-393266
-631873
-850484
-1020250
-844108
924811
347941
2507961
406103
413034
1082944
144186
769172
229787
1204701
-141741
2583301
-582148
1472774
-732834
821373
-1004127
627364
241452
996852
-1743687
-454640
-1531787
-885383
-920798
388480
-736111
953886
-361842
-106164
-717596
-358679
-656671
413001
-1228210
377602
-806412
-285871
22324
-28944
-546597
-857591
-785556
-67007
-1361869
-761104
568757
-636941
-417512
-1028683
-122467
-140293
264395
-2281448
1122779
668456
-78032
154617
261106
-42243
-559817
421105
-1111739
600769
869235
-59386
169569
1096273
1102621
-551538
-2421981
1054313
545283
562943
303983
582984
1823790
-452072
-858334
-313114
-199648
-13435
-990838
472052
2832301
-1388287
800778
-731024
-1543427
-91734
373835
-1287333
1489598
981975
1009743
129214
-1151529
-143706
386504
-626483
416973
1006137
415210
131929
-644875
-1189285
1011851
-380568
-5452
1185205
1195563
1075082
68580
-728777
874135
-181126
-147981
317990
1141900
1484346
920373
-359228
1116419
510819
-296415
1304945
-820712
1643884
656781
1536215
-485854
1317406
-292818
312194
-369257
-263247
813026
1081978
-2479025
637883
-536068
-217710
193381
-590444
-797604
1159030
-277709
-793574
-1972712
-472073
-662564
92460
-225785
1381231
420069
-1259850
-1375750
-487244
1058244
-1571120
-983402
185207
-91972
290149
-529403
-663151
1535535
-1129826
-411178
-674848
-312624
-529397
470846
-534000
2227047
-586226
-1439099
-8147
-34399
-721024
319652
-950114
1456832
1529493
-7852
454167
