#SpinCore Technologies, Inc.
#SF in MHz
#SW in Hz

[HEADER]
@CLASS=	RADIOPROCESSOR
@FIRMWARE= 3087
@SPINAPI= 20191127
@POINTS= 128
@SF= 21.670000
@SW= 127986.351562

[DATA]
6424027
-1542041
5993660
3236334
2610218
4064997
2342473
6982329
-1524651
5890266
-4351870
4106301
-4128231
102304
-5049781
216222
-1950377
-3753188
-1978516
-3402646
1133189
-5244414
2521556
-2190779
3971648
-922823
3908937
288285
2564926
3102322
765542
4959723
198908
5200579
-2609049
3564627
-2624410
998381
-2347223
1686233
-278861
-2331036
-1629147
-2071342
-1096329
-2513626
463887
-878527
2094167
-7709
1131796
245387
1160320
84042
841276
3720187
179044
2313359
611777
1180762
-672651
900093
-1097131
2902220
-1109395
824399
-1995169
-396718
-455019
-893086
471305
2180491
352148
1040386
1118627
52606
1070771
-56871
473519
1564628
-553221
1547361
58788
1618143
490329
595811
-324784
1189891
-206317
1660815
-799412
538347
-1982856
787018
-501722
802866
-655041
1121150
-883525
235003
-447782
978632
494205
27077
428879
2616288
412688
1325730
-1762865
1095950
995157
1624147
-465811
-55899
57067
547632
-1487711
1750407
934741
-125372
-1399812
1470984
-392495
89365
-705668
114815
290715
316666
65257
554548
703293
1466079
-935342
111391
725265
1441188
-688828
1578699
721403
1710119
-1171424
422218
715295
978666
-1816417
2107803
648442
1587789
-691860
-384946
447637
-327362
-2725418
832118
-327568
1553895
-412533
2026231
427017
820382
-1268869
256469
-111325
1471449
-946166
15427
327253
1320556
-690731
254569
188799
457757
-244210
1361842
247417
-9327
-148180
1255593
-332945
885513
-1419722
-42105
631281
946035
-85725
1108425
-273254
-917024
-250160
330710
257044
901497
421165
1852227
-392084
847511
-151967
-490690
815726
250440
393314
1937478
-149288
471778
-846875
603232
-824086
-1094242
-1498098
936454
-467451
-412357
-820929
779252
-680591
-801312
-206514
562338
591758
1361787
-500101
331299
-1364469
1389170
204564
1727071
221014
1419796
889641
1478390
-1081330
12263
2363030
766985
-355078
208044
-968706
411643
52638
-96263
1244931
143733
790017
426553
-455063
641200
-374660
237238
-838464
245829
-62262
305988
43861
-69821
161890
1244585
