#SpinCore Technologies, Inc.
#SF in MHz
#SW in Hz

[HEADER]
@CLASS=	RADIOPROCESSOR
@FIRMWARE= 3087
@SPINAPI= 20191127
@POINTS= 128
@SF= 21.670000
@SW= 127986.351562

[DATA]
1397887
1261117
584413
585777
-85055
220885
-1469910
-5288
-689076
194902
-1567653
-102235
-229448
1055303
332175
-378882
1111896
-320227
664779
-788675
-353276
-1373019
230466
-504794
-421981
-502655
222045
978447
-237030
-576599
-397188
-329329
158288
-816363
-411359
-79427
-390381
1501894
-1198296
508082
313327
-164707
815529
-314391
872560
-232999
-74859
-681710
-271110
8726
531975
-1230258
-343468
1235799
-928798
-85940
1110560
1951497
802991
492309
557139
-537074
1775887
619721
-1832516
-1350134
-818261
1879998
1584384
-1481141
-653829
2052736
1762562
-59148
-1175641
-568395
-1814658
1590558
-273694
-987222
-1805911
1335911
-841284
-382149
-291305
-345088
262631
1379636
569458
-1732845
913828
-486886
540481
822365
580034
-1358243
824041
1773876
-45742
220900
453615
-273367
149014
898199
-734580
-94885
-1345544
500665
611981
-1118130
-722038
319622
1184943
-261839
1179068
1521636
-390654
-1096341
1390381
-258886
-495802
-924668
-2012823
-974369
1431209
434646
1175606
811671
1617864
-446646
848917
-1229711
316906
636930
-568939
585865
-472747
13202
-900362
1437133
-315071
-338546
1280069
-1347861
16228
108455
696464
-1288696
29166
-228988
-695172
-1358777
212436
643753
183670
1658503
842328
899174
368950
-130891
1426038
932308
-619307
-715047
-241692
-838545
99390
112068
238714
-247973
-1048344
440876
479011
-422762
625204
634042
376262
-209811
827721
217743
-805080
-442040
-1387727
163190
467128
-876922
370478
-580230
-904577
294677
1172043
-704641
-74521
-285101
36769
848615
-742341
902848
-520185
1453917
707902
553253
-438611
1106311
-567887
-270975
587840
-1820884
469328
484526
-1407039
-759810
536592
149020
954545
165914
-1180640
-411332
804071
-921003
-700005
-1877960
-904888
-482584
96857
-678320
-75307
496710
822696
219991
-206243
-342084
-818063
-2246484
173784
506622
-286629
-1246834
90468
30454
1288402
1215184
244834
339124
705992
164646
471769
-140523
-951619
-629272
-337427
-480523
-634799
945169
-737
334595
