#SpinCore Technologies, Inc.
#SF in MHz
#SW in Hz

[HEADER]
@CLASS=	RADIOPROCESSOR
@FIRMWARE= 3087
@SPINAPI= 20191127
@POINTS= 128
@SF= 21.670000
@SW= 127986.351562

[DATA]
16182351
-6491629
16744312
1724609
13486693
9510489
7245095
14497291
-1033809
15291262
-8402235
13058625
-12732440
7495939
-15229214
844163
-12166243
-6217288
-8355747
-10339184
-1883234
-12941114
5031433
-12315352
9233365
-8318426
11150549
-2549830
11361941
2231436
8356371
7585632
3659841
10617780
-1997627
9706942
-5610422
6818651
-8159120
4508203
-8387295
454754
-7724034
-3104685
-4660166
-6665656
-1039707
-6930829
2346205
-5336968
3815298
-3575025
5686388
-1583847
5844917
861889
3087386
3558557
2505431
4124937
-926892
4331093
-1094407
2687728
-2952827
2532568
-3276725
759082
-2988723
-1032955
-1853505
-1506209
-1862437
-2424161
-619290
-2216371
928571
-1683149
739376
-1383600
1330345
-841042
1074313
-751771
1222410
792077
1577211
1009735
522856
1059681
-211003
1610058
-658339
1206891
-887025
542692
-1143567
463269
-1540935
-152724
-153983
-703822
-129364
-1200887
86679
-1048756
-99743
-1587275
806546
-1228005
1510780
-905947
1664602
-36528
1522024
-61796
773012
963782
897950
1740611
-185269
1126096
-301915
409856
-1194163
367785
-1259094
-184663
-587401
-204996
-417779
-1369918
-516066
-289002
370394
-873465
371394
-581107
920812
-129282
584797
-159593
-128651
-413244
132711
162540
-257410
1045062
170033
1070102
171144
491338
287876
-102311
-358593
-598732
-181718
275819
228849
-373942
210160
-203812
-309391
-249532
-85314
728964
274298
-253673
764394
536962
37223
132623
-417349
865926
32159
-356257
189952
40514
-49281
-60696
-1329274
-155608
171411
-427265
-181384
469382
-115890
-263750
-716214
598953
-189272
118440
53304
481174
-413429
-524829
-758513
-589802
-571458
152748
287779
1054
-30342
237131
-995909
-573584
176904
-149564
167559
-82662
742628
55698
-715838
-1308654
-728572
-97789
588609
183239
284973
-173445
-61724
-326505
112642
-609481
-35308
421459
658793
-12358
595551
-161413
-207843
-525527
173130
-192583
58618
-457357
143704
-490684
-481347
-546765
-348103
695100
-262110
-371488
-694668
-440915
281352
-220172
-132168
596836
282860
-458597
-421617
-284753
-447562
-65690
