#SpinCore Technologies, Inc.
#SF in MHz
#SW in Hz

[HEADER]
@CLASS=	RADIOPROCESSOR
@FIRMWARE= 3087
@SPINAPI= 20191127
@POINTS= 128
@SF= 21.670000
@SW= 127986.351562

[DATA]
2166218
702509
753583
1333885
655512
1839294
-429413
208387
1456283
1383718
-190169
1084430
758445
1411396
-555457
-2023603
2339197
-399140
484871
599183
1559248
-664813
-215352
-2398029
1109907
-282013
2102205
2734208
-301198
43012
-162699
-34692
295391
1555130
1010485
-233956
1397610
411036
70060
-1194735
1234694
-295349
106647
-816579
446021
-150645
-1733274
-1209501
802058
235874
-462672
-2311956
1487683
325897
-882002
-583954
-184702
1424877
-921718
-2567987
1466643
320034
-645147
313949
142314
-325
-66534
-1071128
1473631
-621180
-197357
-245637
-756334
452458
-1390122
-1364932
1110930
759032
496323
-189171
-417295
402248
-1072917
-224067
1102616
945310
-21997
-634048
148692
1474250
-669707
-255488
-118011
-326374
65667
-482964
-423763
-781037
850400
132956
-24910
716991
-221152
905449
-97582
782133
905006
597838
1086716
-168217
404547
1398841
203857
1177575
299508
368482
-1480655
-560942
-562019
-482594
-1812183
1413556
691445
-749790
-1743614
136898
336908
-523599
147899
2218424
832932
-1081946
-883378
429639
254297
-1095726
101403
846785
35411
594108
-772905
275840
972452
-1067605
-39518
49616
772181
595698
-2575611
9592
-172121
-1155193
-1899876
-216442
579351
900865
-1388870
1226720
2033215
406851
-401589
462561
-565048
477249
507206
1162516
1756297
-434100
268002
1217963
199856
1030139
177276
340652
398859
-1491231
258114
961622
77247
353238
-273390
-293539
369239
-505510
314339
-1750565
-1378704
1891650
-854819
-524842
491188
402483
23567
-943362
932870
464497
-1053415
-296750
722327
-1372564
231789
-1781675
328822
-840734
-1025217
-463483
-443892
-356849
-206221
429836
433205
-1034510
1537893
837304
378944
47872
-60937
635209
-501244
-743305
80079
37097
-1132367
1140674
-29326
-318531
-1863058
-160435
797919
-1082333
-813602
495159
-459230
105286
-331178
-736831
-566515
-1015704
355456
824043
-1900589
-1691624
-355333
-752694
728804
399072
1072417
1110800
282283
-1600448
-893138
-801315
-293567
-543268
306691
677358
