#SpinCore Technologies, Inc.
#SF in MHz
#SW in Hz

[HEADER]
@CLASS=	RADIOPROCESSOR
@FIRMWARE= 3087
@SPINAPI= 20191127
@POINTS= 128
@SF= 21.670000
@SW= 127986.351562

[DATA]
-3480235
-588884
-5595148
-2467016
-689254
-4810503
1601046
-4252343
2721886
-2690807
5196570
-1345790
3456774
1413152
3159488
3406219
743573
2315998
-729778
3925321
-5451769
1619664
-3447028
329962
-3241528
-1364816
-2826583
-5066312
357581
-3439532
1630503
-3917169
3332477
21165
3270447
-897173
2256055
2474826
730023
2851123
297617
2859663
-2450119
1223508
-2221587
-165097
-3014054
-195487
-1794083
-2249268
-1467443
-2757241
1252771
-1195193
801218
-1367612
1463146
-993600
1346473
-720825
929503
1431385
741942
1415747
-1076928
1235454
898474
1439626
-1024557
70792
-1218413
-354324
-636228
98963
-915236
406849
755990
-889225
171650
-1305267
1965615
-1232861
486267
-1461543
407572
-1277594
460056
1166689
1538262
314344
38818
-164846
82255
-712531
-1287437
2869461
-96766
-639418
70416
-676426
694619
130106
-733237
-362975
227492
339395
666211
-424879
-562896
-815014
538464
-1713321
1133959
807841
-773776
-2082367
243782
-1171846
-747619
-777097
-460171
1026142
-808332
-122024
210241
163834
755261
-318779
-203636
-1296436
-818254
1471141
-768645
123991
407209
2205434
1321252
-314753
-650056
580928
798627
-714728
-768064
828402
-1971503
238873
558154
909501
409187
-310509
1233147
104999
-101837
-298879
-1045760
-845260
1094274
775928
661933
89449
-299139
548647
-151606
-1999602
-1058317
1302756
-821158
-615545
183564
-463605
142931
214502
-827986
309708
933448
-1716659
-760542
-1427161
-602029
410696
-488671
-83013
180439
2082993
-542655
-1384924
1173978
-808915
-1633392
1009549
-850882
447861
339795
148591
449879
508739
-1242316
897818
-415163
-925223
363566
1553992
-892653
1249460
991222
316141
175612
851312
-238903
-1381910
-589081
-901294
601331
1596225
-1409274
511441
616603
-84188
-390993
645672
-1712466
-882059
246084
880819
-1798212
-443460
460957
237276
-276845
-1451107
78538
-232181
-1727159
-336517
56369
-1717926
682193
408272
-182848
570788
653637
92111
1620250
850513
-778808
1019000
-214196
86329
579986
-91071
-338181
2007889
-1129090
-138798
-313633
662960
