#SpinCore Technologies, Inc.
#SF in MHz
#SW in Hz

[HEADER]
@CLASS=	RADIOPROCESSOR
@FIRMWARE= 3087
@SPINAPI= 20191127
@POINTS= 128
@SF= 21.670000
@SW= 127986.351562

[DATA]
5016916
1417689
4925502
6142200
2735536
6988090
-102711
5075278
-3544176
4324510
-6150371
1501904
-5747901
-1658127
-2584831
-4046565
-334474
-5164361
4323322
-3956953
5201009
-3210634
4931373
-63168
3925789
2498550
356723
4985584
-376010
6217312
-4046938
3508484
-4558378
585997
-4226271
-771502
-4209683
-1327049
-1472312
-3847461
2542952
-3303753
2543917
-1351016
2314729
-2497824
3582205
639509
1319540
1460384
1328801
3327417
-410268
2528335
-1696316
1545942
-2322271
-753094
-2300745
-534586
-518579
-534106
270942
-2184877
832428
-894782
1972349
-1544400
244297
-597835
70440
572615
-444656
1156679
2162379
1046409
880317
-82944
131115
-1797051
-386671
-734440
-1481405
930535
-520273
703000
1103677
-155477
2080552
-1262223
837453
-820139
333597
-2251681
-45302
637381
1190880
1499230
690235
77884
1761607
1752842
479330
1139379
-1445025
-905204
463582
427945
-1713094
2174994
-897140
918506
175095
-176119
-265948
367702
-16848
-501715
-1508711
1124979
1047748
-285857
251131
321559
-13675
319108
-768515
294452
-1383744
289859
407315
-988579
1161339
27925
-951084
270513
1296442
-2078151
-316442
-764678
943754
296457
859484
741018
1946599
1370180
253809
565745
56917
78881
-477880
-782033
-238685
1647558
776684
681396
50107
-746056
49990
-428464
-743927
-1400788
1564893
51231
-330882
-18105
-683833
-274974
1279961
1269797
692328
807003
-92268
-148371
-637289
-897262
257875
1093605
357883
-181942
-258806
-895935
1441730
212135
-1582051
-535775
-11599
-2089889
-1151600
472370
-975522
-394231
1210948
-1316459
1130798
-983281
427301
-1221106
626380
-710055
609352
1716841
1222344
2077708
-17974
460196
513025
430803
622786
150150
-2043147
974867
383827
-829220
-403110
-390404
-767031
714969
773419
-1663718
403524
-643892
-14776
-91961
-1273777
88689
509904
506236
-225908
947504
780309
-146596
1782584
-1265872
-1080677
1379550
-1057592
476413
-560226
-884561
911775
-694698
-688711
200664
-1268360
106572
1356849
625675
1277777
903142
1805776
-143791
-578484
-664564
622558
-1515355
