#SpinCore Technologies, Inc.
#SF in MHz
#SW in Hz

[HEADER]
@CLASS=	RADIOPROCESSOR
@FIRMWARE= 3087
@SPINAPI= 20191127
@POINTS= 128
@SF= 21.670000
@SW= 127986.351562

[DATA]
95099
-686875
-718890
1241946
1056568
-623506
34565
645547
682646
266567
-360504
1782897
-301072
658508
577281
-127003
-227098
-1219913
-67256
1185513
287857
119163
731551
1262228
95870
-1047108
18638
519092
-594983
1403562
2064472
848834
-1353332
604204
-3318934
353764
-965510
-88259
397640
-97532
692104
-142395
-1185930
331487
237196
960372
817980
-122547
237940
995510
-13652
2153756
-355454
525165
2475751
-810808
-522614
-910020
97609
1456045
709948
726043
668570
-1052119
578632
934116
724873
-527736
1566511
1430077
-784909
674482
959991
-478319
682790
122455
-107091
1346582
461207
-463013
1323785
-468235
165835
563329
-1014
1752870
-111297
-1069646
294304
536600
534655
806631
2236772
762277
-1144471
113849
-64253
-1850971
1170500
-42125
807022
-872221
166536
1531217
334041
-1138533
227336
-84648
1925060
-264694
-8359
254887
-141431
-1145294
414320
738572
333605
-570674
253558
-336419
-1279626
-394154
176851
736720
631792
-275915
232030
-1773470
-1773100
-927834
-187706
110708
352341
-941611
790871
-213224
-2411977
-552473
505755
1562082
792143
-373971
327445
-1824702
-964538
347167
60933
313867
-656847
-905443
895741
-1130924
-1152928
473706
-63539
708218
-115433
-7440
-627968
-1146252
388867
318075
-1367947
441931
-463323
-647024
-490200
-1231082
324572
943416
-549008
442074
706378
-577216
551816
-507583
1460457
-1018316
-97789
1175313
-525845
53824
-821886
448652
677733
-260107
-916644
1394364
196796
-460418
-219683
80690
17020
-1099872
28608
1916752
35312
-202194
609342
1476037
-971862
299813
-708313
1657350
-97462
-332029
-290592
515922
-316100
72669
918568
-688266
-193295
423111
-1143661
91586
-14940
-108225
1181853
465051
-221857
-411253
143316
1026104
-148416
1454425
520793
-1524009
-628474
-1141771
-202031
542548
-1337319
404016
487469
-1186013
-438803
-557649
773423
134819
-187801
2015583
911949
-631757
-1492742
-1172184
556501
-201043
472899
662688
907518
-612872
-1855030
-200118
-748495
-979321
