#SpinCore Technologies, Inc.
#SF in MHz
#SW in Hz

[HEADER]
@CLASS=	RADIOPROCESSOR
@FIRMWARE= 3087
@SPINAPI= 20191127
@POINTS= 128
@SF= 21.670000
@SW= 127986.351562

[DATA]
2636743
501994
3951936
1001284
1208843
2850771
134449
3161431
-1956412
2705200
-2968941
2516916
-3143081
-838496
-2492021
-1493999
-448323
-2351710
-462880
-1295709
3568239
-1764773
2043568
-644875
2395155
1462305
358585
2407941
1227197
3068558
350922
1389289
-2052645
840881
-3776566
-198681
-2299799
191410
-1053642
-1237116
144655
-2275826
1202957
-2351077
584194
-518649
1864059
-1234239
1498985
-654494
1287727
641952
414354
688845
146038
-85183
275272
110344
-1106826
-393932
-495135
73332
-1340348
-905931
788740
287146
-131659
104214
186778
156833
-566200
-176872
3030613
169526
-1877029
-29270
849596
1168972
-575402
929807
909804
1686970
-1954249
-346969
437414
1485201
-860445
505442
-2437523
1602707
-1342740
-1468568
710965
1261335
692269
-624086
198387
167777
-353255
-532775
-262818
-454928
227482
514933
923132
695922
-1060910
-775020
7315
-5558
-145357
1289111
7053
-751562
714428
47029
500708
583711
599131
-431270
-287559
-1498054
62447
-208361
105011
746142
-766927
1937084
1594607
-189171
1161991
-443368
-628100
2255502
-1125447
1113686
-587504
-227974
-434196
-470982
-1628649
691223
-579557
36633
-204165
312802
-202558
-1951788
-2793197
49369
-468107
-767040
537753
187600
204192
148906
-223083
-1801448
265716
-908674
-505235
1046369
665123
-428651
348626
-2000052
940754
329323
-1556029
-193063
352765
133829
941015
-2016351
-566340
955223
771553
-973389
-62134
649982
1170317
-1132087
467076
-301651
-275510
-1694416
-373671
999280
362026
766629
-382846
680480
1776901
-366082
-389812
-602426
286450
1396995
-422475
787341
337175
-480410
-303346
-133830
-831655
1057122
-2013402
792821
609502
1182600
568612
-1149191
-1379744
-1068157
-1363980
-124084
-443315
558492
485195
1406187
273719
-1102420
-1360622
-177098
-1213616
969328
-155203
1829324
477331
-1932030
-765193
-1421947
546078
-1504847
-625858
1274215
1187941
-816092
1013994
490133
1139074
-219494
-668645
-103569
953752
-615465
2400293
1081138
-153113
-330229
60857
-113254
682622
564146
-198271
1216411
