#SpinCore Technologies, Inc.
#SF in MHz
#SW in Hz

[HEADER]
@CLASS=	RADIOPROCESSOR
@FIRMWARE= 3087
@SPINAPI= 20191127
@POINTS= 128
@SF= 21.670000
@SW= 127986.351562

[DATA]
-5450837
813917
-5230851
-878844
-3850693
-5524952
-599107
-4474479
2660093
-6271880
4088161
-2196201
5072984
-2499041
4442879
1376229
3603709
1287470
2232473
5091639
-1209014
3963796
-2532611
3834852
-3185322
655986
-4593837
-343010
-1485719
-1665184
-1328860
-1841225
666071
-3115292
2535019
-1812810
3659377
-756447
1755395
-152683
2888736
1928579
433225
2452177
-179781
3261812
-95137
2126296
-309451
1562833
-2326656
942424
-2326273
1552243
-1544509
-2066363
-663591
-1794090
-137587
-597260
-191325
692395
2984996
-950782
1815508
-356815
-99286
1623249
-283555
1332487
88312
-149203
-130588
1274386
-1656513
87637
-1994869
-8807
-1372393
-116940
358828
-438714
227289
112559
-1809766
-615584
-268301
-293300
1790287
484422
275510
-19935
-793585
-741179
379724
-794634
685771
961139
183950
-468555
11426
76447
2025865
-1420048
-1152148
1479238
-1532028
-1121619
249381
-1315080
1037338
-982371
-4980
-1094017
177299
-1605935
-256816
-1598862
2718916
1153232
273506
-1043184
472541
-1007368
1532759
-776383
1912692
960320
-724597
-1306213
-173806
245116
1388820
-517899
189679
1788482
-371181
-1457956
364354
-520983
1808395
-76223
-214235
460995
740483
379058
-24214
-518674
443965
-618621
-638464
1110701
389727
1743226
-52970
315269
-264249
1859642
118579
432654
214793
1540738
-533394
-764158
-600836
1587097
-1344155
70943
1317180
801289
-40970
-374408
-772128
611677
-1199258
-187439
-194300
-547667
-365035
-867181
-633087
210710
-589317
1673356
94847
-792420
2159848
-1003471
-1094999
434249
782500
-465221
1157067
144302
3767912
-542514
-1300383
639280
1190559
621114
892744
-734608
1594641
105609
-1354984
-551083
384426
-617197
186784
1424392
2149950
224665
281065
-1423296
745576
-1191746
646758
760240
419307
114476
458405
-1351048
208520
313471
-471388
838548
1280679
656454
1622200
-990785
-85253
670296
-1643513
-904733
1331793
394156
1052358
272139
-43783
471230
-104366
-108102
-462788
809538
365326
-62609
-338871
-1761855
-1530479
-3554
-391240
1264305
-1295301
1553090
-1646691
637843
