#SpinCore Technologies, Inc.
#SF in MHz
#SW in Hz

[HEADER]
@CLASS=	RADIOPROCESSOR
@FIRMWARE= 3087
@SPINAPI= 20191127
@POINTS= 128
@SF= 21.670000
@SW= 127986.351562

[DATA]
1892686
857098
537878
-905621
-482416
-876841
67276
-471180
930454
1320509
-1171531
267686
131006
-575231
-1072322
617467
415348
-755880
-173748
-180828
623004
-1659426
44652
-804268
1040888
-195095
1020018
-2750
-1134338
-1149784
-630326
51987
-175812
99758
343972
-546385
-1838577
-41513
-1615168
-1366078
-286497
124280
661398
-345334
-269243
-981130
-359267
-679673
1742701
1140060
911957
-611345
-1033105
834339
-1715227
-2055589
-259502
393267
796210
-748770
-398009
608304
-1361585
-1654514
231502
-892503
1601080
-363495
-941686
439221
-207202
372032
-363856
830856
1320803
-671555
178903
974782
374035
-340557
-28266
1302720
1363142
-769422
558076
1270815
-828764
1113511
-980840
-841535
1147613
-659826
2632786
1156693
-905850
-442423
-1840024
-303717
531693
-439628
1169981
-1338552
-1093624
-765975
719741
-156143
640183
209101
398031
1684006
-20788
1238422
-259234
35212
1349990
806754
-133319
-389289
238312
750379
-280532
-422875
1609502
-117681
312985
265663
585151
920955
-1181249
313079
-34490
335213
1295984
301124
-157109
744403
14434
670403
173507
-228320
802189
-851934
591218
-604142
719140
441961
-1563800
193644
1752149
-1918728
-839908
-79468
-19556
-25671
670219
-201016
1070697
178562
227005
1170294
927277
-254578
-670584
1188872
-265164
304033
-159844
-347809
504002
1509222
953168
309270
1411136
-183357
104267
9187
966806
194512
50433
1264869
883249
351907
-184857
546374
-711447
17881
780480
2069440
1141820
-378115
-145713
564525
391164
689569
1825008
1330273
685875
-1053089
216578
1093932
-739295
515162
720229
2015503
-424264
-1401867
-499174
936272
241838
1113757
1379687
1264080
-515734
-1739479
555297
1612806
36109
-364343
-612856
2097423
-4095
765049
1142568
601040
-969573
2047715
613922
1680032
-1325194
-1337207
1140188
398577
-1090043
809591
724000
518685
-227258
656198
559838
68417
-847770
1826757
932443
1204680
-767128
179232
-200679
342642
584748
1733001
-597762
97691
-320082
383647
-331640
826303
