#SpinCore Technologies, Inc.
#SF in MHz
#SW in Hz

[HEADER]
@CLASS=	RADIOPROCESSOR
@FIRMWARE= 3087
@SPINAPI= 20191127
@POINTS= 128
@SF= 21.670000
@SW= 127986.351562

[DATA]
17413963
-357447
15514120
8158350
8944335
15217978
-205482
17433783
-8528336
13531461
-14262139
6681314
-16120072
-1090815
-12800771
-9195462
-4955650
-14367153
3125122
-13893380
9746439
-10957925
12732458
-4359962
12132367
3029055
7999610
8915152
2662021
11418531
-3536832
10284026
-8191722
6870985
-9919639
1304202
-9309436
-4156386
-5619649
-7693888
-1078531
-8613440
3594155
-8261853
6268991
-5844449
6983913
-25408
5091099
2860796
4202907
5162295
117164
6317586
-2883633
4145252
-4482619
2982273
-5069653
838658
-4315657
-1917593
-2374042
-3118981
-206569
-3753579
1920428
-3135125
2255500
-2506799
2524592
101852
2293961
1207174
2014063
2702805
1320089
2451941
-540700
1042866
-1223040
1098132
-2709935
1030838
-2429432
-114461
-443391
-753620
-762897
-1382164
340078
-2322974
268684
-1773361
709781
-342134
761913
-633974
1582528
195356
871103
600283
435228
495134
-461813
1915470
-1007631
1302302
-968310
992137
-466498
-245146
-1127231
-234363
-950262
-1638171
-781094
-771135
397808
-58962
1194952
-1055470
1760718
-466785
412319
291513
763333
632157
-141051
1348612
-440443
1218549
-466859
638511
-143662
152170
-1601968
-994479
-1061510
-1628368
228714
-1035025
237669
-619481
548464
-1245399
995697
-509540
1019952
591367
1061865
708685
268699
392223
-350174
857409
-376466
591163
-783440
-356783
-717353
388791
-505689
-1010396
-662200
395095
279000
-667933
434947
-789299
496990
-473178
216318
-957539
1552581
442637
-63811
62205
154717
553606
208559
-317017
-283449
421369
-431020
595763
-394019
-470975
251391
169834
187690
145976
-137783
-216832
182754
-760890
185381
102639
261105
-323862
426550
338266
921357
-722849
526004
-71983
334152
510213
-469833
128795
216869
763244
-557173
-108609
96942
86067
362683
-734999
-1034438
-13355
77260
-391286
-774347
102430
-104138
-422790
967940
48158
632642
448286
43956
365161
667124
31368
313716
-260386
396729
569993
-526505
-190720
-358692
563897
74177
467446
92618
137896
689742
310127
-538283
160946
-89955
-358385
107599
236466
-1068101
-500274
