#SpinCore Technologies, Inc.
#SF in MHz
#SW in Hz

[HEADER]
@CLASS=	RADIOPROCESSOR
@FIRMWARE= 3087
@SPINAPI= 20191127
@POINTS= 128
@SF= 21.670000
@SW= 127986.351562

[DATA]
5427570
1317814
5722903
2798509
3504837
5149861
890033
4349280
-3178984
6102310
-5160393
2330764
-6478094
-1014906
-4267634
-3576537
-2576130
-5217329
1909457
-5447642
3126344
-4235632
6354154
-2857216
3628867
-323157
5853576
2909135
2245635
4421480
-344763
4050090
-1184058
2367903
-2560364
4441486
-5178362
-271521
-1863727
-2058406
-1109978
-3573330
1241682
-2352992
1187407
-2697508
3128966
-1364910
1959513
470910
1449313
2373271
1073961
2473356
-360934
1784762
-1230593
828433
-2119341
1564753
-739119
29264
-1793017
533079
-990488
-1971887
-1333767
-2512530
1911905
523173
377108
-1413875
1522733
-374957
1399790
374464
995642
1634968
291705
266082
-27562
1232920
249609
507893
-919970
1380543
-1826872
1684641
110308
771084
343351
464205
-973673
-673560
431626
-491718
-431899
9253
891430
1948068
628558
391983
-205865
-1325429
-1917898
974279
-724183
1439290
-1985356
-19512
-564761
-325484
-578090
-1214572
-1391038
-740479
-1267136
132294
450181
-589135
819724
-1040177
885468
-1612399
800170
-519581
322725
1158777
1837811
101731
453999
296996
1772800
-776027
-1044163
249743
-84704
1017578
445131
833863
684824
988709
-322971
-728474
-271771
833977
-1062195
527392
836880
1133502
-740960
-761159
165623
498394
-1317153
473517
-457937
471997
-750307
1495275
-60336
37405
-1154412
-428782
-2201357
-582592
-828935
-639897
851002
-2458390
-152208
-1479976
-390100
-2982839
292824
75380
1404754
-376211
1125336
716171
263501
-2253992
238982
-79562
-478567
442270
-126976
1085265
2430190
348532
1177877
-74567
-2016145
-1052551
-712152
499519
695834
2367258
1291904
900290
27898
-588398
-194617
228427
38673
1627976
-341044
2124338
587881
-85599
-521412
-1723904
-929091
-107846
-2012765
545301
-406334
471485
-77459
-986358
-937409
-725972
-970864
-1558490
696747
-897009
533606
-557075
361740
-885674
222841
-518817
1127131
197783
-518777
1820116
724526
433617
69856
-926903
446742
-11298
-273123
198934
645541
555848
-255624
-170906
606115
644797
-242517
814158
637903
-112234
-155556
879397
