#SpinCore Technologies, Inc.
#SF in MHz
#SW in Hz

[HEADER]
@CLASS=	RADIOPROCESSOR
@FIRMWARE= 3087
@SPINAPI= 20191127
@POINTS= 128
@SF= 21.670000
@SW= 127986.351562

[DATA]
3685892
-188682
2913849
1097656
2053122
2909767
-1420045
2461445
-475547
3756805
-5098692
979921
-3709998
630818
-3205634
-2240734
-934115
-3592598
-1281819
-2882375
1313598
-2549734
4036946
-2254895
3942627
-579876
1678283
561596
1475845
1497930
787408
1636152
-2495521
2640270
-2263927
269520
-3758413
-385009
-505103
-2438314
-1191784
-1527345
1362449
-2266492
1451417
-1824518
2510661
-794028
3647269
425729
438131
486712
762296
1393547
-728992
1006377
187478
424927
-951425
1354079
-2206141
-485374
-368646
327229
-57454
-113306
69327
554325
-947930
-488910
-193780
-399605
367697
118467
850082
686192
-442000
-166797
564656
-384159
1171140
1004090
404292
-622509
-864430
198354
-24365
-2533661
551401
1992651
68089
56241
388671
-1777375
1049028
-335620
619577
224979
407201
-153264
522946
-850796
558517
411832
-319463
2760553
-1147225
657972
105880
-857242
1206347
-419890
-1354109
211044
941780
444435
400411
-2104320
1718662
-1715547
-1801296
829016
-509507
-1532184
343471
-312216
1197531
-526650
-114748
349282
-122510
-748397
-264767
-241903
-179768
-47272
-480131
-463165
781320
508643
-768643
-1070087
-565423
325731
107088
-690924
632627
1444364
67010
-769995
-248110
431341
-61692
-76331
515338
705372
-1320884
49676
-18197
-406183
-732273
797434
-882229
-1067955
-416253
737034
20009
-137763
615299
825443
830059
-1429959
701075
347356
-490484
201438
847796
139475
-402839
-197190
-1244462
373543
-2327189
-72489
-476717
-380712
101529
754075
209082
-430260
-834364
218726
-122510
2367073
484610
-629114
-570847
-527285
-1112623
59296
-1553464
390087
177819
-211464
54545
7528
-1058731
-992139
-2261283
2462071
822947
-264006
162499
35829
-325128
-919860
-532823
2018540
-807726
994934
-837089
156153
289497
-1210716
4029
-801487
-172546
1466330
223546
-177287
698554
-512423
-922879
-1941374
-92785
1557494
-259936
193892
317241
-1779603
-2704957
-384807
-285504
735579
-670775
347947
828095
-870692
-476036
-487249
-241842
-571931
1362796
407830
-988617
-1383868
