#SpinCore Technologies, Inc.
#SF in MHz
#SW in Hz

[HEADER]
@CLASS=	RADIOPROCESSOR
@FIRMWARE= 3087
@SPINAPI= 20191127
@POINTS= 128
@SF= 21.670000
@SW= 127986.351562

[DATA]
-6467114
330921
-4184150
-2082328
-3264181
-5054210
325370
-4359472
1784379
-6294314
4960275
-2580409
3799127
344842
4612763
1496042
2731710
2711090
1631659
3829657
-3108195
4145544
-4321969
1317065
-2756373
-101286
-2651679
-3329425
-736512
-2254125
209148
-5394624
2237197
-1452390
2656492
-1006158
3714485
683985
2371586
407030
2230418
3502733
-678064
2638903
-726145
2954155
-1964706
1346089
-225089
-798839
-1921317
-248988
-608604
-252453
998639
-2101890
2606040
-943770
1584635
-1981001
767983
2175921
2341994
-71066
836111
2132611
-434452
766928
-1209898
2225538
-53268
-36674
-1224267
2058049
-1398603
-873523
-139412
-251644
-640887
-702735
24235
210288
140161
-960877
961871
-346496
637920
1074328
-932308
589416
41611
823563
870107
263173
-112358
1738710
-880893
422250
-146884
-1090978
-652648
702339
-155156
-184814
-1130588
-19157
1628676
-1164087
199027
-246474
-2115789
57501
-869162
-43853
748529
-23697
-1290609
243605
1381080
-1007947
76195
-1645073
1272311
318465
-897797
-449210
178245
-533387
-710162
-298917
1252863
-1046112
-988293
232609
1259234
-463922
-748089
-903447
775822
225648
-1276039
-96565
-190334
1436324
-741289
-381335
417596
972875
-2307141
736192
2130540
1045035
-359306
-1674473
-243550
-1300442
-127609
511656
751939
870602
3081
-2842
49212
-671892
-1211969
-1323845
455903
288916
-507591
-883321
819047
-762192
-944792
242522
-6553
880282
-928792
-505957
235474
172346
42927
-794065
169892
539595
117248
285141
1081360
222073
-68141
558948
1051498
762233
1083090
105203
-757616
-297813
657698
-1260755
-937199
754790
864215
-272738
403120
410125
1319782
463565
282330
1016317
67212
-741377
458618
383157
1084190
-737072
736752
1098481
-406854
-317432
-102274
156956
-1055475
1102174
-226865
1150215
100745
-1096459
522466
-71264
-375526
1058015
51991
985129
851383
-371101
1135801
26284
-1639823
105918
-1493884
-55893
2169611
-126007
31297
-378473
-385389
1086691
-162690
-772805
260969
757099
-260369
75481
-695630
-782035
207240
1002048
