#SpinCore Technologies, Inc.
#SF in MHz
#SW in Hz

[HEADER]
@CLASS=	RADIOPROCESSOR
@FIRMWARE= 3087
@SPINAPI= 20191127
@POINTS= 128
@SF= 21.670000
@SW= 127986.351562

[DATA]
-2258902
487003
-1800620
-1217581
-2862962
-3649210
391312
-5685254
800463
-2348252
3040267
-677149
1006328
-348865
4096665
121966
1325112
1228961
-148011
2630270
-774256
647210
434470
1427431
-1575997
-1265949
-1906922
-84219
278874
-1115946
1869166
1028517
2007148
-1080801
1230210
-1769501
945727
170801
1089802
2051034
816304
1998415
1055117
438537
-200361
1891188
-2417390
1134264
-3030792
-341361
-21873
836617
-406128
-319435
-1740848
-1808318
-825959
-366323
699478
920627
806674
490330
-755660
-683425
-616168
-973909
-1204936
605728
656930
-252588
-1191869
-356134
885582
-1903343
65371
-296305
59515
-779082
-419041
-166969
1569646
-239530
578099
48755
-51633
-815348
512606
-1186516
853527
-708912
789145
1002304
-103036
-882493
736412
-53232
1069084
1410208
683601
-149429
759917
1443686
467205
369712
-1044802
84276
523202
316402
31256
-492370
-307470
1025339
-1633162
1372760
-1437549
58495
-722103
-224041
45734
949312
-1296550
51976
-759894
-1215941
-187440
-1022426
-1321187
-358390
-329440
-70430
334653
-899882
-342977
686309
1383374
-491919
86670
562836
-341908
52025
415254
-777237
1209100
-533864
565324
625671
587571
-80666
-202448
-797845
-286923
-1155952
661732
348299
1005781
-1768771
-809640
-889017
-839402
31634
1031509
-29956
-98409
-1090906
259123
-1842109
768720
1383468
-393775
781456
8793
-392321
-34732
-198535
-757724
676255
-697357
553847
-184924
-668238
-435250
707269
-2398522
-735381
861130
-124175
-44080
438182
-670011
1105950
-201012
269214
199847
430138
-794812
-1665177
-1185754
4228
-580532
-385702
-852070
485143
1101977
-229805
-635426
-1003837
-1194528
673798
-728412
-1428182
991204
-774023
1133452
-758337
-1020930
-785758
837267
-1492773
377425
-219482
879849
-22722
-319542
-125240
839961
132596
-578186
-327896
450507
832612
899251
114384
1408990
42848
79463
-489779
-644351
516327
1414112
194107
457775
348811
1038105
152962
-752775
-221619
1158925
-241925
-338099
1034511
1306459
603337
-780701
-602295
-647670
369403
