#SpinCore Technologies, Inc.
#SF in MHz
#SW in Hz

[HEADER]
@CLASS=	RADIOPROCESSOR
@FIRMWARE= 3087
@SPINAPI= 20191127
@POINTS= 128
@SF= 21.670000
@SW= 127986.351562

[DATA]
-4403973
1225148
-4012714
-2508639
-2522365
-3757449
-1067856
-4313784
1535770
-3156894
4977582
-1153874
4547794
-229001
2961890
2383157
-60216
3698612
263868
4617872
-3244150
3512964
-2943132
-741408
-5374546
-2440595
-3903283
-3036723
-1919697
-4502349
2260447
-2535806
3893507
-3262216
2745372
-574716
1951307
908856
1398765
1718358
769265
3918826
-324788
2636280
-1518343
1717768
-2508271
-977301
-1840295
1010366
-918792
-175012
357015
-2972103
2428346
-1124662
222280
-1626814
-1139649
-1396727
1716855
-94001
1322621
1667298
652413
1110532
319585
-1362246
-1028647
1862483
-612648
1063678
-530697
-30372
786149
-1137529
-1163468
137172
-514053
-1064453
-275440
-1085968
839380
778031
-220516
-1488943
-916278
-763235
-150568
987143
-1289203
940646
1034596
-33506
-538629
1353839
-957264
-1383707
-75988
-662215
-209862
949676
138210
1364019
478577
-286636
1329016
-2165929
-913029
653227
151323
-562310
664830
-132127
1158347
243448
286564
604961
296966
-859149
-345536
505357
-1305353
714338
-720975
-479719
-357581
-629795
-1068967
-677203
-1775477
-332544
-971697
278212
925128
1077962
150529
-976994
-758779
-180310
-1784351
-74774
1161012
1230937
1046944
1232132
1420520
-84750
-477907
-732821
-40726
651801
-184756
799375
1106510
-284061
1841594
926586
-1076417
-1075536
191493
-297732
-2023601
656449
680158
800803
-27572
-207901
1216873
-997196
-82534
-116338
-243605
957806
-679698
-319901
746113
91722
-799044
56376
-969509
-153867
-195173
-237871
142964
958377
1466442
-550159
-481811
-1336547
815872
-1021924
563986
-400902
-231600
1084842
938974
-1525060
1060143
-7319
118494
513534
-696499
-342211
-29043
-878791
795776
93048
-176168
-1071517
-1348133
-147246
-1107438
-145049
-716013
2330937
824485
-1157171
529980
473351
-112569
-1568292
-1253697
-1130479
-305720
-1114796
886667
921982
-305543
777400
108613
-2607119
661667
1005596
-2540169
-577734
439297
-359223
1164484
-978653
522830
749699
-97511
-122602
820988
805558
456350
1033267
201995
497162
68864
-494336
-417561
288332
-964028
703588
