#SpinCore Technologies, Inc.
#SF in MHz
#SW in Hz

[HEADER]
@CLASS=	RADIOPROCESSOR
@FIRMWARE= 3087
@SPINAPI= 20191127
@POINTS= 128
@SF= 21.670000
@SW= 127986.351562

[DATA]
-4022325
-558879
-5532864
-2048053
-2317118
-3170036
-1363042
-6364561
2663289
-4612944
2863888
-3215267
3998012
109129
3520782
2976559
3880445
5685714
-498361
4217830
-1733667
2751265
-3009885
3638613
-3380449
1509913
-4431014
-1001718
1133641
-1990956
-487719
-2872115
-88332
-3645786
2899718
-1894572
3389550
786701
1285629
1115870
1902630
852626
477358
2524363
-1758493
2846861
-1870805
236200
-3697189
1653720
-1293247
485420
-1112258
-2267865
597653
-702848
1222584
-1154873
1404685
214930
874321
-216408
1381108
632136
927676
116557
201495
341714
212670
10283
326205
1481491
225662
-679971
-553866
-14206
137116
1224819
-2646412
-352464
60288
634583
409561
-1504960
1258596
1191002
-1082719
-730172
639243
-211628
-281562
1476071
-1319705
-240873
-429273
-839480
-654373
-512951
548979
2080214
-715758
1121199
495495
-1209240
480342
420605
-548879
1556438
-1514539
-981337
2491533
75741
-28926
-1216236
-1699719
155288
1192615
-161102
-206447
1089260
1242093
1522834
-289836
-119460
800076
492794
-2654355
136081
94854
496612
-606806
-1681708
1269327
1486827
-1775635
-2045968
-148936
500560
862261
-608297
-690222
1145370
1552063
-807265
1014097
1902960
694971
-456555
-1017522
239287
1430045
653230
-433657
857531
-829773
333563
463100
-1610727
-737455
1404677
-769690
-61776
1851458
-1729147
2554212
-51305
-2378562
-780950
1075475
-1239623
874188
-1174278
-252980
910268
-232450
-1449003
458319
-453059
377566
590785
-2334078
-618413
2180833
-451778
663214
732676
-1927198
470574
212316
-1500196
1066260
846512
490036
1267436
-480148
403780
639461
46274
-780362
1687226
80969
-389735
-269372
401414
1572024
388474
222526
-213939
-612295
255315
1104263
466771
432897
1485068
-102391
-1435340
-463727
-1480505
446126
546121
-206410
285732
1614508
-507423
591692
305024
-766443
1080894
-1086611
-112452
86199
631366
794760
673071
-432780
-970630
361963
-1872658
-1116498
-510769
-533912
1268503
-813521
-662674
882420
-549053
-889073
657443
-444507
-195214
-1235337
1151754
576995
86900
-387977
-226698
