#SpinCore Technologies, Inc.
#SF in MHz
#SW in Hz

[HEADER]
@CLASS=	RADIOPROCESSOR
@FIRMWARE= 3087
@SPINAPI= 20191127
@POINTS= 128
@SF= 21.670000
@SW= 127986.351562

[DATA]
5586019
292809
3186880
1933127
3169036
5149492
-964886
5330946
-4373703
4481422
-6139910
1156362
-4840156
-1654163
-3197124
-3716846
274207
-5312639
2062604
-3913038
3870928
-1866062
3923944
286627
4222614
2134624
3647266
5403309
-416682
5307038
-3613523
2998981
-3345825
2825722
-3317554
-1091818
-1613776
-1810728
-989537
-3215303
-367800
-1973665
2360324
-3250415
3495531
291404
2572932
81174
-362523
2157270
890807
2279820
-1100082
2663919
-1645251
-287342
-2448041
62502
-2144316
1114798
-728676
-1860577
1878051
-903634
1051674
-1824050
-398859
-271407
561602
-1210752
2334759
1364197
28868
1679533
83638
307873
296582
840543
-1166850
786317
-830185
1014976
-627751
-363010
-192931
554676
-177788
-857768
-550704
175737
1632709
-285739
229091
-1310139
-402164
191263
126932
1089017
-630157
1672840
-141343
1036344
366421
1304910
16179
-792457
-784459
642611
-438412
451934
390957
21996
-1074691
-53076
-405812
-924417
103862
-429111
-305483
78807
-37374
1398339
1278185
-734822
986754
-1518236
888516
-106621
-812198
-418193
574091
-6127
1048612
-1056576
250659
-772866
-96822
-1560365
-1154382
332507
767515
-20634
778878
144927
1040760
-977935
-149372
-464041
-541647
-226585
-642975
924805
1074276
129896
-806099
590668
-184889
1096777
-644551
-1461310
-264392
373597
-669361
-960266
970165
1201053
11736
-943822
-1481879
-822139
-1344494
-231267
267744
958047
296673
-555842
426433
-22185
975411
-1790039
-465975
421049
888862
198122
-842784
-887830
-179599
-1141989
639997
412312
963061
1157693
-579959
393835
885277
238688
-665243
-282487
326045
-268853
209334
1230992
492775
1572809
-18211
-268924
488347
35668
-312835
1215384
-706067
1353815
-442737
-719333
638654
996927
293804
-1373691
-1363746
731363
-382829
-754693
38062
-100035
345700
-375534
-985299
-349275
107901
689102
-936
-385735
-867993
-1068318
964006
-325058
-352695
903929
-371633
-764907
-1134149
1215742
1769518
-1186831
-571461
-1096899
618225
33714
-1421102
-164829
670095
-1595748
-277041
452216
308498
538447
