#SpinCore Technologies, Inc.
#SF in MHz
#SW in Hz

[HEADER]
@CLASS=	RADIOPROCESSOR
@FIRMWARE= 3087
@SPINAPI= 20191127
@POINTS= 128
@SF= 21.670000
@SW= 127986.351562

[DATA]
-2699085
100470
-2386785
-2004874
-1587954
-3535112
-105928
-3231663
1572663
-3654790
4283169
-2050044
3720126
-28591
3286258
2467632
3746401
2769406
571782
2257528
-376594
2460080
-2537101
2576130
-2196095
915594
-2592382
-1134865
-973908
-2583864
-433527
-2941259
1234362
-2885257
3403318
1164075
3792756
257304
1642136
1470543
699563
3228159
349370
3044918
-468815
2829474
-1598354
304986
-2118386
601974
-568351
287622
-480469
-233762
931603
-1894384
1229266
-894622
-67808
80327
1569978
857423
2067118
96431
1451713
165028
237264
2346526
-1282757
2148957
-672777
1522580
425266
-74734
-1644368
839913
-1570763
634985
-873962
137329
2177534
-527012
-638438
-1081554
-1808505
921408
-73817
133132
1471275
327873
-317946
-260369
-1493763
719361
-562903
-512220
437752
1255676
-1228192
1554035
-1849157
-1428794
-370868
-606724
-534670
2059507
-789724
-475659
36565
-2396819
835409
-1712001
550111
299957
-532694
-937233
1857206
-863194
709832
-1355524
-1076243
127892
328339
470624
1229828
-1350408
924288
-222519
-3088044
85098
487577
-197421
1256485
280641
701148
1210819
-1841597
80514
492315
159484
1844393
-93691
1665746
88423
-1659686
-294894
-238143
-268793
1833196
1199977
-158725
612350
-942177
-418244
-136671
-768589
550191
1502961
-1441085
1718114
616402
103570
1085009
206366
-119144
231786
-1290040
363870
-1470205
246574
-204018
748604
-197119
52116
-1458702
432623
-438710
-504348
-322807
55642
1656295
658406
-344754
-1138760
-1171035
539590
565046
405431
121760
1464311
-1576184
-1724869
614879
-850295
1106565
528143
-205467
541707
153436
-1394090
1064781
-1060246
386436
1483658
866494
385779
-368717
-1465969
1594306
1560820
446716
856915
1186946
-134439
-112430
-945544
1655226
1581315
-5375
1091886
1338433
-750252
249072
-569422
564270
2469479
656470
1726422
111137
846001
115323
-201131
108973
783433
-267186
1472822
-501575
61062
478150
-300105
-143140
85539
-1986469
1371905
-768283
53386
-175673
658033
-518225
73635
-1293749
1044193
1070963
117417
-1257939
-341818
