#SpinCore Technologies, Inc.
#SF in MHz
#SW in Hz

[HEADER]
@CLASS=	RADIOPROCESSOR
@FIRMWARE= 3087
@SPINAPI= 20191127
@POINTS= 128
@SF= 21.670000
@SW= 127986.351562

[DATA]
7582222
-910233
6099694
1740390
3379292
5931329
2521694
4940358
-136595
7064041
-4920443
3082065
-4440883
159146
-3874622
-1538681
-4255079
-3342946
-657684
-5391508
2075996
-4681496
4408819
-984807
3387341
720824
3057225
507869
3211361
3292122
2140608
5355661
-2745775
3777726
-3268814
2021651
-2832253
40021
-3077279
108847
-3749855
-1858853
-129554
-3679834
1445194
-1505993
1741463
-1209459
674880
-3230438
1749627
-669078
2034143
1177977
95520
2041786
348870
801174
734553
571063
-1274605
1804355
-3181914
-329330
-1933802
-2161511
613031
-785553
-935262
-287384
-1361317
-112722
1089947
-2365536
1571306
-85253
1271253
-1846688
808774
145257
1782641
67313
429889
3391444
382178
129859
-1734107
-32145
19981
1634544
-931831
426894
-450552
-460878
-10824
-2105618
-295738
1285379
-661015
-419890
484463
-185892
654229
-1374699
-767255
1061245
-1361911
257034
662785
-732162
1767249
117878
-1585755
912489
-751682
-866098
1273731
-53539
404616
301650
-1873657
-180544
-486611
-1301607
803366
-885508
2004227
699815
-67184
-305474
-1065230
-1510290
559114
-1495755
-973960
1383966
359124
423913
-566815
-280020
776831
364533
-1570429
-277200
-134390
-647683
764834
-321015
770393
1009781
-1899441
123505
-890216
-590465
245510
-1439049
369374
173706
-725967
-476100
-885768
-1267897
201740
-296014
-735913
1647820
-1763991
-1030471
1874486
-244219
809953
-377309
218744
802840
1341571
-672919
1795280
337745
-494217
606222
-559742
-397339
1220690
-474952
606468
-83165
-546938
-1134125
56117
701042
161626
-44564
-48106
779951
-881185
-1297861
1043133
-1249543
553331
702120
877136
959883
-782360
-586808
-908037
-983134
1452859
1195065
230522
-265305
-13678
-18997
637942
905107
-86915
-423269
-853566
45445
113802
-422572
61407
-77071
-449497
1218724
-383912
713522
673723
-423685
-1171789
-359458
-1037739
2419249
391075
-331764
41996
491685
-418256
-486509
362186
1685425
21693
-443670
-98460
-478626
442759
-520281
-1252960
1253626
188321
-946627
-1067722
-759096
1301871
205856
147266
-444970
