#SpinCore Technologies, Inc.
#SF in MHz
#SW in Hz

[HEADER]
@CLASS=	RADIOPROCESSOR
@FIRMWARE= 3087
@SPINAPI= 20191127
@POINTS= 128
@SF= 21.670000
@SW= 127986.351562

[DATA]
2296546
-854830
3324002
1912407
2046609
1302369
538433
2642761
-290534
3581620
-2904467
3291393
-3769606
-113861
-3674038
-1376964
-2213638
-3752183
-1496179
-2409891
1240755
-3188618
1897709
-2044461
4234771
-1208672
2136380
1781553
1911995
2028381
714999
1800777
419473
2583657
-1732840
1771872
-2676406
-182759
-1129269
-1249401
-1244352
-281354
1301978
-2732635
1483117
-2121335
1948054
-1411844
907087
1026582
1048686
-447948
1679682
441292
823340
1877715
-744108
833019
-496024
858814
-33999
23850
-828785
396946
-261558
875372
-412800
-1644770
62838
-1030596
351944
-614634
-404233
-1117875
1561398
-28467
-229004
-143059
-226476
659096
453224
-38543
200302
204023
-325381
-116008
-185429
837356
-387438
-101447
55498
-1354843
-472412
-846310
-133257
131042
812936
549902
498105
-2493146
302706
-329973
717283
-216476
1266267
-340233
-251955
-512234
498691
-512210
584443
261737
139774
1132155
-454743
-268289
-280026
-677112
315429
1101779
181693
87376
972687
70200
-809165
-630590
1238344
-398132
-794592
376247
1862643
30721
-447769
-312134
529528
1286544
1041244
697697
-681309
-247373
1496500
1067395
387044
302389
-404771
360721
1279516
-512326
-1171126
-227812
524060
170624
612067
658902
-320307
112008
-427082
-257711
-137035
173928
-903620
-1155073
926794
78521
-39383
133191
601707
515611
-903730
56737
204776
-9644
-1129101
148120
827644
-2103177
-1725961
-704989
183169
373692
-1041897
861611
-99014
-1146438
352976
-158287
-488692
-500982
-1447651
-35122
-218865
-984821
-373304
-685069
-1181741
526965
-862984
-1352100
-1050204
-153149
56047
-596751
-121201
-528700
-1742558
-1674036
286592
-369672
73999
-554888
315206
-794817
-1362495
-1724025
1364398
-329133
369581
-326612
960072
-105522
-828195
-1644188
-649289
-590065
930742
-550576
-197092
-1299315
-49770
-999246
-214690
-957177
829492
-554225
1608321
1889458
1033513
722332
-1451419
540996
281653
316307
1805714
1260449
209574
-444754
342983
52825
276289
-53522
1619978
1423840
1369480
-371642
481230
-286609
