#SpinCore Technologies, Inc.
#SF in MHz
#SW in Hz

[HEADER]
@CLASS=	RADIOPROCESSOR
@FIRMWARE= 3087
@SPINAPI= 20191127
@POINTS= 128
@SF= 21.670000
@SW= 127986.351562

[DATA]
5917137
801742
6015803
1831516
3214340
4278255
608793
6388080
-1753213
4145625
-4226378
2603240
-4110860
142850
-5519912
-3006445
-3403934
-3887621
579176
-2968835
2510654
-3354208
2667837
-2569552
2951454
390177
3270615
3138781
1810932
3645016
-363747
2605218
-2302603
1748381
-2959314
1821136
-2590784
755308
-749124
-3678924
-185839
-3198235
-311806
-1752019
2138882
-1562166
4338017
285644
3274937
1029399
806941
842560
528983
2307960
-444193
2385369
18995
2587747
-1298060
-711053
-2570574
-81936
-856941
750639
-466476
-1482852
1563396
-1203454
-123985
-1356149
622380
-317737
-558115
423047
1971541
-182107
843530
103210
-203883
900752
-708463
315952
297683
187527
-248785
923430
-1058332
155710
-897946
-1036302
-887711
1839180
1073395
317141
-244389
454872
-349260
-1925882
-419549
640264
68013
1337374
-367180
-713964
500610
-568062
-1177322
1386791
-411511
2097654
-1409902
-803361
1899961
962918
-1982627
-620844
711688
962926
-1420563
-1211349
844820
351126
-431858
-1419209
545182
-897641
-1169399
-562664
287154
2099334
645065
755650
-165705
-1071369
733430
-242310
-842802
1919803
605092
23984
-645985
-1200366
1228126
-817906
-1285024
853551
-879812
519769
-816460
-537163
1107961
1630999
479504
1142380
18319
-1681931
-643363
-391289
619680
1123194
-1437401
-542715
-30646
-628229
-206609
-607454
889484
558054
-954410
-1576657
-1631166
487443
548360
-1094839
559053
630487
1034245
-1619802
-834451
820140
1870631
87335
101413
484453
438322
-566393
-748588
-455375
-244225
686898
1142769
1170108
389032
91865
-648482
-5086
-553092
-461833
25131
914242
515988
1271212
-808116
-1033006
1196169
-397355
-1565438
625968
-880902
22527
-1208316
-643820
1288797
109392
-507641
-546028
-163527
302773
205099
-649283
1238218
90852
-1306612
-1182683
-725563
-378977
26216
19364
-856874
550272
646191
-298257
-546874
-545996
-2398016
-401341
-14462
-404839
753842
-459879
1159267
-530141
-2286307
-47641
1244021
43774
-178293
133055
-414820
983782
306194
-452785
41449
1289149
-726340
-318445
