#SpinCore Technologies, Inc.
#SF in MHz
#SW in Hz

[HEADER]
@CLASS=	RADIOPROCESSOR
@FIRMWARE= 3087
@SPINAPI= 20191127
@POINTS= 128
@SF= 21.670000
@SW= 127986.351562

[DATA]
13198229
-399304
12158117
6150153
6281128
11325697
18648
14015534
-6682237
11113662
-12546520
5168978
-13249446
-982256
-8401999
-6569854
-4201009
-11899479
2686361
-11272052
7159200
-8823704
11160258
-3455521
9465233
2388910
6595101
7230672
1840308
9720074
-2817093
8586426
-6396346
4966411
-8350017
978806
-7704189
-3061125
-4351136
-7265490
-972636
-7636372
3239846
-6026690
5678669
-4383829
5722423
174256
4976582
2983648
2897659
4760152
-213262
5135780
-2899407
4612910
-3972293
1712557
-3525969
-635369
-4008993
-1203626
-1768592
-2312045
-151284
-3050115
1135395
-3032367
2450962
-1244676
2757427
514877
2238665
800415
1221783
673123
1454501
1462012
-6400
1498032
-1785365
1953138
-1766054
1009905
-1466727
729143
-1578169
-1011701
-997054
-1346269
-81144
-907849
589429
-1027445
-176382
-1406311
1330781
-605920
1899835
476979
469922
459035
-192795
840018
-382873
1330917
-560806
640049
-194353
3384
-529330
341117
-1256241
-550400
-162866
-524008
-877249
-1378622
718077
-840992
517323
-234681
270054
-290646
96678
207541
764120
443247
876706
1064070
-1082092
498279
-955078
506760
-565317
-14358
-542426
-562062
-405941
-223899
-49417
281622
497755
-282538
530372
-297668
525724
95232
427770
-116794
-513373
-791939
-398346
-75039
112029
150733
237470
123029
-993239
347424
-1637146
-83326
-1213271
-221357
268235
-11030
-134729
374465
-533088
742260
-74578
-314386
-114248
165036
-425421
2047
303162
235837
-519522
199447
176150
-184691
-221436
167154
636253
-359622
-196978
509294
-724482
336937
92602
-154132
495777
-860682
-627850
256688
-175240
-8055
-328940
39000
-81306
-1138610
730958
738238
-103158
-521814
-487764
415642
-802964
-232760
351539
185335
588002
-546951
138904
245489
-684527
199582
294674
461505
349394
-9665
503772
775245
277158
485405
-1139324
315255
-367399
61121
272758
133386
357783
628228
-864508
811080
-316135
-52422
660218
-370053
273588
129253
2634
636011
195431
-431746
-119273
-542585
149887
-228199
431984
619767
-126900
39374
34248
201274
