#SpinCore Technologies, Inc.
#SF in MHz
#SW in Hz

[HEADER]
@CLASS=	RADIOPROCESSOR
@FIRMWARE= 3087
@SPINAPI= 20191127
@POINTS= 128
@SF= 21.670000
@SW= 127986.351562

[DATA]
12749308
-628670
10757693
6701087
6494934
10983109
-430253
11521155
-6898712
9875855
-10705885
5361229
-11391879
-1822384
-8943435
-7525861
-3500590
-11252893
2566788
-10284088
6887180
-7894426
9083850
-2252206
8686571
2698053
5857463
6233723
1031894
9066688
-2491433
8048938
-6458674
5786935
-8300200
744575
-6314093
-2709463
-3480515
-6242219
-620305
-6537414
2622412
-5716912
5271632
-2932105
5103106
-576020
5087963
2510719
2941784
4122056
-154327
4482310
-2629201
2783932
-3219459
2091008
-3734133
270670
-2922473
-1725965
-2131025
-2652446
250638
-3097639
703415
-2771097
696562
-1543041
1650435
113493
1937901
1182669
686824
1524290
-160598
2035684
-197296
1413905
-805319
1402439
-1028167
581473
-1024558
988147
-1234490
-159244
-287620
-623518
169805
-763477
1526524
-1122693
1193605
-558094
1334027
-233882
1433303
-143403
1300038
-448031
870566
746246
-165175
539592
-3046
1007270
-1173126
-652733
-527077
-506157
-132342
89066
-397523
-545558
-157722
-219136
49084
-658353
135080
1380
711042
188949
601847
239880
-521466
1478031
353348
284535
82578
374601
364291
822581
-97889
1006694
278350
466077
-368353
-609649
498593
-907908
638873
-315997
194771
-418362
-479951
-50281
82595
-635502
1056993
-503793
-747489
-316222
-301124
518119
-202758
353296
224861
-690482
-682002
-18334
-437043
335091
-281886
-112837
-114787
-248252
72997
1290984
110115
34367
762864
-126270
-109847
428807
599279
694040
231714
-52013
187604
171346
-342016
1021900
646893
-23332
361909
69418
-28680
-384825
659813
764380
198881
-848888
522308
-365693
580790
-72739
273361
-49005
-19792
-380741
-794724
-602920
-188915
90598
-425564
-388018
28372
-299616
-329195
510180
15295
318261
-468205
-547182
-67823
-122777
49047
901154
15493
-80579
-404318
779658
-485572
-615807
374885
288473
63465
207007
660047
154625
-145550
43391
6949
-898854
403253
-166708
107674
-460392
551430
-432597
-283070
-165937
628243
-239993
-76886
-328331
260951
134195
78854
92673
-636578
-378983
174556
457899
