#SpinCore Technologies, Inc.
#SF in MHz
#SW in Hz

[HEADER]
@CLASS=	RADIOPROCESSOR
@FIRMWARE= 3087
@SPINAPI= 20191127
@POINTS= 128
@SF= 21.670000
@SW= 127986.351562

[DATA]
15405284
213867
13731400
8308533
8161102
13092784
-378138
14972898
-8064204
12203680
-12812718
6206965
-14750974
-2864309
-10863445
-9315806
-4243122
-13953787
3710443
-13259979
8622786
-9134941
12053177
-3273066
10846883
3989161
8289537
8066583
1697586
11920416
-4808889
9469811
-8393021
7110034
-9805544
1419219
-7960364
-4096473
-5176570
-7224775
303578
-8244595
3436336
-7039051
6184249
-3665106
7402438
864721
6019241
3541943
3850731
5346187
-670854
6251516
-2384938
5414569
-5303954
1328014
-4621795
-62138
-2968416
-2615234
-1226751
-4131594
43966
-4180226
1095892
-3229737
2069969
-2111089
2857236
-765657
3067303
1313122
2020421
1890259
211581
2392019
-947191
1993986
-1963920
1362495
-1594843
421409
-1671410
207899
-1892503
-500069
-610904
-1492296
-132194
-1064763
1045150
-1021693
1267754
309072
1284495
457919
1642538
429447
7955
1137176
789365
1046570
144418
1394206
347790
1341963
-894483
589130
-781259
-60287
-852517
-650362
-211788
-1778955
409112
-724040
385939
-1120421
850551
-260872
490617
-62698
1049735
192474
-456403
496655
157094
705276
-474240
679246
-465308
1121189
-890506
-329209
-435758
342889
-542306
-439043
571257
-138519
965835
-602534
33479
151432
345802
121571
835321
19555
-109332
365905
447142
554620
357201
1301403
-912999
-77034
-387397
158542
-190548
-117009
-433216
-670696
-861592
603068
-161117
-510097
302197
-150484
134490
-490695
279498
133297
521064
20077
179187
198372
-684407
136086
279575
-577927
-472419
520439
-549295
-448139
2856
-35820
-214989
-276304
841003
-460812
-644001
-587766
735013
-345090
-318985
-641623
116449
-697491
-147317
-21078
38423
398714
-2546
-557972
307090
-73356
382515
257785
163365
-28285
-100833
-359471
26258
74327
-61003
-23887
1391799
-719947
19717
114854
64590
27673
536681
360879
-122961
-738865
-232837
423555
239793
271327
206121
-471535
211907
-419781
463758
192010
-174557
-579072
308852
-883466
305691
32295
347508
-178273
310516
-20491
-1021939
-428191
231941
110399
108479
210265
-738224
-265888
