#SpinCore Technologies, Inc.
#SF in MHz
#SW in Hz

[HEADER]
@CLASS=	RADIOPROCESSOR
@FIRMWARE= 3087
@SPINAPI= 20191127
@POINTS= 128
@SF= 21.670000
@SW= 127986.351562

[DATA]
2016801
326139
2290635
1612517
831159
1964510
-1087231
1600787
-971668
1105469
-1563805
248697
-1647711
-390985
-1831288
-1930464
159668
-1332572
1375110
-1982835
1859528
-576638
1851681
-115947
1139312
1780665
507784
1516555
-135857
1206678
-1141197
402940
-1098484
169548
-1248079
-1190610
260838
-1278596
67862
-1608700
1313051
-545762
534093
-696370
1380720
472283
913065
505761
53838
1248714
-58964
502513
-303713
660736
-63796
-272594
-412767
-142884
217611
-398940
119671
162861
652881
-865992
194709
122116
645989
-196623
278128
241402
681803
23695
-135854
828417
529610
-292098
-200409
865081
335064
-536809
-360134
386954
372643
-323732
48499
-186628
64155
-701031
-298652
131016
-31470
-468272
835796
396899
568274
-90713
-296080
1055870
287503
537443
447509
284066
662296
-58914
-495085
-94210
158135
-157290
226414
419015
765764
-306887
143867
189020
333576
621451
506380
689811
783607
297656
-34821
230592
123346
340764
-331917
330845
363208
905435
24138
17620
-657875
12936
-517987
-325772
114206
915978
101315
259354
-180280
660593
-68755
-327394
-108495
1102343
-458677
866098
-133296
-533679
104334
8196
-204275
373939
-322579
659264
-96025
-495081
-369231
-265787
-803114
771562
-355566
115394
-124351
-475798
-95498
-265895
-732859
-34486
-420781
787594
-36536
-139789
-436852
-691452
-611546
-215399
-295736
41964
-470225
177330
192569
-592014
-230213
-230592
-1122716
-196278
-674772
-130153
531158
-423960
259341
-98459
-704587
-725038
-1043864
293711
689664
776
273188
538312
175792
-499823
-305248
-665000
533780
120000
168667
500361
-373417
-607155
330019
-242928
569182
368780
-1149906
171067
-741316
-257468
14702
-726759
514631
-95390
-899742
143568
-293978
-87678
434326
-535695
205009
167375
-1040501
-288038
-352047
-791155
536798
-277622
-499915
-290542
-799911
-520471
-21087
-1059840
102679
-452683
-215554
-166938
-73997
-483855
180800
-1615216
689567
-1053374
80449
253707
655013
-413758
