#SpinCore Technologies, Inc.
#SF in MHz
#SW in Hz

[HEADER]
@CLASS=	RADIOPROCESSOR
@FIRMWARE= 3087
@SPINAPI= 20191127
@POINTS= 128
@SF= 21.670000
@SW= 127986.351562

[DATA]
7175247
-439519
5982037
4361233
1921224
6940357
-2922187
6386040
-6106116
3868393
-6950306
-215187
-5844502
-3859438
-1972802
-6228885
2471731
-5640042
4957891
-3228942
5575790
807169
3735966
4131285
1042546
5806757
-2815065
4865850
-5667603
2098919
-4542897
-1292911
-3027480
-3097060
-457297
-4451170
2256925
-3660842
4032692
-1518370
3898341
1068150
2191794
2320612
236266
3110070
-1394195
2415808
-2818882
1498902
-2686289
-1889805
-1295064
-2272055
420946
-2519684
1327580
-1330536
1677109
-618641
2542899
498439
1426441
1345103
109855
1992028
-1183155
714998
-1172751
521334
-962182
-57298
-905017
-219614
-269183
-1627745
861225
-635625
909344
-64228
1265806
403823
719315
-370117
361232
501271
-522323
1215186
-84141
357973
-456844
-109861
-601259
294824
-244753
37451
280514
954412
459121
-848992
670590
-240997
-452529
63879
263231
734816
608806
64510
277729
901245
-858077
418144
-1020184
401663
-445284
-572725
-196667
7455
-384336
-943891
-446182
-233472
215665
-216890
644636
418716
-67954
-458468
-652315
549157
698638
599302
-330249
361619
25909
-940416
-743196
-720051
231702
85508
66856
-321314
650228
-603494
-9802
-369586
745551
721273
-282985
349998
271148
-231709
-341204
-766552
530722
396789
-899629
122392
393598
-554273
-12928
-913335
405542
167549
-868227
-41650
394822
-165785
215330
4695
-377256
21885
-947999
139798
804699
158371
228837
506544
-59219
-509354
-183685
-206635
402627
-152282
485940
235933
333166
-258402
-134236
-294046
-327481
-492598
-269003
217437
432341
-133759
-182936
-602791
146888
-380242
-206355
-21324
-38779
-458513
468219
373149
119791
-564675
-125318
58153
114652
-415584
604946
218876
550563
-855708
21696
161009
-549899
2520
-113304
398171
114320
-274166
433948
440540
123840
120254
-475579
-6688
385217
-15533
314152
81191
296618
20711
-722017
26076
236122
-132035
5670
8955
131850
212335
-1169281
302254
-139936
-440315
47798
426689
-186736
386243
-476459
99237
140332
173265
