#SpinCore Technologies, Inc.
#SF in MHz
#SW in Hz

[HEADER]
@CLASS=	RADIOPROCESSOR
@FIRMWARE= 3087
@SPINAPI= 20191127
@POINTS= 128
@SF= 21.670000
@SW= 127986.351562

[DATA]
-8194859
422914
-7106968
-4355015
-3899742
-7842466
1158927
-8457730
5028102
-7387438
8328932
-3416629
7877209
2114450
5171302
5796458
788376
7438446
-2698384
6269738
-5181011
4681414
-6957242
757822
-5770220
-3208144
-3248559
-5900808
374933
-6649065
3401106
-4027450
4752846
-1713197
4764819
534504
3784150
3438813
2003869
4157011
-366221
5664267
-2199538
3635155
-3981520
1187568
-4089876
-1156572
-2429813
-1915711
-286202
-3447227
612295
-2193760
1633064
-1346180
2972072
33931
2721610
419559
1987837
1761168
338942
2332938
-711260
917618
-1773620
1372892
-2126095
671796
-931749
-459023
-919746
-1183608
-485138
-423449
69759
-545428
562225
-1563375
210723
-607853
823019
244614
821007
350391
-291521
422177
-307374
1241022
-394148
791821
338955
317808
-814396
219319
7244
-36749
-295012
-477834
-546462
-415206
289507
-314728
1268060
161024
382805
355030
732900
286763
1411774
-251947
520639
860371
664123
-168400
-101003
179108
-600710
-669809
247170
19739
-389567
-978249
-1152718
601530
-714846
-761370
304316
-346370
370352
-644859
355880
278328
-83240
413870
-422911
194332
-401895
807728
-1080782
1148007
-540405
536055
112418
-24102
-240701
-339611
609683
-472948
431543
660906
78660
-165062
154755
412758
710139
-158420
601291
673139
548169
202044
489270
307714
425714
-330428
636030
-336958
-469656
-282553
599175
-655551
-298683
-236970
-178003
-499952
139321
-352099
53468
295684
49163
-136988
-378771
418097
8636
909131
-253448
-54781
-73131
-98910
-291271
180539
53510
-607841
-355479
58113
-1116908
717145
228672
115779
183191
469644
697725
-390585
580111
59626
-207979
-389041
-402047
-770230
-656646
-213339
108892
-257826
585419
104309
739272
-157756
120205
215159
149218
46808
96640
-243820
270308
-72498
657518
316679
-574843
-940839
306037
390519
-90609
-507494
545679
10161
243701
59658
396460
904297
108601
-163561
-144017
-36255
63397
-242196
500566
616599
-466302
5129
-283756
70151
146669
373809
952772
217753
