#SpinCore Technologies, Inc.
#SF in MHz
#SW in Hz

[HEADER]
@CLASS=	RADIOPROCESSOR
@FIRMWARE= 3087
@SPINAPI= 20191127
@POINTS= 128
@SF= 21.670000
@SW= 127986.351562

[DATA]
-11661798
-648408
-9553889
-7292821
-4315178
-9900313
2334952
-11057305
8562849
-8576033
11536148
-2747619
9779503
3733549
5943682
8860314
-24728
9577906
-4885491
8357441
-9115632
3752330
-9085199
-1425425
-6936502
-6351251
-2368038
-7679367
2093774
-8943813
6318791
-6102520
7339466
-1675611
6508365
3228026
4905848
6098527
1054786
6965241
-2536664
5991522
-5673553
2449620
-5640755
-242138
-4064704
-3067782
-1850028
-4095788
782535
-4534113
2171633
-3157343
3822180
-1254540
4113843
767861
3646872
2377155
1455506
2921696
-676622
2480092
-2907682
1835713
-2155528
1371435
-2157087
58405
-1380781
-1006819
36777
-2255153
57230
-1008211
879618
-1040502
1609936
-1149388
2156153
165920
781921
-3432
387735
938296
382405
920969
-444068
1792899
-234924
-426693
-437985
-257974
-107193
109037
-863435
-344640
215494
-1006054
549187
-322206
941859
-468598
563647
-373242
946804
483950
497820
1115801
296012
1085554
320015
642940
-485153
393618
-958066
604369
-812007
-327969
-331775
69233
-432609
-726463
541666
-1000641
-464395
-1138551
364129
413792
512911
-547630
68135
210836
585923
694476
-451484
429909
-580165
5066
71421
493956
-150947
752237
-398500
-376199
-17545
-576046
170483
-74094
363724
435764
326549
-477830
190022
594078
-313814
443218
361561
458902
305787
119338
-516797
-421107
-89163
345215
-997335
-4580
-104131
-659349
-80289
-532114
698573
-529580
-389314
-436690
663874
13870
-594066
-929050
249332
-400731
1184876
-793248
-63652
671319
430855
-440276
-386247
207676
-22973
188870
-227475
718816
-759596
1205611
77233
264535
240122
-76349
-625509
290085
-149931
-143881
-377274
354666
-247245
-14675
186155
172463
-236470
107553
-209929
-256076
-422478
-683882
-202592
-745758
-215038
-929344
-255907
21417
258582
-84014
88145
179879
604206
-755521
-632486
-121323
-339299
-442569
50043
167156
486099
457887
357597
-55724
-246097
625750
201198
-51686
-132873
695125
-11397
531214
294671
318538
-387607
-176893
240256
394629
-210609
-898988
740541
-55714
