#SpinCore Technologies, Inc.
#SF in MHz
#SW in Hz

[HEADER]
@CLASS=	RADIOPROCESSOR
@FIRMWARE= 3087
@SPINAPI= 20191127
@POINTS= 128
@SF= 21.670000
@SW= 127986.351562

[DATA]
17095316
473661
14157592
8821256
8517543
14742441
-1383841
16453135
-7925288
13036913
-13840751
6875943
-15157543
-997969
-11771834
-9248019
-6150905
-12399107
1528318
-13475592
8671375
-11283345
11987108
-4601891
12951346
1646072
9771914
7354787
2584576
11399713
-2450639
10433683
-7758387
7917246
-10268338
2864636
-7964199
-2378010
-5547929
-6129729
-1946593
-8800121
2438688
-8255979
5569740
-5795679
6783599
-794024
7097019
2074963
4583199
4919290
1709842
6453355
-1427594
4928917
-3155396
4379530
-3458983
1154767
-3803301
-955616
-2229092
-2440206
-227978
-3012279
542247
-2896830
1151604
-1603423
2667503
-1676566
1537060
224160
1322131
1158312
1752401
879386
-160737
1456314
-419934
1589997
-1360053
1094300
-1695124
1215102
-1677752
-710669
-2622554
-465705
-1926344
-1548795
-102926
-1638164
568852
-57132
683741
-362630
1696270
-264027
443904
866957
1597910
72103
422943
842831
1186
903178
-310912
429304
-626293
601635
-823390
-324082
-1815542
-507324
-6983
-330480
304149
-893072
569214
-149814
998580
-920416
1498397
-180798
1020611
317268
923169
810855
-461299
799042
-479199
1245514
-403872
1229948
-548055
832649
64951
122805
1537
-172294
93114
-276210
402432
-1013784
307060
-1241407
-388166
-345036
556029
487482
225263
-986693
213632
489752
463005
597959
357194
118769
-928185
391374
-690608
24935
-581578
-1028309
-394274
-765169
208344
-866488
-24114
211260
312534
43072
1039456
94507
138577
-472859
1096618
-90022
121464
-1089822
645750
-794569
53697
-810726
-416836
333729
172249
663892
724450
991422
481444
584169
851517
596920
497370
-151794
-629805
-264221
-219029
103175
-725115
142571
-1063150
407052
-181635
853009
152994
639115
243452
563846
211633
772990
-126253
-23578
-1326642
-857333
-265140
-429341
-1127550
159759
-705204
-620483
-603496
361704
680645
534353
440950
451508
341668
-266164
574103
-171827
214949
-1013007
310401
-337736
-667177
-566216
-161453
-959827
754378
512339
355732
-149612
83057
226639
1109873
-2269
-571639
-88230
266651
-547701
345643
-279921
