#SpinCore Technologies, Inc.
#SF in MHz
#SW in Hz

[HEADER]
@CLASS=	RADIOPROCESSOR
@FIRMWARE= 3087
@SPINAPI= 20191127
@POINTS= 128
@SF= 21.670000
@SW= 127986.351562

[DATA]
-1400967
-468516
-1297764
-114893
-1650378
183746
1712648
-226884
-985563
545370
540434
-887618
1986427
1411162
-1609013
-671025
-1758366
-811373
-629107
330042
239286
-409010
-404646
1930028
1652651
1405820
625340
-3471312
1516984
461160
-1257504
-820926
-698910
-663637
961979
2034843
-1097773
-809995
114347
-587132
-982192
1719739
-1890913
-1160525
598324
1039841
1538908
-316588
532899
-2155297
1310691
587445
-1288529
-1352170
498416
-1442364
244552
3636046
274868
-882763
404866
931756
-1076916
533613
1557415
-2023040
536407
78445
89650
4585
-85372
-426547
-1028304
819265
56956
-2075762
-492526
-169804
-1039962
1144158
1743958
699403
-539338
-4101
-851643
-394594
1731567
711282
-2269278
329363
-1954219
35843
-728509
-227446
-373159
-464919
58324
-762164
1377186
-100755
261782
-211064
472666
731227
1280762
267807
-540242
-1028727
-73715
-647035
329195
-328738
697211
277845
341478
2162608
665925
88958
-1116445
-814771
178165
-1829082
-135588
-472428
-2393484
-974013
978991
823353
629548
-508910
516229
1326199
150211
-274531
2086061
-40131
-559674
1341032
978197
-2179966
-660541
1321504
-851250
47246
-576229
-1367599
-212287
484652
-695211
321971
1598140
839995
-896265
534347
-438535
366769
990822
-50207
-1090046
-1280710
-592057
-984653
-759968
284774
82126
-31431
864331
513695
206056
533683
-516940
763989
1471107
-436580
1555108
-1197721
992045
-1148237
301066
-635387
-1325738
858582
316852
389451
-1705916
131762
198182
-131221
599047
108294
-501339
-455619
1462327
-67479
-115729
1472740
-471067
610633
986556
1383263
-983420
-503330
832342
429284
587988
-72162
-14761
-476621
1650250
1017456
-607151
-1687816
87910
-794362
324418
-185232
-101271
-152447
771654
1940732
495403
-87165
432588
-527351
-76868
633728
-144170
-980011
-766111
770996
-1158147
454475
519640
-1114451
1056923
1879556
215472
-1077013
998059
-916835
-1120272
510962
-201419
-2353204
564523
-338285
589501
249599
-18845
-1388783
963858
1636164
1043219
1893462
634409
2009214
