#SpinCore Technologies, Inc.
#SF in MHz
#SW in Hz

[HEADER]
@CLASS=	RADIOPROCESSOR
@FIRMWARE= 3087
@SPINAPI= 20191127
@POINTS= 128
@SF= 21.670000
@SW= 127986.351562

[DATA]
-2145549
-63996
-1686549
-612210
-942911
-1540610
-874560
-310581
1916228
-207572
-206167
-1025144
407007
131552
1297948
-1125585
1561072
1924606
-1394060
-790727
-841006
-684046
-986640
2320136
-1108605
1475012
-149249
1271417
-1255560
61961
-88035
-2157356
476122
-1546483
-1677920
-1167314
-422593
-1009829
323586
2242695
-244847
-39481
1201153
290843
1200915
982292
-1057710
-967754
-471723
32425
-1169115
530191
-405410
-281488
102402
-489793
-401159
-333838
946831
-203235
699368
332658
-823397
-1780455
-82933
-395496
-287998
-171093
-1218269
581243
592447
-931835
-1583169
1661047
-752367
-590066
723541
-1919173
448571
-265886
-884821
-380655
-87464
217507
94068
1316221
19662
996423
1661877
-56751
-63744
1908524
-1426186
-1289535
724986
-7830
137145
-664296
-310337
-920296
420782
963453
-630915
3502993
463659
-9382
-1144929
831592
-75628
616237
-2150308
731709
-15212
-628230
-402858
-713381
867355
-1442301
709245
-188401
-571099
1066203
2833708
118020
50679
1661473
-304894
126685
711412
-1187621
299477
-495213
-153000
-38699
-72686
47086
14649
403368
149044
-626369
1049465
-609133
249732
-416873
1008316
93294
-424542
754010
1063110
-473997
-407957
-61469
122503
394158
-40775
127665
-284690
-52138
112873
122512
-675707
-1842322
-378088
272973
-669919
862027
3811
322850
1805179
340898
1664199
-192206
1344797
799078
28281
21330
-524729
-651874
-1194312
2195578
-46279
280808
1517984
-884586
602586
-163686
-686257
-1510883
-49823
535390
-708093
1138894
-1643832
202957
841853
521881
-455704
-374983
686624
-984242
900209
-531773
1439
-1619096
-704611
-1380326
93606
965543
-264121
1455603
255339
1019689
533993
1320583
1500116
-217437
-531747
-1488907
4647
-889148
-1529612
-398688
119222
1157293
1906271
1743863
927719
754193
1674960
-108655
1624919
-952269
-2127358
604117
-734134
-365162
140846
-1353661
-927302
255065
521203
-220407
290460
-558803
1856
970006
994044
-1885120
-1390644
608265
-730878
805102
-1359080
-443151
-132455
1938027
