#SpinCore Technologies, Inc.
#SF in MHz
#SW in Hz

[HEADER]
@CLASS=	RADIOPROCESSOR
@FIRMWARE= 3087
@SPINAPI= 20191127
@POINTS= 128
@SF= 21.670000
@SW= 127986.351562

[DATA]
1738034
-2132562
2395793
396259
1069469
899876
-847695
2767585
-1480827
1852998
-1804293
1331150
-507158
-428034
-1457177
-804111
504339
-1506486
-120472
-899863
-478594
-717959
1256346
514565
298899
-1068783
729605
-10792
875703
413230
1571684
357157
731522
2392208
-1067804
-151812
-1674387
-1291700
-953299
-80361
-789296
-1841290
-389838
-202772
1831279
-884831
1633373
891706
272783
261927
1484233
259401
-400403
234440
-1545174
-722149
-316684
-491746
760526
781952
-885292
943232
-111419
181966
-212170
436058
-384041
-1137929
381887
-1632715
500111
92900
614664
-2051542
724270
321192
-920193
560834
-1140096
431257
-2001006
299820
-24597
-865798
515911
1080519
1378282
-938195
1410853
308154
-1266942
-35518
-40813
381301
-1421028
-982769
-471892
-466055
-1836767
-1519715
412326
-1560940
181557
-297904
588647
1319143
-968908
371329
204268
28622
-426920
133771
449564
512682
1095375
-145694
-1558124
-1587903
91253
-196822
-1030343
-1145470
-2734038
-403993
-1709896
-353078
-455058
854361
1201142
948404
901416
795746
1296955
381939
296011
-1086868
219261
562747
214572
-711692
-2340485
-1429279
-180280
-797898
69388
728202
1326450
1010896
16920
1066265
1327566
-11674
342675
-965526
323966
-1542797
-942527
-231915
-583388
733625
591334
1191274
-1078274
-581533
740899
694958
39734
-452842
-748240
-588862
2042421
195295
168202
394392
36364
-694964
462042
483315
-719610
760743
-264255
-831980
-42172
2461142
-1062144
502597
668627
-741880
-63056
-819376
942408
-1766760
1416402
480709
412807
-1416086
-1269862
-645005
252464
-1638700
-2432835
338827
-1107705
-997993
-2551
2223664
-374783
-409255
-197290
812550
977878
1130835
-580923
-939971
-100685
-2016899
866330
-884347
-736498
-158178
-188771
21303
-333754
-177852
-388192
1068301
369275
969622
748991
-422969
730910
-519421
643462
616679
426546
-1108609
-530832
-12903
-1989939
-801466
-1646956
494535
-420299
-127481
31927
-869447
2493995
2214659
510113
138567
406927
437951
-596636
1498879
402951
-751231
