#SpinCore Technologies, Inc.
#SF in MHz
#SW in Hz

[HEADER]
@CLASS=	RADIOPROCESSOR
@FIRMWARE= 3087
@SPINAPI= 20191127
@POINTS= 128
@SF= 21.670000
@SW= 127986.351562

[DATA]
3118974
-1872810
4275944
2222691
3812190
3745571
1168898
3519419
-1507794
3966365
-2246593
2389649
-3466059
600813
-4115020
-1346867
-1800608
-2964277
103618
-2888522
2429769
-1742496
4388450
-2967014
1949198
-157778
2972702
1466453
2663878
2492896
374965
3302089
1039141
894039
-761704
2646169
-3131905
-866235
-774622
-3106018
-2109875
-1375327
-698947
-2681455
456392
-1429620
-544167
-1973626
3441300
-792487
1081382
1359442
954063
-375422
1917290
1893150
-671071
413967
205465
681556
-1557069
1347930
-594648
-1125546
32195
-55458
-1738294
473736
-75769
-1027337
-219511
513015
1534902
-1230926
652365
-1401000
1760928
402646
960005
361528
-598941
1215820
338603
882701
1850063
62732
-177553
-1473466
-389125
-557236
1229986
-233205
-620690
-527731
190940
1217399
-845395
-945799
-1386678
-1258738
-377213
-870416
103657
-2041800
1958539
470957
-306162
2022767
1464335
683550
-736940
1704459
327568
-979528
506635
-586417
-1540325
-139514
-205037
-835355
-357333
449704
-2894177
638279
304236
-1017111
605577
33373
711345
-143973
979614
170908
-722942
377347
-197831
839209
-81896
722789
-1581936
-932228
1204723
-168522
-233608
429626
626520
350209
-282551
1124929
-298619
-1027572
507343
92821
1015803
39289
152835
-1042018
-695623
59844
-137797
359862
658308
-36678
-953845
1162933
791229
-2119566
420300
670959
-169547
-1189983
532224
-1055676
464507
-53266
-281806
-759644
757634
245293
1461396
25031
1714039
483237
-911755
289464
-791618
-3191507
-477168
-43174
-1401041
21069
670808
519187
-334569
10273
-1102713
-1441004
866448
489546
-474103
-1149463
1040207
-869876
1107119
50218
729432
-262565
1783296
193025
-440940
-36845
45971
-2657104
116458
1235374
-26019
-636217
632394
-1257145
520014
1651469
490806
-89032
1330350
-722108
-2183787
149923
264163
-1100333
886382
-1306476
-527117
1002674
1076594
81628
-1003573
2238497
-946749
-30915
-1878928
-392210
-690827
-168189
-35311
-1133917
1451489
614827
432935
-391789
1059072
927360
-436556
510303
-1371977
-588376
-255321
-765245
