#SpinCore Technologies, Inc.
#SF in MHz
#SW in Hz

[HEADER]
@CLASS=	RADIOPROCESSOR
@FIRMWARE= 3087
@SPINAPI= 20191127
@POINTS= 128
@SF= 21.670000
@SW= 127986.351562

[DATA]
-3851230
-317521
-4043707
-1487760
-208207
-4533604
-93909
-6639166
2841378
-5027323
5940240
-3893513
3895645
-475533
4121145
806927
1329806
3836750
-1465437
2092359
-2951332
3674266
-5051498
2719847
-4644602
-99818
-2470140
-2355673
-1121727
-1850076
1481986
-1533206
3418068
-1647940
2768436
-97999
1669018
-491820
4004372
1322631
1344687
961571
789738
4239305
-2964504
501330
-1301886
-1113238
-3780853
211412
807058
-1429302
-2399572
-604517
-935655
-1169933
557252
119812
1451384
-726316
1897791
81078
-358425
2617510
550647
995739
-233093
-932961
-873796
1205008
23528
2070892
-648855
-390891
-1030460
-240575
144176
-277704
1349207
-1492444
-1152616
-1188788
1011708
740504
1005706
147873
-273072
-781454
157362
-38646
-150887
329343
-115092
-1470234
57361
284085
-2306505
-363828
-726865
-21664
-648771
-1125769
-1640941
423821
61206
570392
-912535
-719504
272195
35696
-458938
1048112
3458
187231
23864
-984192
458094
1447582
106162
-624021
579920
-252316
-1056184
-676658
-324045
-329056
488842
-457862
-171711
-1171846
-541388
653118
1734608
-376868
952701
-277149
-1771016
-15498
865518
770929
277403
291352
-547535
-458470
991888
-130416
-886260
-287206
156407
-712895
-1158145
107305
300594
-849663
788262
-1105978
-2671905
-1311297
904211
937478
160132
-1231821
1268212
-1050055
-408083
1759835
470574
596922
-612401
31320
-1527106
-1030139
372577
1551242
647960
185552
-1177666
866933
-2239016
-150533
1738396
194544
548744
-2039
-249347
105101
-139107
2198028
-1359571
-1696355
510217
424398
-746477
947661
708011
-369845
142294
348511
-437316
-894869
2139763
935103
460804
-257594
1439704
-917482
-200397
999624
791557
-1266877
-1068208
-1469959
316806
-832460
-300673
2013857
-298663
-2510842
-832940
-547268
-875900
-303046
1002210
241140
-1214917
-180067
-691049
43653
-730286
1920131
1109335
526954
-319462
599657
276205
294810
1609343
1184350
-443644
-214700
792546
119405
836726
-790702
2188808
-865153
-184251
802004
-93399
-262897
220372
-309464
-1760752
-90758
1066265
-418202
