#SpinCore Technologies, Inc.
#SF in MHz
#SW in Hz

[HEADER]
@CLASS=	RADIOPROCESSOR
@FIRMWARE= 3087
@SPINAPI= 20191127
@POINTS= 128
@SF= 21.670000
@SW= 127986.351562

[DATA]
46629
355138
-246999
598838
-915982
-164227
565646
-1521352
1096291
-1778274
-498016
-1173096
896771
-149069
-758450
12847
173514
1405083
1903012
815409
-1337329
691124
1507346
352556
166217
-1431298
-649042
-1012427
507057
-233352
-1435107
-333636
476385
-368049
64536
-1526484
-405106
198883
2282673
246695
162139
-429779
1979214
319440
-612734
-904466
-498347
-673697
-309255
-196006
1041433
-1411895
-539617
938715
659015
1939205
511162
1069949
583704
-612905
-654579
375975
514800
-1572454
1313798
-1323801
-646539
-611644
1025113
243985
-669706
-825236
-519666
1088610
-745820
-1171355
-714773
-597531
1374360
-260883
-899702
-1538653
-339521
54246
613713
-1135903
-1248719
536327
-791507
1167290
-12141
-795354
92313
1092102
242965
27429
1092268
116410
-433044
831682
-243085
480899
982158
568801
-495314
364997
847040
-349572
-26038
-322992
209
114175
1309266
-1126759
-1492327
1082699
2012782
-233954
1221766
212636
-83498
543100
603411
-309379
19261
-178460
1845322
-797431
713861
-78588
-1263218
1377613
816737
-902587
344440
-3554
-625737
-372847
-217412
969016
-1954002
400777
-220709
-421407
821736
931753
-68093
342955
892969
-2016134
-520984
1430077
-1379874
297444
1208469
380651
-1584193
848223
731306
-2265141
874595
695350
-288705
-286370
1445465
-1076781
-461758
2334231
592706
242002
435993
-1126166
-956179
-817596
-593836
-798146
-933190
-498101
404437
-241834
288582
608140
-1925980
1714671
111788
-1601810
-496620
261998
-693857
-204078
-610930
-1755129
47849
210313
-638044
1023723
115423
687652
81088
1547510
-1147551
537822
223070
-1999360
-336922
-964789
-1267144
-992740
74260
780061
499601
476760
-642542
921840
291584
2164175
-7515
-288459
-793177
1014543
-1437005
-194941
782856
-2335719
-19718
1082635
153956
770858
970490
402523
-1342692
2332142
916947
-1655721
964446
-447572
-1972372
-1284882
286541
-1904948
-1453819
196675
370986
468771
198491
-957404
-1352595
-272638
530075
-79919
-713131
109380
782838
246791
-110721
-794517
