#SpinCore Technologies, Inc.
#SF in MHz
#SW in Hz

[HEADER]
@CLASS=	RADIOPROCESSOR
@FIRMWARE= 3087
@SPINAPI= 20191127
@POINTS= 128
@SF= 21.670000
@SW= 127986.351562

[DATA]
460596
1357585
-529877
-1498686
-230728
1424372
116439
480498
-475132
-510203
-912912
1596160
1860121
-346884
1474235
332111
1007942
1684771
868128
1322699
-1254576
-235188
-1102137
-977034
127201
-849833
471233
101451
631348
926646
-1377911
648566
-11436
-1576897
-601365
-287377
2127440
64630
1117848
440436
-672061
153307
-144956
1897966
-518255
-712653
820317
-1715885
-539848
-717767
784094
-1144635
-1169087
2476178
-1260555
-973269
-965428
-71647
457602
1207598
2570939
-73634
348784
287925
1821841
42122
-315460
523413
-21884
-678092
726911
-57218
211748
630538
-684380
-1259389
463377
-421010
-261308
250975
-138145
122501
-784086
143001
-625882
98285
430356
-297775
683890
-9088
1296351
-109868
-1948153
438604
483101
-207688
-319172
-407691
457699
-2291216
-1132483
413192
190346
-1701618
-317289
698726
-3158227
-1892288
462388
1084654
-629452
1882486
514444
-233028
1220676
1491803
413712
593822
747494
18150
-182835
-835680
2133135
-453056
598803
-218472
-1591825
-1272913
533472
-1835926
-1415349
-1332329
-406136
-662149
391715
959167
651641
1154069
-958837
1164821
-16563
747155
157705
-58419
490620
-660049
78964
2047252
-131318
841803
-1074459
-616925
-1698423
48041
2091892
-1097816
1148675
339666
-99263
73772
99673
1018432
-966349
-1559732
-1143467
-1715297
22011
-1161729
656682
-606075
82947
1591817
387684
423707
-352657
983363
483870
-437298
1454255
462116
140142
126021
42718
678192
663177
-398389
1014515
-1507744
1327220
415572
-1200170
-685263
459506
79860
-2896609
-641330
-1179901
-1197235
2081005
631871
476009
543034
-604587
1924700
-1106825
-1093001
-564132
-718237
-154587
-1002443
181616
-1145827
-374616
1042933
-597591
41288
-153497
751956
38983
-415300
935056
-1151246
-461576
440972
412834
1478812
340045
2369870
-1944213
-1391160
1632452
-1560252
1435235
-799730
498897
15904
-5731
1753462
-2254933
-929077
-282088
-64748
493237
-391817
983960
301936
482544
329728
693417
-1036125
-414221
-256086
-1270567
-1207379
-304533
462817
