#SpinCore Technologies, Inc.
#SF in MHz
#SW in Hz

[HEADER]
@CLASS=	RADIOPROCESSOR
@FIRMWARE= 3087
@SPINAPI= 20191127
@POINTS= 128
@SF= 21.670000
@SW= 127986.351562

[DATA]
5821530
92141
4938800
2805264
2399632
5335594
-1512550
5095871
-1974471
4950435
-4495959
2292426
-5981018
-1011339
-4479110
-2136503
-3861680
-5761972
-431844
-6396521
3565121
-3421433
2642667
-2340123
6978751
4246
4188351
3244920
1619052
3507727
703153
4295960
-3216003
4213095
-3395050
2775628
-915556
673792
-3219645
-1390137
55590
-5815870
1775230
-2102473
548831
-2963888
4474682
-922332
1702328
2073757
863162
1161641
1825704
2922609
-1572524
1894586
-611803
1225545
-1306061
1093660
-3098646
-592011
-809768
-2401848
-1070563
-1101773
-1506936
-1311819
2836537
-830502
-184593
811761
1303959
-430520
2031279
-1015180
-971265
-232933
447150
-163447
-619013
1160204
-969819
701186
-1013935
807627
-2361101
921963
-1288679
-99445
780862
-1364968
-135574
-402513
1295840
-731340
612126
1435412
-1090803
1000066
275138
-1314041
-347821
1093873
766426
-447081
172589
446899
767929
885689
1023595
501274
341236
-614121
-389438
902661
-1564046
-758396
107412
126007
-2026227
-966540
1858461
-49639
487244
-930725
1382941
892536
565794
-1220727
276232
-340918
-994839
-902257
635273
1741172
-758398
1119072
105018
-22815
1481300
416909
552642
-571606
932242
-1580654
-821609
-741903
-1114572
-2566864
1052940
357009
-1418995
138628
-239340
605193
803325
344758
1021834
7422
1401426
248834
32277
791844
-1125540
-870451
-363415
-147718
349037
-770912
-1345937
335169
670962
697911
1226055
-484343
793968
-477259
1227942
846262
-539966
-117047
-1497312
358719
581766
1067171
-206490
-88544
1403946
71555
373999
932314
-1180417
-1487534
2165387
-544198
-1877694
-1247658
-321554
90395
-1036218
1122057
-1890995
-1517786
-157877
-1099485
809131
-15307
-215148
-690153
2023186
1163104
-832440
806752
-1194021
-244116
-102026
1402557
-1362317
160249
-420595
617574
-1166939
220036
555458
-979487
2104581
19375
372480
175818
-1031588
-1982180
-314072
52881
-1088729
188212
-1209909
-1200319
-377178
561219
-1303986
-281484
1178315
-1103938
613008
853937
1010587
327712
-625219
815835
-12072
-1092906
391339
174458
-460078
-362603
