#SpinCore Technologies, Inc.
#SF in MHz
#SW in Hz

[HEADER]
@CLASS=	RADIOPROCESSOR
@FIRMWARE= 3087
@SPINAPI= 20191127
@POINTS= 128
@SF= 21.670000
@SW= 127986.351562

[DATA]
2307513
187826
1804544
682969
3318908
761629
728534
3855893
-724489
-77971
-1284938
1390764
-3694372
-890896
-2499077
-1723306
-2256159
-910809
-339462
-1182848
3195501
-487917
2543524
-1363385
3241241
-2164119
502033
-603639
-176174
137972
-568522
-294204
-1525544
1152582
-1686959
61264
-336612
549473
-31100
456970
1123872
893242
-357690
-1482121
488821
1207181
-598030
-1917467
-1057663
-517763
391794
-855257
463365
-584343
2301265
1822968
1517416
675011
179921
371163
28593
900969
-699448
123684
-1658073
-124480
518777
-2449923
-1053505
-2443352
34991
-136799
-1093454
921746
564188
1103592
3246170
1866124
-1752019
-376288
211491
-1544168
-1465836
585468
-519303
124542
1336872
-1538021
1112604
1782556
-1468468
-1442904
1414240
-427119
-461797
825767
-1046557
-1605696
380474
-936408
-1727866
-308628
8890
-103295
461280
253689
-366370
-1483830
800804
-1705718
1114912
714145
-535730
-992432
957536
1320578
-1524424
228991
-596140
-1252676
229164
147566
-676585
1527203
373865
927702
978628
-231377
-1121846
-1294367
148942
-861776
102344
66066
-2576858
-624743
704694
1194754
-458882
81673
2229975
815006
1713034
-85455
-943118
116797
1509963
-69510
-1320917
-1767750
-635714
-882472
-571378
-159219
-1097269
27683
322164
508815
906513
1120008
602444
-620683
2035232
-1107867
653929
-303413
-2111049
-253377
1351011
937906
-338295
-679635
-5649
285794
671536
2072715
-1411545
-988371
-450098
1133345
-1176143
885099
-542010
-656703
1321971
1401902
120698
-1666596
279777
-618231
-774175
190704
-1143965
735435
1027099
863501
638193
-110888
185387
500349
-583443
-948232
474863
672973
-715272
909149
2159863
431961
-1258593
246148
-597380
-155626
492126
238605
-1747301
642601
578393
-366169
322853
-1469524
-866165
-18747
-388435
83154
-643217
1511553
-601818
-125906
1890479
-260748
-142880
341945
-1148563
-1238054
-417982
701702
-894584
981168
-529178
735874
709873
704050
-1037139
-254555
-668619
259059
566301
-314349
-846825
-5693
1845748
-60321
782890
1625613
1215256
746826
