#SpinCore Technologies, Inc.
#SF in MHz
#SW in Hz

[HEADER]
@CLASS=	RADIOPROCESSOR
@FIRMWARE= 3087
@SPINAPI= 20191127
@POINTS= 128
@SF= 21.670000
@SW= 127986.351562

[DATA]
4792981
1226394
4748450
2095447
2829638
4176099
-1534994
6333754
-2091371
4553514
-3762209
3285348
-4504537
72088
-3753106
-3966354
-1288573
-4163357
-51950
-5222359
2350205
-2300954
3686291
-1049629
3116797
80395
4601273
1771924
-109981
3963621
-440192
2896399
-1925694
3250292
-4248146
502640
-1563458
274983
-2685890
-370502
2047
-1781576
1116712
-3414933
313871
-2893967
2592781
-1064157
2300768
-398873
193134
1907031
1336653
2758408
-545774
4140517
50985
1676345
-186963
1504847
-2394191
-221207
-2468742
-3422600
-864123
-632516
-2099365
-356862
1710358
-105633
537722
888228
3158974
140425
2575236
-523409
-212071
956821
-79695
495859
-24126
2373812
-1795498
-93067
-348162
725818
420591
450719
-620945
-687965
-6458
354137
360908
-362524
-1801440
-618739
-670173
-511375
-1072981
-1630998
1189525
-471622
565705
-65138
414999
-119078
264060
1115669
-458854
1323142
534236
262897
-93222
1274877
-325004
-806311
351288
1165623
131379
-1050662
-1146863
-1533610
-914489
-28500
2138736
496178
-1373775
-331991
828096
-466579
485621
1491448
-686920
-415756
-461711
1140744
-711167
300097
-190394
-692703
-363704
873954
899384
390599
596344
-3525
-2276
134892
236739
152059
1585866
-717187
1706688
522705
-364736
-23993
-586306
712157
1855999
276977
-771684
89543
740852
1917199
1599576
-138215
-2103037
-1165659
462072
128722
-961411
262192
-1243901
78903
-554581
176547
164531
268596
1696581
626887
721505
-172724
-88190
269262
382181
-776506
-1166322
-10251
-1028090
-106620
-722973
1170807
-930960
-752358
1036633
-1177093
1023810
-533255
122152
-1652449
174376
963413
-2198345
1253500
1326115
-517277
-424095
721052
-1292844
546528
1299115
-456539
654971
-295270
447365
1037636
1257770
-586195
1126231
906617
217384
65925
461588
80681
375244
1898894
-2027150
-861782
867677
-758121
-398269
583686
-531057
-1432850
-650672
-603640
-359446
1296801
-93415
-607313
-133336
629337
-649602
49014
322638
-52081
574618
118980
183535
-1568569
359689
-734816
1319371
-866569
1479552
609350
