#SpinCore Technologies, Inc.
#SF in MHz
#SW in Hz

[HEADER]
@CLASS=	RADIOPROCESSOR
@FIRMWARE= 3087
@SPINAPI= 20191127
@POINTS= 128
@SF= 21.670000
@SW= 127986.351562

[DATA]
-2115368
-193710
-1677466
-1178637
-842194
248722
-779717
-496701
399294
432113
1361311
239382
2873221
-487350
1931420
301724
1330074
484780
127996
-193958
-1177433
753568
-270675
639404
-1216743
-651191
-1721829
-182637
1646535
525841
472731
1172393
-1888581
-463085
964095
-622017
1346475
-486477
403829
-338555
1209964
274117
-2205264
-302701
-2719671
165837
89889
121134
-1194141
413392
589757
1715213
-588164
188471
1910453
-554438
978096
543032
139931
-1231116
-213330
1352083
-924304
-482522
42076
-392006
444450
-918834
424588
392623
-1608317
1244913
-320362
445421
-874299
154417
-663853
-1398508
141826
-937261
999027
-358026
2350800
614805
365163
-1155212
-678622
633731
-54773
-885291
247590
-1486568
-125132
891647
-306301
-894291
-625757
1202691
-690210
866725
-1473768
-553081
-140478
118640
-515732
-316939
-1224825
233175
261713
-325346
1026451
-1082357
103828
293111
-701223
736457
-528982
177273
-652117
1620319
-728810
-2023135
-1713
-672997
618618
-745204
177000
-1089584
-516058
1711844
1999818
-425061
-555055
137876
-1079551
404381
879802
212835
-986306
-1322579
909436
232489
246053
1297436
-668827
-1066284
2029942
1143580
-749742
-966954
-1034780
-143479
-117220
558460
-502545
-551563
-191963
1606450
1421980
1958983
2430775
2041874
-287068
-383722
-496138
816127
1343827
-708456
-360888
-428433
714637
-576737
1053858
-355135
1614642
323919
-436781
1362656
-210575
-262842
235683
1249690
151224
-639472
1641806
-814545
-444027
657899
850866
580751
8472
-1974953
-1729441
-136324
-905290
701177
-246154
-556592
-241622
41530
-420638
1010332
848025
430378
-89258
1333967
-552518
430144
275427
-2475969
1185529
-138958
328416
-1993908
625403
-285970
-570261
-1283442
1014429
77055
-1604636
307401
-1691262
-307034
1359449
1136440
-682980
-1368931
489344
1949277
1573121
1360998
-78633
-1048459
672691
973467
-32969
-164064
-232224
-534301
-245094
1439907
-383796
1614945
277935
764102
-1377719
19295
101895
-444454
636303
181203
440665
399471
1297706
-95199
