#SpinCore Technologies, Inc.
#SF in MHz
#SW in Hz

[HEADER]
@CLASS=	RADIOPROCESSOR
@FIRMWARE= 3087
@SPINAPI= 20191127
@POINTS= 128
@SF= 21.670000
@SW= 127986.351562

[DATA]
2513877
-136172
1197894
856529
1675471
2271105
-22267
1491588
-1128695
1173568
-1678739
-240125
-957811
-759658
-1617998
-521189
-173971
-35304
2851727
-1516545
1156878
-241174
-291146
-1642183
2198472
197352
-188400
-418991
456561
1567115
-130
3429944
-2099015
-1040255
241965
1830914
-1027141
-2196857
-1610
-4008111
-650952
-331343
-852779
-2969822
387495
1653208
-2184758
2077355
486392
-675670
263248
1536139
773299
583896
1126651
111970
-1370858
1662917
-629633
22714
-809521
-512947
-2454332
369806
-293778
-265930
-762088
1962520
-742790
1757319
1543921
900493
192483
170440
-615762
-1373952
245940
-1026845
-304639
-1094972
660546
512208
649322
456726
408754
-1263883
-744338
462095
-438419
-177587
1368695
438026
-703350
1522607
1985357
138783
-738475
250585
-794693
-1939577
1172191
-873701
14061
1003957
1041056
-440474
1306553
2005949
-98456
-672181
1766065
-741367
-1241100
-367184
-142031
-797388
-1259271
-839680
-1169347
-659773
152361
322958
52504
2309494
-870025
-1103917
745409
1732636
1366143
167282
2095128
1357388
278709
770680
843433
-1955437
1927523
-52522
-147505
-412760
-66219
-1257422
-1231502
658024
-101528
35271
240254
419297
-101355
1483047
2023324
116000
354039
684282
788134
-209959
267595
-1227067
-1584891
-350269
331926
-919215
-1546643
-867435
-1973802
1116199
897498
-784745
-78047
1406253
-573679
776880
1242782
754620
-264461
-519527
1113695
-888264
-541847
-1147323
-1481721
-2539987
512911
-579812
-1818457
769898
517756
144494
852358
1278062
-1301211
1037877
2390010
-659703
-491689
1664335
1314652
425774
3218810
374146
-566454
-1977305
-357811
506951
-677489
-498171
-2945829
-1735356
-1223034
781558
-579715
-39931
-1624189
815097
-374273
840489
217065
-495265
-929047
1550968
1240581
238524
75241
-1161137
-963567
-504947
1247880
-1185857
-1250452
-1527113
352076
1899635
-1478269
-35042
-1801406
1461805
140814
1207043
-950097
-1419129
1562877
678353
1223944
999637
355776
1468387
-1487561
238706
-1615889
-96800
116685
-874699
-532107
1143845
-22907
593194
