#SpinCore Technologies, Inc.
#SF in MHz
#SW in Hz

[HEADER]
@CLASS=	RADIOPROCESSOR
@FIRMWARE= 3087
@SPINAPI= 20191127
@POINTS= 128
@SF= 21.670000
@SW= 127986.351562

[DATA]
-4918642
1160540
-5679727
80629
-3045328
-3646605
-1770161
-3478043
2491392
-3880508
3888385
-2770156
4361112
-1920137
3251743
1389098
2429854
3338971
-429322
3991064
-2969342
3532153
-4477076
1794950
-3627870
-302825
-3730479
-1047447
-452112
-2030916
1638977
-3864683
833410
-1783735
2037878
-2186245
1917150
61173
3518795
-277993
702364
1733871
-546199
2072004
-581061
2333301
-3196341
1712680
-1834904
134046
-2809816
1553714
-1033314
-2981705
1003025
-1820039
-30057
-467654
2444731
-2150372
816319
1365272
395074
-493096
1427464
-654330
-964028
846457
-276978
376271
-706606
1974583
-470999
997650
-1319070
164596
-471781
176457
-1018465
238347
1419895
-516261
-1784544
-228656
-380527
-3379097
1576445
116588
-497585
-61826
-136788
-520829
387857
1700021
-259576
1415347
1381581
1452869
501068
1096075
525683
201600
919749
1483825
-821611
-1143475
-360484
124743
672891
-604753
-574309
-1481579
1479792
582377
-125927
-648581
100736
220734
-690656
1536076
228755
-800935
-1108483
1119917
-806304
886468
2297630
-605752
-110186
-145361
1428036
978469
-326014
636856
-76951
-1341722
383941
-630529
-460973
-754420
124662
390733
-453104
1147414
61087
1731759
-2761783
325786
-1711342
1113648
984357
30280
879454
-543743
1662322
517329
-617450
422007
-1696858
-625073
-1161439
-174035
1044657
-740214
-572249
-64142
327297
550656
1347999
1548157
-2037218
-59313
-77832
-287734
-1415250
-1573699
1010802
-1097925
901104
291192
-47245
347991
-1347083
212136
-1259108
447154
124607
-1074612
410767
-547202
1103524
-400711
885206
1602821
-51117
-713261
736778
191291
-113035
-66318
1455826
-535134
816208
2136189
-441635
-286690
-964049
-346288
-956518
-1114105
-196747
-1940228
310945
1009701
-739404
-738503
1664793
2308043
271252
214331
1040727
-28093
-1058620
-1041712
1840276
-746917
-770646
-341195
335261
-382174
-289442
-32939
-1991827
276399
1238868
-656472
-645961
174391
-211717
-1291415
2146
754016
748903
-12218
132558
-392683
219801
683147
1084704
-365486
164193
-231966
-901929
649523
1008060
-19443
