#SpinCore Technologies, Inc.
#SF in MHz
#SW in Hz

[HEADER]
@CLASS=	RADIOPROCESSOR
@FIRMWARE= 3087
@SPINAPI= 20191127
@POINTS= 128
@SF= 21.670000
@SW= 127986.351562

[DATA]
3373577
1597955
3711845
2189583
1546822
5126948
-635461
3064844
-1492817
2169152
-3287250
1875823
-3136566
633939
-2369122
-2322185
-2180066
-3280149
-1403354
-2569346
2550851
-3080758
2669755
-2064174
3626967
694424
3131861
2429931
-680196
2142417
-273891
1815788
-1707477
393472
-2229037
-336206
-802089
-502382
-1958714
-2117805
-2482605
-839824
613179
-2119403
893396
-3123991
1821656
950845
3217556
1356805
1278409
465224
-37830
1130990
-238262
2680572
-151248
-23222
-1079839
5580
-393849
48246
543018
-656262
-1108369
137911
-548147
422859
-1116686
-894670
-54167
-2339313
1088922
1217018
1324213
1508525
689724
-546512
-417899
1691368
752214
-58815
-20300
298966
-2038230
-659347
-504515
337440
-1346364
-50893
-767164
-2101268
1046959
302902
-238674
1317488
-158206
292848
1389659
-864138
1955924
-497309
2070617
-66623
-219363
532226
784784
-1443356
-90068
-1531648
1041035
-635564
385301
-541641
-920657
-844532
-32540
2153872
-923686
-1587357
593026
-851741
1135839
947584
-214710
-90185
1850682
1704746
833672
881701
-646289
108137
-48635
495790
342304
-136473
-1077448
1144504
-521989
1116474
-386052
-679116
-478060
1334689
-1001875
-1415310
426465
-124201
-929838
-858793
-104977
773241
-1128288
93255
-1010575
-1873584
-549285
92170
-725537
217069
-377630
-1222347
-1985118
-1179811
1275308
-77556
-961703
-754931
-205162
-818567
988122
1969104
179007
-1247366
451529
-297863
2410081
-174440
519853
-1214013
-380980
-550903
80976
1021374
-507121
-728908
-1243167
176472
1018993
1029842
1275012
-920953
-569435
1188960
531951
535345
507544
246871
-2437317
-487899
-662098
320224
-1190802
-1376375
355179
20989
867500
1725113
-1039474
244573
-1874672
1039916
248619
-320505
912507
-436442
224966
416134
1161066
246720
-112142
1260900
-1135037
1465207
542533
304967
-1899774
-3256687
1332879
-1988449
256293
-81614
257801
-80858
524544
333710
-2614658
1057879
-17083
-612217
560124
-645520
-455476
363871
984876
1676708
1061339
294911
-216899
-853939
-460770
313909
458391
-461395
1246219
110872
