#SpinCore Technologies, Inc.
#SF in MHz
#SW in Hz

[HEADER]
@CLASS=	RADIOPROCESSOR
@FIRMWARE= 3087
@SPINAPI= 20191127
@POINTS= 128
@SF= 21.670000
@SW= 127986.351562

[DATA]
-4212634
698271
-2669685
-1624929
-1469735
-2303113
503010
-4189928
4176820
-2660845
3338680
-217194
2088033
-230171
1512866
4032072
-154922
1138514
-1431114
1770362
-2065172
1016608
-2585138
-1252031
-1548100
518268
-1461422
-2210452
-1399169
-1117669
-1412105
-1622862
682063
-2727324
1226500
-908320
1748440
-350529
2610650
484048
1265050
926456
374375
2145045
-1828306
643093
-2267727
42685
-2143969
-1451614
301214
-2477297
-626319
-369885
1902079
-102801
544762
995974
-233622
772026
-271673
-1060741
678577
-328675
-947130
-702861
1331602
694895
-244018
1450397
42432
495938
-63824
2593120
-1159647
-206138
1820498
-2230065
-1733238
-243848
-272485
-2812841
679692
-805312
-1008493
1315746
-25670
367357
-221759
3220283
-417401
382862
1283458
85856
7711
-1680457
449746
-1511090
381973
555623
-1855272
483860
-1099881
-175239
-1825179
304810
271277
70614
1130506
252481
958559
-818228
1594507
755974
776611
-395891
-1902196
1154128
1392350
-1048764
-164841
1267506
-2279551
240714
574038
-303224
719380
217683
795803
118223
1454962
-464403
-243232
-753599
171537
-344940
-834728
185642
-1057017
147146
812209
756191
-751641
947310
761993
113628
40715
1380499
715826
-1207801
1240951
-533089
-4726
-1645051
-859565
-2145900
-981436
-207029
-117625
645061
-290176
-927211
1232229
631892
1816750
440248
-753278
-583313
-166641
-928730
-317815
498965
-1110537
-436572
116142
-1873658
2085492
-830398
7796
-929569
656565
72170
-8236
182386
679581
-202301
1002429
230775
-472992
698227
1272492
-510048
1240443
125227
279928
646419
197326
-1043314
-3120
1260660
-1401738
108990
640048
-57067
-2503734
1274507
1355642
176612
1038711
1498980
-1812629
1062265
813517
-1135720
-821795
1702802
27225
-1287871
436429
507836
-380783
-1479029
-3361
292873
-1792348
2037591
-2146215
1450745
550337
-276869
-294077
-1223788
425320
-274854
1341187
-284499
672979
1019391
-1303036
814960
1069366
-458536
231131
-580999
-265093
-917342
-343947
-513762
1134694
517792
828741
-675215
135740
542156
-1507160
-1420402
