#SpinCore Technologies, Inc.
#SF in MHz
#SW in Hz

[HEADER]
@CLASS=	RADIOPROCESSOR
@FIRMWARE= 3087
@SPINAPI= 20191127
@POINTS= 128
@SF= 21.670000
@SW= 127986.351562

[DATA]
-2022863
724282
242528
-485462
120923
1736827
-742441
-1830422
1838756
473542
-65274
-136399
1074592
1700978
-1419159
2117209
-838378
385732
-2007807
1790164
-463423
122255
-1136825
-154064
-780130
-653436
-1192424
676022
-1701571
-2476648
1431885
-683656
586562
-1410731
2755487
103751
-434595
2648864
-3055
-623751
1209622
-55854
-1084139
-1223195
133601
834944
-524302
537164
1026534
-683561
-986922
-385746
-258901
412437
-376517
-580202
1704791
-643017
-182757
605976
-479498
1338536
1450559
608401
420261
-429276
669922
-750853
-151823
593842
315782
1601380
-942649
-512389
295503
-228233
591105
-700979
-43380
-2016786
-2107692
437000
858590
827391
-76115
309114
-1921812
1032852
-33120
-315409
1545488
-1193870
-2201144
1278222
798313
218339
-92849
25432
-1545964
-418430
1119177
725381
-696860
-478557
1891620
8683
555271
-466283
205587
-1379434
-1000490
-996855
-260103
-1185575
1189963
38478
542302
-161174
-118000
-782550
-1159166
767744
1175757
-1122502
-461320
817050
-603980
-161997
747273
1336876
-218710
-417465
1022015
916268
-406532
2260155
722616
-143001
449266
-816622
-188345
291043
2128972
2086223
127406
-1846442
-1053458
-201073
-407064
-657655
250998
-980280
-777993
-126842
341123
949222
-304244
-80147
-349858
-543418
-1323696
559214
984253
396947
-964649
417569
12687
1166425
-348107
-1286584
-53590
-628633
329209
-1264636
-949249
-415606
551485
-1287515
1468020
565604
-589933
-1022963
1059633
401257
-437732
-676189
-137953
-1534499
-1183166
1084808
1083943
930226
-1164781
-200962
-2051239
1427301
-361394
-399402
163874
-1036878
-621676
711387
670377
741243
269402
-138387
1465313
-361848
-1158971
89702
791334
1167199
-615973
1090768
1573725
-903245
-953690
381450
-54496
-1171730
-1137933
-518431
-1502447
203543
176681
-805197
-1949729
133482
551846
-427810
1032010
1181154
-1507627
48414
162180
-946286
-762889
-381618
942968
-1207476
121358
746320
999974
-274410
-364741
-329283
741121
-874828
937005
-247999
-812040
528746
940123
624274
599818
-389770
