#SpinCore Technologies, Inc.
#SF in MHz
#SW in Hz

[HEADER]
@CLASS=	RADIOPROCESSOR
@FIRMWARE= 3087
@SPINAPI= 20191127
@POINTS= 128
@SF= 21.670000
@SW= 127986.351562

[DATA]
16251515
-1122479
14271777
7779700
8802331
14106927
227541
16484056
-7906124
12911790
-13739134
7761120
-14408557
44718
-12001638
-8429323
-6191029
-12610724
1273069
-14617102
8387742
-11510803
11809330
-4810797
11916792
1300411
8929756
7452778
4002398
9880880
-1331748
11277563
-6474200
8526258
-9081004
4685981
-9369651
-1774361
-6682038
-5716613
-3109906
-8183601
1702093
-8562071
4344180
-6188335
5772090
-2544129
6136088
677533
5101493
2820534
1682135
4268356
-126558
5147458
-2941723
3823372
-4151837
2609538
-4037102
527335
-3361726
-2673505
-1912428
-3589636
616145
-3803311
2172273
-2131679
2203608
-1532108
2318237
-273260
1844716
412642
1361148
281331
1230224
1750370
-466453
1756998
-975751
1997054
-1769114
1203612
-1251234
-113519
-1385043
-293384
-451385
-1066649
-65985
-1116368
-14106
-1593547
297361
-673003
978906
-368541
1031614
-880475
1404120
814894
664800
754084
567011
667152
-348328
787158
-743226
372364
-1301792
964260
-1402529
-1518
-575781
-802288
-452596
-179078
1031123
-1808624
1219961
-64388
587448
-488650
1408938
-442748
289524
-154985
284307
621932
196129
985635
-1067179
1382654
-985019
569994
-207808
311515
-993957
293075
-489057
-447908
-377032
-215310
975679
-975508
791868
-359336
1379349
-209622
699864
-523456
436284
115102
-396850
-147496
375513
551991
-383757
161978
-635212
919263
-107697
207099
-445170
-324585
-1087245
-110823
942524
35834
354060
-462515
-82393
-28069
393660
-497596
375817
-1211451
1132760
64364
-747597
458306
-8717
-834914
-545427
415629
-938678
161883
442528
595746
-1321889
500460
237770
-48685
419920
-304412
461955
-229104
534691
273973
550220
284564
326220
-461978
131055
427019
674511
38862
844538
-53282
-13922
406296
404605
-656368
22237
-228439
-752462
-85154
678387
-147109
616844
272138
174332
-289559
931362
740256
445391
-96504
482051
35289
-13686
-376791
708648
-40232
289690
-266233
-438419
-195664
-205745
72508
-731390
-212089
78665
126342
-106717
501748
258764
-754962
-52786
-438291
-666966
573159
590517
-289285
