#SpinCore Technologies, Inc.
#SF in MHz
#SW in Hz

[HEADER]
@CLASS=	RADIOPROCESSOR
@FIRMWARE= 3087
@SPINAPI= 20191127
@POINTS= 128
@SF= 21.670000
@SW= 127986.351562

[DATA]
4596688
-89104
3482651
1930741
1701322
1182719
651943
1089891
-1656310
1706217
-3279144
168573
-3028687
-98829
-2804959
-191722
634939
-1995771
1476362
-1080957
934302
-2286158
2790409
-996454
402006
-542826
3121960
1401260
-1153577
108447
1196884
2923836
1107776
1401071
-1134457
3378586
-513925
1327462
-798733
-786024
469096
-2119412
477520
-1545520
1262678
-3368404
318876
-817354
619176
-470976
909945
-305017
-250544
2509459
-368330
554080
-253472
920699
66860
-481468
-831940
-2062130
-156998
-991425
477956
-300626
-1708565
248866
511976
465939
619858
987582
-1002152
-88643
405925
520471
470066
310938
926041
-1136671
204332
583877
-1466582
-462380
-2210773
633520
90084
299204
-1399454
-1564307
565753
345444
-658298
824142
566533
1000949
-785028
847545
-569539
-1280329
-591905
-1130571
-367585
-314699
-138416
142251
-214928
272289
707226
618362
68730
1466619
298999
-1235319
747114
-579845
-1074111
-695305
-425536
-328181
-782925
357015
941689
1019873
-1199628
-875999
660558
2315308
2514763
-1269462
17067
-256873
1470713
1033701
-167741
-2208166
-1564521
776940
-1341325
871744
-1347040
-357526
-424645
1489256
481207
85429
532295
-688856
-277459
-48126
-391259
-1398585
-1094587
-2197393
-1557011
661407
-735965
-469565
-1001812
790023
-1033558
532299
805000
986108
684755
680684
-442361
258532
1466177
130894
-966086
-2110951
479509
-1675606
-608368
330663
-2175960
437232
-198420
1803853
802967
1489360
252799
284564
214163
-464482
85513
-969439
-632079
-1684066
-380954
478443
-368303
1077438
-1697078
-260300
-592818
810985
1269499
572135
-1165500
1534013
1337742
-106841
423954
-468406
104068
-932873
259442
1028093
-493323
828923
-665428
127399
-206695
1065491
-633495
541235
-226394
86014
917404
-648867
-652080
611025
180922
-409130
-899031
-869623
-1541987
758240
550953
1680147
68893
1376142
79204
474671
1465517
-275607
-947615
950078
32338
984571
1045899
-978442
-250529
1083051
-259926
1343538
-734903
-1671614
1215333
472072
3238612
-889779
1323802
-624628
