#SpinCore Technologies, Inc.
#SF in MHz
#SW in Hz

[HEADER]
@CLASS=	RADIOPROCESSOR
@FIRMWARE= 3087
@SPINAPI= 20191127
@POINTS= 128
@SF= 21.670000
@SW= 127986.351562

[DATA]
-3116487
754565
-1131220
-650101
-331445
-1221327
-418910
-3716210
318137
-1972676
395064
-3737824
2576906
-511532
2300391
1493138
2272781
1164241
2880792
3196119
-815600
1823487
-1151484
978644
-2422097
-120421
-2518854
-881139
-1865691
-1425393
-798002
-1643734
145741
-1363216
-296171
-1007577
749797
-715069
1113604
-900438
1138563
305176
790813
71541
1387060
-966443
2676805
1888347
741112
2066866
-236689
1053081
-1586095
227646
-2074603
-1672548
-1492042
-2362220
900867
-2072848
275197
-1225825
38159
-86717
2485135
-1717765
-23676
84247
1690392
-1230651
1723283
808911
-1639832
483045
-816486
-1273886
39926
1840904
-1481139
1699865
-232423
-326598
-1030626
672472
-496800
49600
248583
-394490
242395
-1041331
1029543
-564230
-131929
984462
81597
234365
541678
2247221
200383
691270
33969
-521416
218270
-451653
-286507
-502734
-651067
-245680
408601
-9603
188981
2466106
788689
1076579
730697
-249600
1037037
-605183
-106012
-1381742
-1838647
-510441
-1193466
152269
180429
-19780
599449
663999
2818925
1105400
895141
-412961
695594
-401275
-680381
-1950230
-1816202
-446719
-261915
41733
1198244
-1364855
1290804
819196
46602
118201
1095234
-121541
-1630782
224300
-150424
1010978
-226094
-855080
-691064
701596
1502018
397052
1386912
998869
400078
-1009225
82622
-62711
-1022504
-1047824
-492040
635147
-1866811
754914
-539262
1064674
1256151
813506
7264
691060
1391788
-1164114
-565754
-895946
-1570847
-765550
44732
-911809
81050
1911401
-1017064
2978
144585
1983608
-170525
-1058665
1722484
-718593
-925273
726912
-661190
-1207461
1088030
-1498287
-2250
2069150
-332338
-867766
295647
655676
-1300823
2265056
-243935
-1550698
477420
2684030
-1714692
-188645
-157032
593893
655568
1156555
-307822
937634
72951
1334259
869481
-1465405
-357184
963383
-39735
543797
-1010633
-547114
578995
216915
-1282106
-954353
1131282
-780915
430643
1858773
21397
-599367
12522
1093108
-1208835
478537
-547939
-109346
918260
-917105
-919271
68105
-265227
-1794757
-68207
-53926
468242
379503
