#SpinCore Technologies, Inc.
#SF in MHz
#SW in Hz

[HEADER]
@CLASS=	RADIOPROCESSOR
@FIRMWARE= 3087
@SPINAPI= 20191127
@POINTS= 128
@SF= 21.670000
@SW= 127986.351562

[DATA]
-7375663
931817
-2771860
-1821888
-1210855
-1904692
2039604
-4907907
3245643
-1853199
3652080
-2535309
5396548
991223
2304456
3774944
3698878
3774303
-2350466
4347386
-3158228
1693623
-3607002
1364892
-5874804
-1411579
-455760
-2865343
-1059364
-2694542
1480178
-3195654
2569706
-9468
2567570
-494321
1745698
-365493
1071061
2739035
761903
1722824
-1112443
1579878
-2341022
952941
-2599533
454390
-2641326
684157
77690
-1259689
1539594
-1743722
1105316
-1860074
1913554
-1869596
983799
-66041
-1173087
-869402
259287
763453
-1071855
868302
-1143785
706438
-892552
2067612
-1518923
2389276
1481280
-32462
917541
-414147
1717475
-1487950
1675915
-752534
-473887
-2109724
220233
-996675
-617136
109329
-1865950
-976162
-609479
1337264
176809
1644859
760659
1298905
-83447
522848
1438797
-913712
-502040
-225494
698750
-380557
309168
-1201206
-1790709
-1192092
1667299
175423
-696886
-402396
103504
-1040920
661579
876024
-1361728
-847532
477503
1518862
301886
-12294
-389594
183064
-524478
488555
-1088745
-481214
585616
-471179
-107843
-781041
379737
-1375293
-1214943
-15787
88875
-735728
1504890
1073618
-436078
972125
373041
953498
554506
969136
426283
-796863
661860
-1143549
-667622
37037
97513
-2428394
-2014209
695165
-1192435
-1235839
-328408
-311485
-1250560
-22243
600643
2386745
1063238
1086625
1520985
1091664
900350
1349751
924120
-1337318
-755312
-1839885
-792607
-1917585
747514
-290440
-1428381
-102934
-679072
1229135
-2623
529525
476545
-1948775
500431
-393847
176960
-5317
-1053904
72324
-749742
-227100
-856754
704382
-1072388
-721576
210780
-220206
-440490
-1022278
1149252
628573
-957361
446862
391888
-857351
1277336
384535
-780063
-1136622
881412
-139922
-790102
605477
-582729
-1859819
1681203
-20104
-1506227
-1622887
-1178562
-957673
-651796
185082
-1827030
-1150801
-129293
843752
-450344
128909
1130554
908863
-314906
2234022
493555
394568
-73362
860443
-1321501
-1448397
1382457
-484111
-1872734
75692
334410
-79969
-334706
442031
-842458
338849
114854
1355750
-734071
-547469
1304972
231606
