#SpinCore Technologies, Inc.
#SF in MHz
#SW in Hz

[HEADER]
@CLASS=	RADIOPROCESSOR
@FIRMWARE= 3087
@SPINAPI= 20191127
@POINTS= 128
@SF= 21.670000
@SW= 127986.351562

[DATA]
-849871
-1118238
48104
-479290
-1720880
-369843
1469738
-402168
-375081
614312
805324
-1753497
2211987
678606
667891
655849
1978993
-1968436
-933249
1859385
-942061
-2199916
-131592
1059996
-1283614
-1686918
20671
-547061
-1796783
559416
1469753
-2962193
1074575
-965322
275026
-1284897
2477134
-239646
-1170987
914952
2376285
1187601
-1365866
2900562
-866752
-989949
-986306
1873482
-51225
493419
-1750871
1031139
-1768214
-988905
1757901
-563685
-630321
555405
849963
-1081803
1031703
52349
-394094
-145125
-372871
212621
-283078
1512879
-30861
-804300
-417315
1493498
-1231583
940570
-658382
919976
-2402337
641898
621573
-1103068
-132149
-34359
607048
-799530
1620980
2378580
-354236
-1050649
-51785
224345
-112955
122395
523160
-679800
-583004
635657
987950
-2747107
865456
-120330
-210736
-1423062
-553103
-814857
-1531179
1595754
1092583
-1699493
1356925
790977
-494654
-19273
462557
-152387
-167731
-385522
927518
-1283037
-795389
904135
297487
-836373
-209826
1382569
-1832947
-1131913
1436567
-295151
-1009550
822541
1658863
-28400
-15195
1763041
-831606
511725
-99663
179080
246476
332985
2199361
-81224
-187346
1939339
503403
351656
193954
-839947
61734
-856551
1840090
-360949
-164673
-417927
670304
1133997
-1317163
-852590
554426
-1436880
481542
-170138
897769
813585
-218074
593421
-510274
-143182
-2658774
499138
289776
-1038768
1145732
-43089
324976
-780628
29081
894573
-739351
-636794
545679
1349231
238448
-77500
287113
-1757220
291506
1550177
1344734
910002
-10243
1879351
-2274222
170409
523511
-489388
601674
-1852613
-721377
339187
1269499
472585
447930
1340780
-727230
327897
-610697
-43868
314974
-1490408
745357
-1521731
397076
293724
-24021
-226105
-680865
-1196218
-1568852
110305
-349054
89900
1616669
2178639
-164392
898484
-309062
663598
256296
-721682
80187
-118674
811891
774396
1079468
-1503670
923546
-388989
-429304
-2249060
435630
-218613
-1133469
-813249
342613
-161103
-1392984
1167036
-1254858
2272249
733385
2381945
-718600
-279833
-6690
215880
