#SpinCore Technologies, Inc.
#SF in MHz
#SW in Hz

[HEADER]
@CLASS=	RADIOPROCESSOR
@FIRMWARE= 3087
@SPINAPI= 20191127
@POINTS= 128
@SF= 21.670000
@SW= 127986.351562

[DATA]
5897453
-654693
5421654
1637593
1476623
4930188
-998236
4891155
-5686433
4651821
-5208380
1977584
-5464225
-71939
-3587252
-3051407
-1395070
-3743979
1021124
-4981889
2856454
-3280329
4638548
-88482
2932980
13412
2837212
3775880
1638067
6014372
-2485460
5410210
-3697928
2461311
-2681975
1839919
-4301582
-2606894
-3009354
-2565020
-878349
-4270622
1304990
-2194067
1576739
-991366
2167920
326592
2356216
2086991
1188095
1315971
-127372
440961
-2088320
171301
-1561702
168080
-2217637
-14260
-2204103
212564
-199332
-886110
-118764
-1100157
201131
-605373
777484
-1911718
364366
-481431
2443884
219238
440559
190065
922726
1572320
189045
2017450
-950676
837983
117891
830522
-1693432
148305
-986034
494138
-466485
-1198864
-1157863
-666786
109305
238994
-1780789
-1354247
-959458
-260586
1446862
-811284
1186226
-388818
-134285
1280584
339299
272230
-1157482
724239
459264
-141485
-1128943
46396
-1716294
232970
-43700
-222584
-290635
-58500
-239972
257232
207680
-950231
-359697
-114505
-1851818
-740084
-415550
-403279
-401093
1608454
161133
319949
-860842
463721
-332001
-959147
-18394
-803573
-474691
567100
-1579911
-97011
1964318
-312442
32365
287945
42860
-666388
481982
1696218
-487129
299368
573374
-611164
-47613
373680
-334772
-534545
732554
-1530495
-525886
2061440
425466
1768399
-65179
819437
-1785936
-340418
-962513
-2053830
1331550
-544641
-1668086
-1370320
1473523
378959
339824
855126
-441880
-1162087
2747722
-283145
-623676
826242
369077
-41701
-758189
-414133
-1222383
291205
2377137
-1219284
972171
-1628102
-478879
-899556
1385841
-1690625
-1160778
1522265
378444
226645
521094
1337120
223481
2815042
2203815
-685188
295544
806516
-75694
-1270995
1147889
-1355477
-2654751
352498
-705021
-1677562
-79927
-241775
156500
1357868
1215901
-442120
649579
219706
1552987
870747
-662374
-647005
-672188
73173
-732198
-975275
-54016
-1104446
-769631
-570443
-356735
70884
1630217
-115226
-616348
-168304
-1172026
1181
1257441
-1296047
-1274626
545155
1855050
-1851297
327389
-514994
70702
-1055893
