#SpinCore Technologies, Inc.
#SF in MHz
#SW in Hz

[HEADER]
@CLASS=	RADIOPROCESSOR
@FIRMWARE= 3087
@SPINAPI= 20191127
@POINTS= 128
@SF= 21.670000
@SW= 127986.351562

[DATA]
486684
699175
397232
-182510
-693834
453006
903927
-1557436
521283
445007
-1403204
-1235015
962917
-162445
-1025458
741983
1823672
-668772
-1662539
1350551
-211200
-67792
320370
1000767
-2264260
-108800
1161449
760378
-549912
-422509
1816156
-505264
-609854
-206922
1076045
-356980
-345718
-557172
-740252
-860696
647632
669723
-1932667
201536
350631
787464
-321794
1599212
-97342
-1062986
1086402
1086520
270269
-911067
776196
1028327
-546977
925840
-692198
-950722
-443387
-563345
474997
-519778
3307199
112156
-1389028
868084
-713218
-1408334
691977
2139634
-430594
-2084611
1560741
-413405
-666561
766390
464719
-556387
-1134992
-301146
-489355
793637
913508
-370385
-359747
519852
-643181
1749539
-236408
1524452
-549513
-1920791
406837
178178
1548545
-7330
203995
-352808
-1146102
2066339
-412113
-866713
-666734
-217612
-652721
-1108174
2608394
977673
-712587
-61480
-31495
546633
-1323087
1814601
-147667
-2979163
-1153235
1919418
1179011
-375797
2344802
624262
105942
859199
821365
941752
1660856
117931
225556
-1402362
-496892
1264360
1167418
-598434
1088492
-459944
-2364518
209973
611965
241999
632875
-714455
-447393
845716
1072037
1673396
465137
757614
-189077
581453
640888
581688
326210
-951867
1251712
-669645
-168680
-451736
1362407
84736
-889511
-346922
-1561982
-625012
341253
-214432
835324
-1241678
787114
1064851
-342939
1354146
388201
-546495
-285688
-200501
2835727
-1267217
555191
995602
908820
1327297
90468
-847269
-382282
-1656807
1104025
-557378
1563034
-1178930
-866100
1248301
-271757
847275
-1548465
893592
-1537680
77621
271098
-685723
-1229434
-551573
912769
943150
-383481
538744
733888
641439
-1036520
427500
220243
-1925458
827864
-1483617
312543
426370
973843
1467270
-992619
-162511
530664
-465985
-404215
780728
-200374
-1648429
-485604
667986
351715
1318728
-827878
571446
680332
802502
367835
1445970
441265
-1552279
-3749
729623
813699
-1532089
76974
-215624
-1114713
-906865
1335284
-389571
-878739
-1055984
806136
-473191
1774
1046542
