#SpinCore Technologies, Inc.
#SF in MHz
#SW in Hz

[HEADER]
@CLASS=	RADIOPROCESSOR
@FIRMWARE= 3087
@SPINAPI= 20191127
@POINTS= 128
@SF= 21.670000
@SW= 127986.351562

[DATA]
-3807696
780233
-5198032
-1593241
-3045070
-2893004
-1101810
-2944150
302795
-4952626
2017684
-994021
3486350
1421645
1517795
47471
2343010
2599562
-155993
1596968
-476176
-209049
-2817817
2468541
-4006406
422422
-3619214
-1130413
-3268863
-536317
115060
-1615407
1657354
-3680059
1161506
-757919
3021718
-960306
2272881
819306
1824105
2682158
1310647
1241151
1273579
929607
-2027000
2091921
-1241018
1231688
-1286414
-738690
-1070655
-2403951
871468
-2683956
878858
-1876883
1077584
-1664506
120353
-110561
371353
87885
-268634
1259617
1495100
803382
1602051
550048
926540
382796
-204876
-138700
-488215
292578
-2528965
691688
-1348299
-300138
-476716
-317303
253164
-1013813
749622
-969083
-674170
-45505
1563481
330483
-821656
192398
-603466
267018
-488068
165185
-473330
1346769
1394507
379155
80811
-7556
-680365
-143145
-991674
-46489
-1613490
-402114
-814886
1864
87896
-1259308
-76055
-1018787
275216
1607287
-111026
-195345
1445838
-1158084
1545119
1497183
928310
48742
353417
-44255
-1993593
1519663
-52473
-2561960
335448
1011097
-37998
-668409
-512072
-1352
465815
587450
283798
-578525
399281
-853740
-867490
-120099
1148847
-1004179
-26401
-730609
-1227326
237991
1106464
-595739
-946957
2812713
-62487
972698
138024
-49126
-504938
-1248025
823665
-1302419
2114116
-813248
57260
-837825
-1101858
-28351
-403630
1395116
-1729108
-157139
-119438
-91386
-336235
-690177
808013
-1025221
18392
1193400
1067395
-895503
-635180
281320
-1282428
71514
-866107
-2014646
-723433
-1309012
1087645
-419270
1056440
-879428
-1381061
1012749
-217006
1952888
194729
-508277
911503
438486
645964
-283489
-250536
-1439798
1255446
-65628
1173001
1346323
-2034362
-1357525
-313715
119179
-558721
-1194426
-34984
-1095580
2303678
-105162
-176125
-2001219
-191719
802625
-4331
-364805
-198090
-958454
-1620710
425211
-797528
629281
1958494
796766
1309581
384394
1011228
-350811
869849
-56100
-625911
164902
1036096
187127
155891
1379960
656106
106307
-833150
623682
229684
-2343622
1921623
-608695
1074823
588044
