#SpinCore Technologies, Inc.
#SF in MHz
#SW in Hz

[HEADER]
@CLASS=	RADIOPROCESSOR
@FIRMWARE= 3087
@SPINAPI= 20191127
@POINTS= 128
@SF= 21.670000
@SW= 127986.351562

[DATA]
-4851803
238023
-3014374
32324
-3417843
-5079993
-352466
-3758354
810018
-4181730
4092018
-3613071
2872900
879687
4460492
2174073
4232744
3688705
-566890
3241840
-390523
3998891
-4131778
1701511
-2485070
-590727
-2477289
1192018
-3075512
-3494398
187080
-2590210
459511
-3842394
3410828
-1784296
2242649
235814
2543151
-45389
1241937
1873879
-1884888
512226
-105056
3802874
-2009111
1176888
-1103276
569692
-1303858
1291037
-1411118
-3543258
-696369
-2341850
-1102250
-978177
3386418
-1176580
321205
981807
911807
-416013
347856
-306389
-1042033
-698650
-261265
1058858
-1011251
3220317
-1112571
-835557
-146183
1369846
-1231012
167023
1411345
-947079
-113804
347661
-449344
-1536884
704471
18243
-1533651
-821375
-219256
-953402
-82145
584894
-373884
-1305851
29812
2253747
-1802003
1251090
646443
-840377
-853869
2429695
1796236
-305542
-824420
1995837
59086
-706136
239787
1454984
-2107356
-112691
1223999
-1750973
3189609
555099
1376400
-1240149
-31598
1271300
-304771
1121596
374229
-633283
-91988
-1313747
844899
-166765
643175
1485640
-933782
-662932
-577168
814679
-770021
177945
525942
616328
-467263
1353134
674307
-1041252
600236
904804
-328145
-517064
378567
-773932
-1250213
-1139816
632563
-629880
492664
929197
-1988265
-1690358
-106632
613578
-271016
522760
-617323
-131290
440709
2848970
141885
559444
2263829
59595
-794387
-247273
1628587
-929105
1523843
-1088039
-1161099
-1294325
563573
-1237658
-482241
-92613
-1364818
-328438
-675878
901924
-779259
-792687
1940972
119021
-631557
861940
911361
-807671
-75353
1731107
-926884
-399504
335754
1491311
1264797
623098
708203
-224905
-1257628
582180
1185111
567180
-1070194
-1239040
-2168468
998341
1090130
-81494
-1147053
-900117
-688864
1116494
-72017
531731
-317633
-62168
428097
-1197315
530784
-469617
-468155
-959166
248986
696302
-149615
-1236068
198214
-1263172
-227055
-82065
-66792
-1790759
373257
-467928
-529862
830491
1629179
1022167
302573
102548
-640719
-217822
660607
711753
630560
64537
1030617
-1073798
-1125924
-367993
-827696
-1070980
