#SpinCore Technologies, Inc.
#SF in MHz
#SW in Hz

[HEADER]
@CLASS=	RADIOPROCESSOR
@FIRMWARE= 3087
@SPINAPI= 20191127
@POINTS= 128
@SF= 21.670000
@SW= 127986.351562

[DATA]
-3037061
2706394
-5138897
-2429969
-897008
-2631388
-838493
-4338995
1313279
-5589498
3839552
-4171052
4760442
19897
3599168
2388365
449158
3361778
1230431
3999399
-2747136
3099886
-3293124
1573438
-2808559
-1429864
-2591973
-3692588
-1985633
-3268249
990893
-2179281
-1238608
-2526305
3222739
-405198
3421729
819746
1088654
1957023
3709669
3585533
294393
1560359
-2528213
2134113
-1979846
380193
-4782302
-1188552
-3029875
-51250
-966435
-973574
131558
-194786
2430542
178514
2454391
-912503
463900
-745222
1102856
-775080
-569308
136087
-193515
1468788
-1003632
1481779
-271313
1010222
-879793
1602770
392757
-786510
769715
-469589
-650313
-421211
41136
-3160919
752012
-1155378
-378431
120745
-851392
1128765
-451836
2355811
-5639
418289
2001144
-26335
934899
-40913
448927
-1057892
-992226
-551674
-2229057
-1108366
-1528912
816830
-283404
-452014
295161
1342589
257273
1667952
1390766
-1014107
1271847
1178154
-161296
-1134560
-677758
-1802974
-898767
-658197
-1350073
-868223
-555061
1240030
-550510
666033
-190811
437487
-1185663
796706
-72967
1306271
-308513
-1517979
1273945
-408705
1062654
-1409367
1525573
-854186
-236444
314870
-834097
-850972
-361436
1640959
139546
-246996
899154
-684659
-256236
284414
41699
423446
415869
-127325
-302601
1064601
-1566213
-906271
-263526
-912018
-1017802
-1339973
2191129
-349984
774823
1362715
-235560
835018
245563
646644
-1898017
73345
1639267
-1406806
-25080
-1343727
-410322
-1985669
1341148
223959
-534676
15315
-258738
1141224
87998
-29251
-1232285
-219256
-255645
50980
-180918
-775285
-84932
-700730
892485
1694030
-32367
-969512
574399
1357188
-722327
1266454
61980
-1354086
1761483
-1731152
-69336
123731
1089856
400109
1109316
437081
1037912
460177
124254
-402577
692948
255072
-702805
-332710
-96038
-1317318
-150640
252192
-560627
474921
-750565
1368184
-379530
978370
-1476182
996678
-668883
-451006
-353810
-16047
1874252
-1331292
1397177
-91201
375564
577313
182874
819416
-1168623
707926
-1037731
884835
-544017
-763284
-253582
-335574
300747
278115
