#SpinCore Technologies, Inc.
#SF in MHz
#SW in Hz

[HEADER]
@CLASS=	RADIOPROCESSOR
@FIRMWARE= 3087
@SPINAPI= 20191127
@POINTS= 128
@SF= 21.670000
@SW= 127986.351562

[DATA]
1480927
493233
5184503
-1657465
1242911
2882327
798502
2121573
-328695
267786
-3322315
1476869
-820724
70810
-2447920
-638329
-1919004
-3181605
1993656
-2034823
54234
-1831749
2829175
-1019703
3350465
1355935
930931
379674
1137381
2351905
-479298
1019870
-935730
2886691
-1099217
1545409
-523123
127901
-1005579
941829
-656883
-323354
-784149
-1679065
760428
-805455
268949
-1896091
1440185
577190
-48427
2817902
-702899
320236
-528125
355179
-1542469
38895
-269940
-1309688
-624532
853712
199849
7863
-431704
-594149
-646123
-120117
2575519
-501849
756981
-560266
1035037
-797572
917827
-359526
-530918
963247
-1483918
549404
-1889465
235526
502764
1882984
37663
989989
693282
-589857
1098730
985774
550583
-224273
1199272
832903
-1103826
1446110
635650
-1087106
1664341
-1125047
-980967
2373007
1366658
545618
1005489
2405462
-1326796
518410
-597116
1444225
486970
-709246
-1154033
-30444
-336097
487668
-2089677
585508
-196894
745956
14598
1594344
68685
1358594
999763
-178
1185398
-1288627
-1375992
-390939
-403398
-1598320
-511190
257112
80377
-91558
-586740
380014
-1358486
531319
164760
237035
738131
231813
-701820
-698297
659547
-834265
724077
443804
192826
77994
-941031
686632
-488464
347217
60138
-721641
-365166
1034789
1029780
-109618
-720710
206288
133323
16345
-330011
345756
-675776
730640
834326
-1452071
6125
1004534
-132551
1837456
647193
-53614
-343650
563586
1115655
-85441
-3016374
798852
-200334
-617408
806826
233876
487040
-754490
514732
-557844
-818450
83135
-157664
-537198
-210841
-431125
-1499176
-1096552
-54302
214300
231333
790933
72454
1179597
670040
26909
2748543
303306
1779615
96086
-89297
-966172
1375813
-1033407
-290315
212856
-1050593
864626
-620866
-731569
-185111
55733
895453
412040
1120408
-1136001
1266779
311797
676457
626886
-185279
137776
-119406
-614834
-1781324
-781668
-948179
555328
161899
1427862
129806
36019
-1583246
38157
813765
1878314
-166441
807964
-2214232
-378515
1338149
555809
-386298
-67315
