#SpinCore Technologies, Inc.
#SF in MHz
#SW in Hz

[HEADER]
@CLASS=	RADIOPROCESSOR
@FIRMWARE= 3087
@SPINAPI= 20191127
@POINTS= 128
@SF= 21.670000
@SW= 127986.351562

[DATA]
-5199489
-387256
-1278121
-1850915
-2415671
-1889466
-931799
-2481923
2429687
-752458
2494664
-2441402
3359897
-566851
272591
444895
734485
53688
369110
4503915
-1679972
3430685
-828297
1199430
-3028648
981185
-1725672
-1260016
1172
-1010902
343091
-2085096
2025712
-2552947
1628115
-1264906
1659642
-381021
2088632
676747
-1314840
2723504
-1288858
875812
127330
1344608
-1154225
1047962
-1500885
-1245029
-849680
-347851
563351
-890492
872403
-1651867
-462694
-1616541
1493384
-845567
515309
-227845
-385845
1706246
466253
3011256
-925857
840472
2014581
577352
-284770
828697
-267500
-1239713
-1561441
1276962
-1123139
118150
-580561
-1141822
-1166546
114573
123726
310972
95677
358417
262227
501087
-272634
-170274
-349865
1092450
350606
1311709
-247306
-1658829
-964404
470833
-937967
3571
-226026
-674094
-971925
1267735
266799
798259
892475
-1759910
-326627
1534601
520290
-1045034
380958
-466567
-668512
-188878
806971
-1785782
-561547
170025
1418050
145554
169183
938787
-1320946
1606501
-494443
290318
-223577
1256889
-1324360
-677958
1186564
-879364
2026434
769465
-947212
-1434651
1310604
-11923
-492716
854845
-655504
-1774163
-33484
-1019621
648437
-2135469
975084
1012594
-822405
-1080121
-18819
-560490
-801730
384081
426077
-684197
-1056445
720375
-300302
-621136
63090
-446421
1005684
215443
600619
588185
237769
106994
-590403
1250621
-986521
-980115
-992376
694936
-302850
-1933919
644196
-1459882
692906
259718
-711605
-215103
622586
-757385
-742111
618886
-598811
-24268
-110913
888137
-1246211
631765
616873
-278756
-70052
1688617
-952129
-1305961
1589015
1572596
-586900
-251982
187251
-844921
-654920
205977
-1160028
308965
1540239
-506637
379728
2153273
260908
-1938406
1259460
686465
37952
-417376
352846
-977816
456577
1315477
-576918
-1060024
42956
740903
187656
567697
1406220
32229
-271453
416555
406330
-891013
739181
-187379
-660648
811358
729111
-757101
-2939323
-820045
-1630921
1357676
2339410
-1757767
-1468952
615614
719685
601080
1117243
10440
-198002
-380963
