#SpinCore Technologies, Inc.
#SF in MHz
#SW in Hz

[HEADER]
@CLASS=	RADIOPROCESSOR
@FIRMWARE= 3087
@SPINAPI= 20191127
@POINTS= 128
@SF= 21.670000
@SW= 127986.351562

[DATA]
5773030
-39793
5521865
4029162
2237531
5279630
-1054307
6916435
-3304698
4719654
-4582331
1963880
-5683976
-783088
-4103185
-3819710
-2349202
-4882070
-646325
-5072054
3823199
-3126609
4866773
-1091054
3155988
923887
3597758
2610941
1653344
2480273
-735432
2680325
-860637
3370357
-4027555
884171
-3713231
-1477479
-843533
-2270915
-155439
-5294471
2365986
-2261109
1975231
-843571
3867200
-1702620
2197478
466443
610457
570675
1329794
2086895
-1569603
2071968
-418138
2618708
-2271222
-100799
-1788227
-52488
-398958
1006617
-267405
-123055
225520
863479
268870
-976377
807233
-1196658
1904333
838813
1941375
-363777
-155463
746305
-1022159
1798113
-746873
-3626
-313131
1062548
-1523953
933142
-253037
-492394
-1018178
-538884
-430030
-687168
-1171051
-299315
-439309
-1366246
431342
-545893
-886640
-1453668
2750177
-126192
1485472
883565
948545
-921363
421972
2153011
-36361
-1836783
-48181
743591
236289
916698
537599
-510714
-432462
1030966
-543752
709394
464338
-1435390
252810
852442
1375423
-1514715
896669
-116310
-64051
184972
585733
541850
-1017242
1512849
-1032833
656896
-503846
1606921
-465177
1117796
86374
735578
-565561
505397
793633
734569
-1421910
-1139922
821719
-779412
895226
-455159
-432038
855564
464481
-965087
-2396074
1498579
-1025375
246846
688907
-304309
-2219483
-777250
1108691
1215168
-280473
-140080
302670
-490349
710729
1028555
114500
-520226
666107
-1072722
3700
-930487
1281620
-107498
361644
-55763
-1250024
-1276940
-970296
432050
-1294370
484857
549838
223675
1885378
1105844
-891574
-539478
1412444
177258
-1199828
1679164
-593048
-960898
60682
2200224
-1554430
-974438
255126
1555386
-1998874
1357660
-448611
-473761
-314764
1036837
-452305
-664993
2428990
2025404
-1584955
-355730
1170180
-352089
902568
-655783
-1544993
-1602098
-764423
-303128
-13276
-1120333
-1375900
146119
-1188153
-1344824
-1283905
-1584864
-484109
-679619
58310
1480285
631273
-735530
135935
-1674220
-70474
652549
1094261
-667429
159456
-962177
1794832
-1786334
1416951
-1271027
-993318
-124045
667602
264066
