#SpinCore Technologies, Inc.
#SF in MHz
#SW in Hz

[HEADER]
@CLASS=	RADIOPROCESSOR
@FIRMWARE= 3087
@SPINAPI= 20191127
@POINTS= 128
@SF= 21.670000
@SW= 127986.351562

[DATA]
-4561836
-2604300
-3276396
-2807984
-3524069
-3902471
214192
-5031500
2024908
-3005230
3632011
-2111390
4752852
2178648
2854918
1555723
3309653
3827689
-558026
4595746
-705156
1940107
-3758004
3018090
-4527979
-646499
-2418894
-1279332
-2078827
-3671129
-612904
-4906738
2492720
-3069815
1860429
-723546
2408924
-168466
1150070
2071622
526896
2351193
571046
3089600
98600
1386716
-1167807
1580056
-3051166
1580551
-1404217
-1486099
-1771871
-1116463
255470
-2359311
1003514
-1132053
-269120
-1651255
1514403
-673930
475665
31567
1414637
-75073
247648
766027
115099
697676
-1618824
1301821
-1357973
-377882
-216485
480975
-558144
-284226
-251635
-2134824
1079575
-238477
102691
-880871
1348418
197196
-2847
-2094028
415475
200415
-723945
582907
-1030198
31976
667438
843760
-1304868
-979047
120946
1685995
-696657
107384
1410087
-1741987
903359
4477
865104
165572
-639288
-705834
-512995
306480
-638650
-488320
918339
-1553622
-414686
1509902
117819
-848145
-55029
2366306
-125137
-918107
1413749
98850
-2029381
-65208
517841
-1262160
-528623
2323005
-185340
-1836911
502922
1317522
-326885
368116
478297
450980
-899014
233641
384049
-847443
-1571590
563814
1515680
-1265163
-618979
570725
-1213924
-749778
643602
612516
-739962
-809049
1116157
-34426
352644
1412463
163749
-1427025
1702669
-4596
-77174
-1384388
1369337
-113145
-5706
1858745
-383335
-78092
859435
138213
-1265089
-744806
2098310
1103215
-337533
-1710731
18892
-1071730
179615
752479
386975
-1186839
-210705
-1280787
-279960
-1363609
1249696
524186
-1065521
523614
759396
425809
-349502
132270
1029617
987797
-1702826
745654
-219063
-588836
-868173
-304810
-830028
-323563
-797112
-49916
-874837
-2295873
679194
1236762
-541808
-220156
1038102
-314530
-1033378
504833
-355834
367807
-408845
-1289335
-187226
668799
1274360
-488074
-590613
-246850
-226944
-328565
-182006
-1803511
-2594538
-678956
198120
-2273154
454915
78857
197737
528332
573261
1449189
-2107423
-27331
-999583
751494
-1246488
-1342697
542160
361568
1460480
1621182
169067
1227950
