#SpinCore Technologies, Inc.
#SF in MHz
#SW in Hz

[HEADER]
@CLASS=	RADIOPROCESSOR
@FIRMWARE= 3087
@SPINAPI= 20191127
@POINTS= 128
@SF= 21.670000
@SW= 127986.351562

[DATA]
-3732386
131415
-3730270
-2257130
-1934750
-3860496
-790609
-2945140
3588340
-1269912
2226076
-1962406
2272867
537147
3516334
1024959
1606693
1968032
-1156771
3042079
348094
2930727
-3500754
294638
-3134743
-1213678
-1617367
-3328689
-2211887
-1882635
-293022
-719198
35702
-2923953
1672088
-788298
1604177
711947
1039918
71352
1655464
3492201
-46888
213785
-1145848
480996
-2743234
994049
408562
-1105451
-2772862
-1247398
-330721
-1907709
1735150
-810998
-500212
-426324
1836481
-1679138
-53088
2160204
1100969
-90599
2527875
1380262
-1818597
510153
1745157
1603949
-1719522
173881
-1413672
-1840038
165613
847500
-2030647
-1553890
128900
1109377
-2338741
-656962
1321877
-2219781
-384450
1126637
1174991
-861001
792890
753708
-715264
758442
1260048
-99521
-619331
-196718
126230
501911
287170
1529589
-829832
-1057334
-1072146
1741323
-707017
-618728
311459
664857
-337503
-488344
287233
-28502
915745
644078
-885819
-1926805
-326623
-281945
715554
-283578
734117
403292
-67259
1876048
299722
405544
-427286
-236463
-1207415
300763
-519845
-812296
-1282788
721799
130813
292786
188163
1997439
-1071302
-355795
1123856
-272027
260573
-155988
267291
-177579
88937
75309
643826
-1247109
282143
-370351
-1591139
-1185936
116185
-821172
119499
917886
48222
-27595
-1460480
1059781
-986930
-630477
249481
107568
1035875
166367
1426536
-420395
-805311
46728
-299526
1587904
-279337
-1270738
-1501182
247903
-107692
-573877
-164445
180995
-43910
640972
-1840511
1075456
-1113232
-226680
548081
-947474
-283142
-606450
1637314
783843
1014674
771220
-689730
-613335
855018
-1342208
845164
-400452
849118
-985908
298713
1818619
-938014
144626
1248849
2168895
-963658
929
1349493
-1065346
4214
1136095
-294179
2032416
506082
1073155
-1265696
-720993
1189547
346827
708422
133892
-85823
-789639
872677
1641426
-401680
1097190
-1033408
-1412141
937769
1234155
-1575791
-164631
768896
1751737
-648801
897522
-2008586
-373819
698259
918798
-107296
-1033239
797535
-1579485
-741081
-1008543
-100370
-948957
15788
1055887
