#SpinCore Technologies, Inc.
#SF in MHz
#SW in Hz

[HEADER]
@CLASS=	RADIOPROCESSOR
@FIRMWARE= 3087
@SPINAPI= 20191127
@POINTS= 128
@SF= 21.670000
@SW= 127986.351562

[DATA]
34265
11399
-1588169
-1787113
-345527
-2482780
2020385
-2192870
5103
940280
1306065
818979
2229994
677117
2159255
426566
-1699652
1370642
-1579943
1593010
163911
26815
1980956
1287476
-1161698
-718392
1340878
-1087079
620660
-594707
1521081
2298587
545152
77144
-111799
-277175
-996010
775915
-3068648
1381664
-1336458
-1173476
76018
-1679825
1112874
-366729
-1286638
-985762
655682
-739729
921577
698959
273759
12341
-314666
-1179717
272748
809457
-252255
1103945
-171614
1367311
958853
-1023287
757739
-416536
-329648
61473
-589529
1651047
1366050
1102145
1119228
609238
471876
-35911
-1213277
377049
-294992
529326
1092145
727672
-35352
-93776
-1019189
-419640
-790043
673916
-807704
1268968
931477
-42883
1235850
-2230988
336227
1550452
-2160677
-1701362
1147915
763305
1578082
-244210
-60629
198681
-1931598
-1781475
-502652
2717073
544580
-1773
-659240
363422
692568
-1143344
-1641485
-202306
877552
29873
-1326534
-1108439
1947752
-780031
-513914
720104
-535989
-85183
-625078
-1175042
2057403
-112042
-53665
104483
130548
621428
478085
-862222
898006
-171459
257218
27808
-465836
981518
361512
-323038
809243
1365523
58029
1115536
-490588
-279547
-5020
319877
-263091
-76316
-544818
535305
-340542
145614
-79302
218140
-142423
1223023
-535788
291400
-580081
224811
281761
1343526
-454131
-14721
210074
-257124
-788383
757382
-36332
481089
-877111
-1289553
804783
-574657
-998562
-1464022
-777557
407079
-423207
582718
877184
160164
-132204
-918376
-1303802
-266991
1448855
-98935
1130405
2607521
1226355
-1364738
-2096575
-71128
-680332
-341950
-982117
211584
928815
1682187
-471441
-535341
252472
1312188
-1327458
-525739
-132376
1780868
-709322
-1065564
75265
209454
-1067837
-1299875
-789398
1585571
-31669
-798269
927457
1845702
301187
171090
-2169533
470200
235036
-588329
-363780
2285596
-592186
-1782671
67140
-470627
-95830
977068
-1509936
839836
1621813
9840
1508746
-1161897
-44785
-6099
-2058205
142382
756317
-585345
-847002
426372
782955
450072
