#SpinCore Technologies, Inc.
#SF in MHz
#SW in Hz

[HEADER]
@CLASS=	RADIOPROCESSOR
@FIRMWARE= 3087
@SPINAPI= 20191127
@POINTS= 128
@SF= 21.670000
@SW= 127986.351562

[DATA]
-2115615
-31953
-960125
-1255108
-2297535
-969391
-1471835
-1283520
76197
1164834
-233509
-188410
915840
723912
93756
-277325
1805715
1091984
-266304
-31213
1046993
-524550
-328752
-473518
-107681
-909915
-186923
-20880
-744307
-790461
-2453644
155381
-886523
-438587
580511
-1067042
2696180
2760533
37366
3434849
445226
889492
692491
2079781
-603807
-1888437
3215725
-217353
639353
-457533
934235
-510908
-1146272
-337679
-224835
-1958139
264601
-1289612
730693
-1581857
412031
774745
-1803733
1212332
126976
2595735
-1609189
-304805
619498
309942
867692
1434654
817723
-1049630
128799
1087309
-305277
-1472619
-550884
97872
-90721
-1422733
-641375
-852905
-260105
225127
-128300
-815640
-1707376
-496531
287723
85395
-959276
-176529
1137078
612469
666474
724723
1706945
1565394
-245692
491972
1369368
-857153
694299
-411456
-70897
-212565
-960728
-99475
-1355899
-1595222
-218268
-2733593
-1079367
-1258346
1583532
445077
101200
577488
-1191448
551349
-9942
706439
1087558
1164252
1792575
-621998
-323617
-662765
777937
55692
-807262
-373713
-1800874
483306
658249
-629785
-1264759
-779765
1716
686564
-1496291
880924
-140314
299864
-868010
4158337
1861847
-602274
1868449
543033
1244400
1464626
2147893
1172572
-1884713
887762
-340770
-646301
31704
-212604
-583829
-2543986
-5509
363073
-1480624
-2088344
138170
393725
-436075
1004149
503292
179055
-828686
864630
-1744000
818730
33428
1140315
595787
-326387
1146199
1105480
808116
239461
2763011
512962
1388996
-2309011
-790225
-202102
-629198
-1556840
202968
-1453262
400284
-2486308
-148416
2093593
-2185180
808073
-1240851
1020572
-199872
793594
720857
447974
1726464
864058
-270445
-197968
2271823
246371
-545428
-282156
1599772
-186643
669844
-567940
690465
-1131240
-1486898
21202
-927350
-1613094
-1723088
-336508
-1668863
-543087
-430044
259211
-40736
998219
-833849
-364013
878949
305724
-2002134
251273
1390953
-118688
1811050
408384
-885865
-879091
980102
1136221
66357
-2027420
-119248
-1624723
-634648
1190432
38609
-441636
