#SpinCore Technologies, Inc.
#SF in MHz
#SW in Hz

[HEADER]
@CLASS=	RADIOPROCESSOR
@FIRMWARE= 3087
@SPINAPI= 20191127
@POINTS= 128
@SF= 21.670000
@SW= 127986.351562

[DATA]
-1242264
1027290
-2818259
-2589553
-2411120
-3281440
-60423
-2103305
1662043
-3323494
1043071
-1870747
1001975
-1001053
1613867
705228
1861034
1435863
2740732
3842320
-1361216
2100228
-1727611
1142928
-2639854
199678
142045
-1709185
-346082
-527830
-1154538
-2017014
830263
-2759624
767987
-1402302
370050
-1184198
886661
3353
-671466
-716656
490030
1595183
1022508
2021229
-1054911
1711836
497060
2453694
544171
596881
-947494
-2012627
40064
-1345316
-706162
-1077314
387200
-2360924
549704
-411150
-532987
-1793182
377511
940638
-422430
1311871
-394532
1674395
-858985
1059687
-577718
282798
203328
261987
272570
465905
495749
-1697925
-317970
-122495
-1205386
-185883
-1372274
-47076
-1426630
-102602
-76713
-541325
867296
641865
758193
2117539
360355
348295
569893
-1000347
-584841
-75000
-420178
-74218
-1019679
109769
-429380
-37995
-1777899
116003
1250124
233511
-763014
551357
-946356
235534
1498065
-1233034
-607543
1445098
712728
-21659
1702780
-318942
-1040157
604730
295007
-440574
-892353
-2000186
-358774
593326
-221611
-266732
-1263416
248722
-96941
386935
143066
332763
-484279
-1128239
-497716
2211622
1057130
-525207
-758028
-212452
-431230
1451561
924195
-283759
-2587958
-1204434
479036
1541187
1649000
781067
-241450
445762
-954844
32516
-621909
713587
1266568
-373372
494917
1228169
-249854
3109
884937
32489
-825158
-731681
422431
-1644810
1205937
-158515
-227305
525072
496925
-1098646
-613907
193849
-86276
1870158
-787102
-1460423
-735842
-159203
-851028
382750
412172
-676884
-419890
234500
609312
-145355
1107359
240520
-295482
-1573944
842699
995332
-831785
20288
-2111091
-990995
-2191442
525514
-1733623
572926
-73618
940365
-195722
1860890
478568
949651
569532
503073
1277457
808558
-637284
1072239
-692452
48394
-1142873
275746
526346
817013
-1279929
141769
-1019773
-219366
50038
375112
37475
-1145535
448553
634337
-522767
1137064
-926501
184073
-1105846
-1341996
-354768
685158
311499
148358
125322
-299712
-988701
-499697
-901618
-1669038
-901519
-1344822
