#SpinCore Technologies, Inc.
#SF in MHz
#SW in Hz

[HEADER]
@CLASS=	RADIOPROCESSOR
@FIRMWARE= 3087
@SPINAPI= 20191127
@POINTS= 128
@SF= 21.670000
@SW= 127986.351562

[DATA]
2863750
120681
1870184
1653566
1081393
2170685
-300266
1845856
-35367
803132
-931412
1406066
-2515617
-1095405
-1907239
-1172305
-911370
-1355746
-374439
-2497672
-88222
-448431
1978749
-1077210
2761596
2025920
999163
1932278
20183
3156862
499839
1406749
-1948190
175941
-285151
-164869
434364
-154856
-1076141
-1137939
144188
-29460
-689209
-2483722
1067778
-1693328
1050896
38468
-646768
342099
-208785
710443
-683346
894188
-957681
966045
64885
1467116
-78479
280804
466310
-530835
1288320
-829859
603169
-552121
714585
479798
-1811719
-1725427
-1013249
-1374065
678438
644310
710709
432844
-184789
905988
-1569184
1340264
1325089
-722233
556931
1884921
50281
397117
1747661
346295
586851
1384883
-219497
-430722
1345812
529543
-739914
-1954639
1192662
-1199938
-551602
-1003268
436841
-1196884
-255641
782845
-335835
768970
437605
1389957
-1356594
-204736
950231
1871524
-118363
1681548
-97875
-685157
132711
607984
956234
-1379261
233403
-1218559
-772083
-972780
1163782
-101780
97998
-476563
-1442105
-652149
-864517
1046649
-850705
-142080
-202790
969098
-269092
735024
2598334
85619
353911
482311
1632234
775815
1634760
-614610
47147
-1823410
1143827
182935
-143190
-1554157
-649150
-989507
-1343212
-67842
-1885987
-682994
-262099
-818341
-1435164
-310593
65996
129974
1118615
626002
-709812
-181499
458175
1255682
1721724
-778848
-291491
-1230250
1800487
1434893
131344
-1561023
184902
-1402698
-1247397
785301
-372496
-1125571
-947172
1271157
-1245183
216087
848802
973962
-1030253
1199451
690961
-355497
387619
1559709
634817
-222820
1615347
-421597
-110191
-1392003
79873
-321359
-1264260
-1107158
-1364458
-467069
-1404117
-2156687
1121537
-514332
-576173
148027
856747
1750032
-878069
1106659
-1159858
-1575743
906203
629483
-663500
-698524
-524880
-184095
-725429
194778
34867
-509992
-1352432
200112
-272473
-739890
1942367
-794920
-422829
-697649
213798
-572526
-120474
-585896
-1842808
-83165
131729
711033
-862297
-194057
234255
358056
966498
2297288
-1192801
-610859
956282
-21196
