#SpinCore Technologies, Inc.
#SF in MHz
#SW in Hz

[HEADER]
@CLASS=	RADIOPROCESSOR
@FIRMWARE= 3087
@SPINAPI= 20191127
@POINTS= 128
@SF= 21.670000
@SW= 127986.351562

[DATA]
4934496
-979713
6222198
2586267
3442500
3969097
2114268
5411143
10318
5156725
-3396504
4438349
-4233264
-299107
-5066853
-1034528
-4724575
-1962252
-1725134
-4472810
594135
-2210234
3097885
-4507777
3476880
-1797725
3364899
-183283
3051913
-440988
2906295
2286135
1394163
3818755
-770482
4361266
-1372871
3688716
-3330152
2511215
-2989484
-697742
-3049901
-3928979
-2025669
-2719751
271966
-3603990
507309
-1878929
2862080
633429
1911464
-637620
2424217
2443304
761113
950228
-1112182
210962
-396843
1010026
-823509
-339654
-955164
-302093
355229
301453
-2084094
-1273749
911293
67016
-1730451
-217724
-864460
-761726
436772
205063
904761
-2068211
1183105
-2616034
253303
-144666
708251
581835
1434642
1525529
-1064376
1844978
120071
455077
-907373
844325
-1346554
-395156
836260
-1223988
217257
-778567
63776
-780978
432023
-167155
-845206
2012213
-541705
191753
844971
597998
-333448
-571242
1189960
-2584776
1355616
289286
-2154474
-1690866
1303348
1800102
997012
41263
272665
476864
-256903
810131
-2514622
268796
240629
-1051219
1132977
-802577
604041
-1393378
285628
351597
-636547
1736347
1793
77079
-716316
1633637
-236490
959708
-110614
-975166
1028845
310699
696919
-967829
-1029594
-305114
1365284
580079
1141552
-1510157
-1843586
820125
-1324587
62792
-546653
-97222
-79668
-192592
1562602
-2681880
-181903
-1303494
-648810
418123
2025919
890864
-24252
657753
353499
-682900
40070
-1402671
-1130702
67436
-504962
-1460362
-1670152
-460783
510322
732045
607728
150049
1477259
540205
1516313
-91867
-175535
-1892095
385708
-1042283
-1688694
-235073
-2219195
73521
137859
1797394
-840067
1224905
1441852
1301774
1935419
-689718
-243735
684631
385261
-1194573
-462998
3131124
-1897440
917912
-371826
602841
791356
454984
-82548
-402197
4152
-31136
1356837
-1338088
464310
-1994468
-101133
-544672
-1865660
-42026
-392405
2508156
412846
2841913
936673
304456
1725745
-2191068
1188917
-115710
62363
-2826385
-96965
222280
-923809
2322569
-527816
1202063
-178458
1839285
86319
-562530
-319050
-1312932
