#SpinCore Technologies, Inc.
#SF in MHz
#SW in Hz

[HEADER]
@CLASS=	RADIOPROCESSOR
@FIRMWARE= 3087
@SPINAPI= 20191127
@POINTS= 128
@SF= 21.670000
@SW= 127986.351562

[DATA]
7430957
-361879
3542838
3133204
4509064
5575048
-724677
4696666
-5350954
4789743
-3168610
2619322
-6042750
1020364
-4324655
-2499892
-1201242
-3231477
433123
-5137925
3370872
-2906655
4904663
-1858132
3599411
874262
4922266
174430
1486239
3045033
-79915
4479787
-1155998
3335007
-3568275
2173929
-2178529
1684845
-1819665
-557695
-1047300
-3510569
1632191
-2426664
2161075
-3589163
1172056
-980418
2432145
852445
1453747
-469191
236442
3371097
1963242
2976493
-841858
2979728
-1122977
3175542
-470900
-926870
-490577
-1719842
-438044
-1570726
-704144
-2512365
-224122
-691770
64063
-678902
-61014
-1341311
-176404
879893
-232344
-41536
1131026
1181336
1930261
191780
120493
697498
-648609
709749
301860
-664122
-2676767
-867904
-2240938
-2235
-845068
1523605
671476
985114
377283
1577116
322141
700895
-64936
976077
318209
-70315
748605
-1818437
470519
1077127
1027777
842835
1375209
482575
-1140930
1262580
41134
-59834
-1536260
-1469990
-1454561
431329
-423775
-281285
98300
-748708
458318
2559720
1748629
-479333
1537136
-475108
-29454
-169958
865185
-251773
-300655
67506
-447582
-273938
1055872
-319760
-2129096
279163
479422
-739533
-103635
1895065
-258630
-1806413
242289
-1373397
123865
-1262049
-132156
-1005657
-187404
-1395263
-450427
-652235
763869
446460
135911
1112020
-437555
1623
168029
-646710
205111
-448868
593732
-786930
-242089
274672
680431
-1185956
-1252396
-1895528
-132246
-623792
-1085797
69107
-1480617
-658402
-236195
652939
390260
755991
477913
-219272
331419
739215
-78859
597229
-826106
-69983
-1049603
-733860
1148141
133945
1065619
-582514
-804826
69618
244805
2086916
-812990
-1263552
-723460
-280564
1303114
-2226753
44801
-2064862
-160478
-140090
683715
817269
-248537
-1361030
174490
415896
-528468
450307
38361
232614
-1765692
-1006940
355824
214451
843618
522606
-1986283
-1123328
-384333
638302
-524410
-264650
-1317098
-1187157
-581485
880527
-413927
-451639
-102844
-71303
-515233
-1383357
1180600
222866
-731517
949763
1049367
-719352
1207170
851405
-1096978
-383359
