#SpinCore Technologies, Inc.
#SF in MHz
#SW in Hz

[HEADER]
@CLASS=	RADIOPROCESSOR
@FIRMWARE= 3087
@SPINAPI= 20191127
@POINTS= 128
@SF= 21.670000
@SW= 127986.351562

[DATA]
-3459281
-1406608
-273143
-2947667
364357
-2364996
2315539
-390853
2617028
29403
1206007
22485
634100
1555575
249604
2048487
-1731801
328957
-822048
1417872
-1984901
-822132
-2215319
-2196271
-1433609
-3217775
739032
-1457987
1686458
-624275
1490779
1147400
-223693
-637984
2348094
1047132
1157484
1544020
-2297684
1043844
-233372
1100824
-814328
-70448
103454
-2583323
105315
-934764
962168
-53278
622500
-308748
-1078232
808855
-664247
-1029121
630895
656400
-917912
954777
-1695995
1704394
-574453
86192
-902837
839755
-966421
1174798
431171
1710682
578721
501749
-810955
1322868
539767
-128293
-1021252
-1016030
-1711878
-280384
-288866
1568554
-287675
-1632531
-947869
-1273260
193434
-5481
164766
344388
-2478326
405237
1363767
-519274
627967
1262446
172335
806590
269828
882010
-70225
-906134
-535172
-787557
-1859000
749715
-1310066
-629980
-1552505
-907626
704147
-1205161
657396
-589322
1689422
355691
-1673403
532987
915219
-552689
-861815
1207794
-1566961
-655646
978692
783908
-1258840
27834
-1299018
-1462303
285496
524704
-48487
238461
262164
-669484
-279167
1042562
34838
220037
1044181
584459
339408
1079417
-392253
-488602
2106704
-452389
-190510
-584323
-830326
-1360578
-3375898
1283306
366052
-1515601
-1060336
-833584
-935737
448091
-382626
-592403
445802
-1267339
-1508147
2127250
393246
-287994
158425
-160164
-353224
-210472
917796
323941
-105114
151456
-198945
358197
-469505
-49391
1055641
-1188595
468973
-1655769
539243
-470724
-1137458
-217378
336308
-635717
212645
-1227806
626551
-1332788
-62553
-93659
-2474687
416071
-510189
-724537
-305412
609721
144289
440474
185603
1998720
-1290970
874448
1727484
-1593578
566547
-597412
2601960
-1296749
845801
97320
-549346
1124535
104095
900564
283640
-482494
140662
131232
-78110
1842264
-609189
2043341
-2020931
1625566
1048441
322096
205669
377855
1062234
-152770
-154011
729519
-503444
-662113
-409691
-449096
55660
-409528
1584208
312882
1484872
1258067
-619745
-806156
-98953
208426
-446911
-1176058
636158
-715859
