#SpinCore Technologies, Inc.
#SF in MHz
#SW in Hz

[HEADER]
@CLASS=	RADIOPROCESSOR
@FIRMWARE= 3087
@SPINAPI= 20191127
@POINTS= 128
@SF= 21.670000
@SW= 127986.351562

[DATA]
-625128
79712
1350848
-212145
-946952
557866
59246
-941129
653567
-405816
-737694
-738294
1678740
82556
-778253
205257
1310894
-981982
-1165435
-527990
-1624329
164096
1605739
391881
-1794049
948735
518301
888911
166076
-779558
732958
74192
663096
-2522969
469950
-1118736
279262
-247617
-523810
261818
-1071784
1286158
344341
2350715
976140
1806873
449377
-628647
1723513
-99476
-495440
-10964
-1030663
322010
-527651
-898195
-1974338
-2072298
-128153
1031644
-1771777
440860
-904602
448470
1144894
1057905
1386044
512971
1141665
-717353
-282785
530838
513963
-921579
-1270475
-250244
-997173
-936575
442690
693814
-541744
765365
1127810
-608103
669318
-664503
-15631
-469019
1365378
-890176
445781
-729804
-3178
-664052
1217720
1822351
7418
-385898
-316125
-44697
28884
28213
-11582
-177579
754753
1609912
217213
192790
285790
-1636400
1436375
591158
806565
-1428964
-610963
-325573
2011175
770045
1642098
-65944
-1025661
-120300
-691782
372455
-554305
-839117
-1115592
491914
-664214
-1253615
1294664
-554801
-376257
-1162451
-1089386
-952688
-1528168
2040164
-1409397
1656697
1948668
-1670063
-1095158
-510805
-304770
-1322451
-359794
783017
-424997
-532096
936914
392608
684579
1827506
-143523
-2237071
653019
-490288
-936695
130190
259381
-140973
30787
1082637
-972673
-719095
592446
-165916
297085
1276415
-92973
811968
518718
468349
-802199
-553975
-16785
-486327
-1511770
1186899
-1340078
-859963
1597447
592712
-1098184
-851778
860161
828602
927459
2137216
-473853
-981202
672848
-186820
-346278
746755
715335
-2052066
15989
433472
498331
89048
1642302
-673470
34141
-54975
-74496
-1810402
-208773
885770
-455681
-749577
2256782
1123980
-170345
1398507
916038
-685272
614704
-880006
-1754588
406737
-31153
121648
-1534291
366864
-547080
-1215796
-54964
397106
-301802
1047551
1154186
-76105
870734
972200
677399
-708225
1952152
1339928
-602650
-767166
-625143
-1537826
-123640
513238
-101720
-399600
809518
214586
418722
766035
-308866
723564
-1031354
713576
