#SpinCore Technologies, Inc.
#SF in MHz
#SW in Hz

[HEADER]
@CLASS=	RADIOPROCESSOR
@FIRMWARE= 3087
@SPINAPI= 20191127
@POINTS= 128
@SF= 21.670000
@SW= 127986.351562

[DATA]
-3558961
1499845
-3031218
-1978661
-2470887
-4325345
-937584
-2687638
3891851
-3222539
3741898
-2070451
2914603
994237
2620317
718859
1256429
2700804
-1859505
1934416
-657305
3054294
-2442616
943149
-2500974
-461720
-1973846
-1987792
-267272
-527795
604614
-1621338
818292
-1708210
1980547
-825594
3203153
1140097
585807
833229
-178776
1342926
-1540351
2479417
-1527878
1181335
-1695497
-953051
-721246
-1354346
1122414
-1960950
161342
-777443
998982
-978688
-39468
-84990
1923810
668363
68543
306825
515422
1808267
484856
-233338
-582322
-367417
-23567
2020368
-381311
98432
386850
-1993018
-747051
-347166
-522300
-362611
900090
-667165
887443
1274949
2613624
-1222878
1492311
-341295
1038902
-1456168
-217117
-56057
-715730
685562
-604498
471644
-224194
457715
-931114
648125
-550488
-18941
-457074
-1141022
-626351
205186
1725489
121165
-269203
-2152360
205801
-605349
576562
526925
-1332360
13219
729233
1363587
-532476
1798432
1284801
-263034
778069
-1086706
-1140235
-624728
1181834
-1224871
1315058
-315830
-1908802
854131
-824351
-256916
-1510739
158356
1005075
-927698
-305860
937382
30614
-260298
1794659
-999616
14363
741758
64236
-804224
794206
-48503
-2373193
114757
-658978
-776180
673780
-513344
606612
-450246
2619663
-256305
-1704797
1378872
154420
-1331937
-52021
473858
-217688
-510964
597796
-1011655
-1063901
331406
671343
1190176
479004
-101705
-1198272
-111451
300008
-969384
-1552195
503389
-1015238
-638505
-366454
529412
41060
-569191
1066371
1992659
1476510
-340265
132226
267423
-393758
1067653
-1697618
-1320105
-869675
-1231779
-1635557
-1084552
376602
-685555
2139647
1100100
1754732
546632
2002637
932890
1102016
-1151493
-848843
588223
-86442
-1256344
1157446
-1845781
366145
619689
669919
701836
691745
672833
-283242
1332560
959784
-767195
-825074
751854
167863
-9166
579802
-2181365
-730396
801593
-37944
-692382
-1220667
295887
-2382410
2256688
1375467
432548
-1394268
1240249
874289
922196
499380
-413051
-627679
-2014002
-1528282
-1285971
-178376
-352522
-726329
-7962
