#SpinCore Technologies, Inc.
#SF in MHz
#SW in Hz

[HEADER]
@CLASS=	RADIOPROCESSOR
@FIRMWARE= 3087
@SPINAPI= 20191127
@POINTS= 128
@SF= 21.670000
@SW= 127986.351562

[DATA]
-2415775
281399
2577847
-159544
2384637
-1739192
1884140
-344099
1678650
1583337
1188280
-367353
1865464
-926705
689881
-965216
-69822
331864
-1698391
-1205199
-4117921
-1110449
-1086352
-1302984
-536754
-1844178
649947
585654
707894
1976210
982839
2061751
676431
1694941
576776
2660619
985232
620770
-532822
-2069032
1436461
-689145
-1026004
-1995680
764036
-1926617
-565027
-958430
-857580
-192280
515279
981726
-80886
539102
873521
1051780
-234816
947554
-706117
-485091
1058267
551605
-84253
-205354
-93861
2209952
603646
1299121
843341
-1772344
-453095
-649426
56595
-2695411
723523
-119107
-1003667
-1611337
218581
-1392864
-2053554
69837
972744
-542415
-1489830
394632
-1036323
1612349
721005
1700076
-367974
-397205
558263
664221
459618
-399515
399331
-1321059
-679224
1341390
733070
-813921
-1437218
-435172
-71455
-1297783
2467996
-1553347
1106988
-650065
751364
-1450841
-1154785
13832
-746895
-1202708
-1475941
-344900
347827
3492310
389650
616677
150532
746493
-964016
1784800
1461518
-642082
984477
-1795608
672182
-164483
2249061
-1161527
-965152
-1580572
-347866
1259020
-651201
392431
7315
543019
-786289
172947
-257124
-1010350
437036
61946
-155630
-733846
442614
334186
1693882
-1031792
776706
320460
-153525
219265
1717654
-16173
-601540
203385
917834
-1097364
1833975
-154426
65069
-986200
-1125683
862484
-410414
11779
-451653
-453067
-443456
1217466
1269509
1192106
459814
-824763
-1301288
-1775915
1000051
1773199
657692
-2144657
37629
-765219
273322
1555228
2033726
555641
-596270
485563
1121287
-112270
2060940
1074334
-39270
-786652
157933
621284
-368888
-1330668
-884103
-315348
-1058902
265041
1451047
276220
-824873
263451
843557
419877
1093669
-304362
546847
1102332
162977
1181591
-239427
-1057139
-767570
-109907
-629943
-961268
-709136
45419
1694390
-687638
1110200
-171010
865496
2381993
189385
586274
324668
-2949021
82803
-668603
2247443
57418
-665882
748111
-1714046
635621
-517292
1154882
1737608
-1091301
-200359
312049
1282700
159909
575495
949157
