#SpinCore Technologies, Inc.
#SF in MHz
#SW in Hz

[HEADER]
@CLASS=	RADIOPROCESSOR
@FIRMWARE= 3087
@SPINAPI= 20191127
@POINTS= 128
@SF= 21.670000
@SW= 127986.351562

[DATA]
1626331
-1017896
757028
79929
687184
1204668
-1343815
1148429
-1931852
3566931
-1310360
-951227
-420672
-286187
-1287712
-1650491
-45425
-227214
-1694722
-602288
1209652
-1174905
1543806
-289067
341969
-1208411
201378
676464
826496
-314359
-147363
-571482
-1117982
2573546
-586647
1054110
-1441527
-2111348
244160
-539958
275478
-300599
756981
1634041
722637
-166560
2391219
-118371
-199507
417971
627991
-50817
-1225028
-134242
-429182
201607
635564
2284631
247573
2057739
-833176
27208
-388849
734655
-39582
-1095791
355302
-891888
35612
550511
276770
1049918
287081
-1082095
-927896
-639198
1457753
-437045
1102278
1813706
-1023552
-33838
523851
1934351
-972045
-923547
418096
-1170999
-893421
572002
615184
-1181007
-1523399
-191883
-491360
-444843
217561
-130311
-1927747
-1236346
1342149
637794
1277227
-129312
80933
-2024817
996449
820362
-255095
106201
-443597
-1605545
695821
672765
-3984
-976080
1405315
307580
220624
-32841
-138385
-496816
-782002
713931
623595
-1170481
1298282
-558900
-161081
-1471223
1337529
1482606
-464213
372340
-706712
-275567
-1205108
1906285
1441449
-34750
-874605
-2319027
1152920
1623604
478367
-184927
394023
-933374
-2600317
506557
614258
-1742878
-937465
-301097
931349
-1374787
679906
986345
-685274
-592045
-588110
390642
-709378
239981
330425
-957749
-665391
-441344
777679
208287
46387
749449
534883
987680
967150
252940
414891
-718791
1103928
654865
1426849
259520
-1080472
-46044
-431143
-3196
613196
750185
-190369
-1075748
652822
49305
-69018
-199248
2441591
459189
-2034000
396722
720732
-414058
6429
1521932
-10167
-1271335
516800
1491572
-898896
-71095
-1736507
-829213
-1216036
577631
-361731
-1116636
-382200
353446
-199031
950497
1223625
-167854
-970276
516893
-587800
292564
954152
255164
-899376
-58201
956359
-645341
-428174
-19849
190307
268990
148988
-882733
-342220
-759944
1123190
116956
-1247985
1429422
1069117
348248
-537523
878309
-318274
-1856314
331558
-949179
1709694
214964
-358990
-538594
-231123
-53511
