#SpinCore Technologies, Inc.
#SF in MHz
#SW in Hz

[HEADER]
@CLASS=	RADIOPROCESSOR
@FIRMWARE= 3087
@SPINAPI= 20191127
@POINTS= 128
@SF= 21.670000
@SW= 127986.351562

[DATA]
5185513
-741916
3919274
1249345
549693
3422394
1118539
4656311
-4490360
3953080
-3221108
2782840
-3550674
417712
-2802270
-686998
-1463396
-2758170
-353920
-2613049
3273504
-2677906
3923927
-2243828
2724140
-1447070
2580681
478424
-636802
1100379
973010
2154663
-2633396
1437432
-2191172
1686738
-3248078
199177
-3244392
-2437965
-452839
-1516091
287880
-52138
1143190
-467263
582431
-769277
2408622
-1428339
2253933
-14569
888613
287741
893400
1097176
-104135
836170
-720373
488617
-1308335
436770
-1996717
-108138
-149579
-990109
-1210784
-1346385
43153
1464312
-1926048
-155479
-514191
1231511
1141262
601696
976864
1150140
-878534
1703526
433475
710423
1484804
-287432
-1158107
365
-294770
930828
-826132
-1325175
802175
-502368
37128
-425656
-950121
-395703
186030
-119596
-2080446
-615991
-82184
827896
-1047141
-137337
1091008
1638638
622560
2387854
521648
1140398
298296
187937
960813
-186506
527304
592928
-276119
-281851
36602
-521949
-1118807
-937059
315065
-534471
-125915
-1970687
-259916
299365
-700047
904516
-130512
551523
-660385
585844
-1081569
302692
59391
2218029
977723
593981
20685
2318027
-1272909
1224156
-113354
-250585
-1181060
338328
2419721
22498
127980
-1285570
529407
-1598475
459311
-1199901
-527511
-2277485
-1308700
-252580
-931031
-745997
-142278
-481522
-1133961
295135
2357093
-768844
-867191
2038111
830905
-164471
336419
164495
821372
-704188
-78890
518189
-650776
-405820
518143
-476784
352797
-327448
-466159
437814
752771
109659
-468476
-576394
1106694
848724
-1205795
1564644
-938056
-1798606
396715
56415
-1462853
605672
717704
201679
239392
414437
196612
-557420
-109092
-298791
-1335380
12177
-907166
908154
199123
1092990
597072
-210793
-361528
-863375
542496
-226141
306818
411977
-644693
132851
132174
812341
-258648
-621918
1028635
608898
813851
-405309
-15478
-929715
342196
-974160
157343
-191125
1021048
-681100
-1074107
612164
375690
1023852
-1751660
-1234087
-1393717
-36990
-359569
-291267
1010326
-544371
-975388
-856312
290893
-204074
