#SpinCore Technologies, Inc.
#SF in MHz
#SW in Hz

[HEADER]
@CLASS=	RADIOPROCESSOR
@FIRMWARE= 3087
@SPINAPI= 20191127
@POINTS= 128
@SF= 21.670000
@SW= 127986.351562

[DATA]
3635766
-718234
5097040
-34088
1842801
3118184
-441394
5715981
-602951
3639497
-5306084
3229712
-5621236
86677
-2327614
-2727773
-1466836
-4591123
2089892
-4439841
2234656
-1916318
2503687
414479
4563428
997731
2221494
3006898
396366
2769656
-338950
2725391
-3527595
2375041
-1414110
-297134
-3735592
-477913
-2163394
-1473166
-232793
-1486793
-129607
-2048729
1959428
-599819
1959121
631471
1530461
104489
1350975
929136
1418138
1761506
-2149219
729214
-1071969
425213
-1808405
-485489
-681801
141114
-566952
-1172336
644915
-1820287
1014185
-1543341
788954
-152445
1260418
-2387616
1595461
505192
1127809
203746
792932
-1141737
-377783
-165905
781868
-1032101
757949
694617
-812756
723194
-517975
-837052
-751299
-153374
-846016
-350904
1371038
-159323
-1445421
-79333
367145
-1082580
673162
834459
-850383
553145
1400012
-96479
-525806
722979
-57195
-205222
151447
1199805
-60443
830301
100204
-1272054
-1048902
1603433
790844
-1436891
-1229421
-116279
14657
277304
649673
-203051
-580337
98042
1252994
-720736
634279
722877
-341414
672898
533215
350191
467552
15992
-971037
607366
144652
-753761
257996
-1033169
-856475
261914
484576
484642
-59977
-915064
512210
809746
1184756
-258655
288293
-40578
-615214
395406
1093852
19059
804345
804723
913267
-420471
987440
1104827
-1638786
900772
-1413055
-1608989
-998202
-758246
-189808
254537
415619
-1097850
1247523
989487
-55225
-768536
-230222
-387161
-762789
1177681
-827959
-2834949
-176075
-691457
217204
148124
429647
-1657927
-69197
836764
-573640
-664941
576441
-342220
-1469998
257562
-211063
-889934
1157266
-201456
1186926
-1586990
414831
-392029
120018
173314
-389531
-219982
874282
2598183
-1649639
-2500338
597454
-1199448
1033324
249702
565839
-1052872
-15642
1813239
266731
-508791
-156144
-155288
-2248715
118622
121172
-2457265
40178
-166451
-1115155
-102495
-76065
917271
-1710631
1298868
-717532
32715
981346
736679
-2266426
-1405834
537611
-418398
-696211
1086327
221283
-932254
-662118
973438
-1282738
-1279597
-458208
-367694
