#SpinCore Technologies, Inc.
#SF in MHz
#SW in Hz

[HEADER]
@CLASS=	RADIOPROCESSOR
@FIRMWARE= 3087
@SPINAPI= 20191127
@POINTS= 128
@SF= 21.670000
@SW= 127986.351562

[DATA]
934456
1661788
248406
2111031
-993551
259129
-1132224
848642
-227707
-1021039
-2801321
-241677
182703
-110274
-78704
-863691
1321312
-814974
1846403
1052470
-237517
176267
-1097110
183657
767084
214270
61215
-195306
-236233
135689
-306124
-755908
470902
-275071
321570
-541890
-301645
-660043
132858
-167836
-22393
818097
251653
-117418
-655489
7073
770732
405263
185402
-352584
335229
-881361
1720122
426126
-267556
-319876
238863
-677024
44986
1501142
-727012
-535553
-510962
-205119
133620
454216
-174017
-12938
412552
191113
1023975
180165
163475
-578773
931300
540228
-70400
384076
342842
-330508
-1374161
-460014
-385652
901541
820042
-1142191
-895050
-386422
592054
5774
958525
-390230
279251
-180869
-727800
385651
-532960
-936306
-596050
349410
-729889
227363
-262301
-259075
296255
1047580
642363
214154
703466
-763249
-279133
-369260
617539
204302
-806123
-164505
-383773
-57877
-251605
748790
1294116
102739
934247
-894647
439190
259583
229934
-286755
156998
197127
436156
-1103325
91920
-611241
-642858
1164674
442656
-134134
-661676
-113442
1040178
455424
-556271
-622688
817323
6352
740216
-1135872
707803
-1246801
-482668
-561937
-368919
130361
508703
-52098
-32020
471847
743230
-520713
-655281
30517
925944
-293812
126142
-2257866
247392
661735
-950104
-144704
-191
-845489
-110070
138320
-1265727
157727
-64199
212414
-318181
374739
-471469
349910
1079004
-1330132
-708766
-928275
-228609
-352945
-1146932
346436
-835395
257550
-735370
525401
-796139
181183
113906
-448642
-1042482
321026
-1490909
77786
-1206837
-1210794
-198709
-394605
-1031206
551581
142988
336627
-158072
-179959
778399
617194
320499
-1132029
483085
840198
-34082
263880
-320914
181589
-807994
-32139
-272822
770969
-236823
752545
911920
1004137
1073018
-460980
176255
-814159
-788037
717624
705724
-92340
287293
-256119
-956923
1290521
1057121
619824
-1061065
-405531
-655099
791805
-170828
-170919
-487030
-756827
-1287217
198674
-430280
194253
