#SpinCore Technologies, Inc.
#SF in MHz
#SW in Hz

[HEADER]
@CLASS=	RADIOPROCESSOR
@FIRMWARE= 3087
@SPINAPI= 20191127
@POINTS= 128
@SF= 21.670000
@SW= 127986.351562

[DATA]
-3673787
901819
-3276470
-946741
283633
-3977333
-11537
-2411830
910431
-3218635
2975459
-2913812
1231491
635814
1752306
1824050
2018235
4217668
-1063065
4401485
1022950
2992033
-932216
2197661
-1225069
-772923
-1746843
-1166483
67285
-2546250
708045
-3809530
490340
-1943171
176666
-2329158
1361320
1104100
970325
510497
1988849
2203640
-404907
2340803
-2315021
299874
910565
515598
-1917042
627350
1434453
-1373285
-1006498
-848396
-1015796
-2392569
-151489
-844794
-862552
-1451454
-657190
-320856
1061556
211823
-375927
349025
1083361
1916292
1318914
778178
-785200
627008
1444960
444027
-1233514
-85216
531722
-306502
-248854
-429389
-1494368
774174
-564674
-552045
1283580
-501045
-598181
-130360
1043717
719511
84612
-384634
-1109118
524696
563289
234589
-752242
-1051815
-230259
-243624
860459
2037870
-954065
-1013518
-2806579
677354
-472129
-898403
-1550099
-375652
685198
-61008
-389940
-765046
397901
837816
617017
-76939
-91857
-791729
-1015559
-1402940
164606
1527786
-1022785
920709
425813
121304
-949914
829715
1098272
577521
-460496
-1319738
-153570
63388
-347864
1777563
298040
-1633527
1068496
-114146
488037
720218
-63837
-805436
-312498
57709
485460
-349253
-103912
1070897
-100089
327109
489008
-716247
-422215
-1099660
241467
-245971
-178964
-476772
418843
100662
-556
1151957
399933
386812
7827
-221834
-970369
296994
303339
-361353
-614583
172854
-558461
89670
-1400158
-348744
-378098
181710
-1555990
-621599
31599
546337
835687
431224
-50284
853939
-521050
166045
594348
-280803
-683556
-848049
1290879
-1078685
-168712
-531349
1118420
-821149
-765896
185214
-1146465
-448012
-1004113
441770
485449
423078
1180614
-980701
1960381
1011781
468648
-1467258
32839
-246687
-1319490
-894246
645259
-2168470
-2053951
788324
-1330074
-213319
505750
1307759
-802356
-476512
2677878
524605
-14932
1889321
-143754
-1653785
785737
652205
-900723
-571768
1436645
-1585897
381159
1426811
1446518
-109556
-1026017
-84946
-1507409
-657705
-92399
62784
374704
-52788
294525
2577545
