#SpinCore Technologies, Inc.
#SF in MHz
#SW in Hz

[HEADER]
@CLASS=	RADIOPROCESSOR
@FIRMWARE= 3087
@SPINAPI= 20191127
@POINTS= 128
@SF= 21.670000
@SW= 127986.351562

[DATA]
4298727
907518
4788423
364008
2049579
2436339
1363098
4439546
-1301413
1752134
-2044674
3672380
-3373702
2203692
-4070309
-453034
-3141870
-1015493
-2394284
-4331337
1289558
-3614237
2312947
-2165656
2309595
-2623725
3907130
844298
1805084
706313
1602781
2059850
590760
3554314
-670786
2876336
-726055
-50810
-3462971
298916
-2443013
-2998356
-1706533
-919431
-1460527
377917
-606281
-1931909
1269607
114382
1405288
-374334
1733335
-2099444
674848
547568
608423
-1268237
-1320258
701494
-2105462
2718114
-17899
-73111
-540433
2354024
-845731
1469621
-1287793
-2516752
-293142
-340981
109223
-1220874
123158
-1493309
-236478
2644507
-194065
-703244
1984233
-41264
1483864
876364
749805
27748
-321742
145221
661746
1663947
-2172699
1053435
432556
525592
789943
-379507
366169
224035
332908
1082796
249813
-70847
-380294
-988296
351635
839626
681615
794124
-884638
-186100
-1886593
825440
-564302
-905762
1226507
-624918
1971842
703666
904290
77550
-200041
1655084
169502
165438
-2164560
-350989
-1801200
-802386
-738477
514210
-122665
-563757
179640
-1193467
743275
270650
694040
119226
909443
-924752
19732
98249
-650528
-456064
77915
1179234
-331060
1185488
340848
-165746
1233196
2021811
-1017223
-1309974
822038
-227376
75572
-574377
-77060
-966178
665522
962196
156725
1197775
919353
-282887
1334614
-595346
242734
-1573909
987281
105111
-1066864
438786
16153
-1607165
698281
1424562
424282
1244981
-703822
442588
420860
696190
-120846
-915147
-970524
-1707647
342383
-213003
-972415
-515564
1873693
227368
202891
859832
603863
1680084
1080458
1140408
-33773
334537
-1265422
-856641
259273
-477821
-581103
-1796595
656600
-800910
786323
186909
1569717
-1651633
956734
754659
255448
1991262
188894
-1321044
-888118
854024
-189042
-544390
-662180
-2145548
633058
-1651550
1716746
-337793
127655
422050
200685
1348014
-262805
965162
-341436
-974562
992204
408151
-2137548
-1640459
-522066
628463
833246
-400106
-1290452
1267844
336947
1486120
562198
763977
391911
-156411
566721
-427492
