#SpinCore Technologies, Inc.
#SF in MHz
#SW in Hz

[HEADER]
@CLASS=	RADIOPROCESSOR
@FIRMWARE= 3087
@SPINAPI= 20191127
@POINTS= 128
@SF= 21.670000
@SW= 127986.351562

[DATA]
684835
228441
-1614412
-1772590
-1027984
-1578563
-229446
-678183
-1204625
-981703
1528565
-371558
762320
-210840
-61832
300028
1302127
583861
1142474
1187432
395452
708029
-1430836
-528280
-1835506
260374
-1281875
-134518
-2252361
-96405
-1256651
-148461
1622934
-691831
849033
-1000705
882450
2083964
1606543
374145
578651
211936
213512
388809
581718
-364880
-1249920
-1093818
-838972
1097735
-530029
-699337
-520588
-1331423
-385695
410155
565664
-1731495
940100
375732
101324
-1575411
2159916
-1473594
982695
-423168
-549789
355963
-480118
-400531
-1871806
-93075
-1356705
-37444
-858385
346331
-1116312
-528088
164062
-1110072
114600
297119
-1192922
149357
1075762
564092
-830587
-88357
-1488156
-398367
805777
958828
-1523981
778563
40166
-1035185
-471269
2773312
-297458
271251
217061
-364720
-1014650
-826666
-393150
-1051891
-330126
189275
-2075210
231172
448309
249707
-766970
22214
-848845
-431096
1642129
-284738
-160835
-889829
1192986
-1963702
-258757
-1063232
-537023
-220106
1249918
491881
-1064016
-559490
1735699
-725428
346544
867449
-970408
-1705042
-968864
357420
358600
-660249
209603
-1039311
371920
810479
-1092674
-50681
-1074600
-742452
53799
591984
-1623442
-819241
-58914
1412731
-605800
-646198
665059
-1432453
-547331
1202327
-786435
-2315500
658514
1071556
-1785982
-916648
537559
-808473
492951
617926
231402
1129392
-267530
2168685
530212
859636
-567159
906623
-3783
578737
915326
-804411
662291
-990389
1280199
254263
407828
-1352478
-716835
180558
-1599354
-763214
1338093
1151574
308440
2017056
1201876
1334509
257363
1071181
-581239
-980142
1843064
-1513696
-824881
-333237
246537
42514
85772
-62298
-2698931
843343
1505458
-30299
36331
-576491
1000401
218331
1718830
486215
21447
-1542572
578162
-844499
590536
1129916
-1539332
-1323728
-885308
1313156
-1530111
-359972
1665875
-141810
-96446
1780053
1748626
-695709
1059309
-88369
-871760
437636
-713326
-1635928
-1505913
-1161636
-700790
-1147503
467074
150939
-833995
766011
-39504
1255242
-569110
842175
