#SpinCore Technologies, Inc.
#SF in MHz
#SW in Hz

[HEADER]
@CLASS=	RADIOPROCESSOR
@FIRMWARE= 3087
@SPINAPI= 20191127
@POINTS= 128
@SF= 21.670000
@SW= 127986.351562

[DATA]
553996
-2347
-1597410
1582147
-566982
-1369816
669865
-680058
-1176535
-209147
-699371
-1910338
1427413
-663359
396226
413005
1219353
-134203
-253036
2281456
-1907740
538046
-770066
-812189
-1214997
225609
-316042
-2630072
875675
-1058722
-521146
1689801
-636390
629190
882025
23575
731268
935599
1537047
-675563
475660
-404890
551168
-1077774
1339912
184594
-1058765
1127913
-544522
-1024612
-418586
-583176
-847311
-425211
714128
479698
602817
142204
-496163
-2231029
939935
-2628521
-803873
1371177
-55036
-253776
562277
1198966
-128858
1469231
-601236
-634636
123109
-18753
-144831
-281158
12549
-1075167
968071
434625
-415691
-1377264
647034
-537557
746710
1771287
-340168
727469
115635
162376
-1201847
1060727
-704442
-740140
1421990
-575309
-1022731
1458689
-31061
-626511
441133
720172
-1187419
432965
-384384
-1014443
-617182
1638417
180421
-1319287
1230790
-766680
227600
-399691
-80814
-519966
296421
221600
-1619470
2048606
615736
1184193
101565
64195
-561309
-273434
1381669
-1100228
1700738
-154683
522572
-595932
1564472
-554999
-839066
1731717
101145
-37584
-1011741
1983045
-148992
1016482
1416188
71906
1037906
385823
17300
-2281278
621729
1177478
-137169
-576827
772132
1439810
-334875
793048
-1288046
-395059
932791
465747
199736
1485559
-28466
-377290
877549
-360901
351949
531412
403373
-1764729
-60538
-101671
823947
1579384
-1968479
-422629
90365
1351220
-213429
1275375
738539
-801024
2179990
1830388
1246264
43394
23456
358702
-540159
546782
-758956
-1667118
334605
1352916
-164807
255941
711866
-228931
1044643
1633646
-1322555
-260339
917895
-1961405
101877
1798916
-1284808
-965474
-200300
-349349
-1053450
1935271
779271
-2150422
1070169
716915
-169683
-1052223
1322781
-1017085
-1806194
1225312
-1665685
-795251
695935
776724
-563081
2337894
1961968
-712982
2410032
398091
582211
-957759
-206976
-1905427
-1555576
1258144
-101581
559542
742356
-965765
-2706613
302719
860097
1119144
2124808
1582991
192479
1144140
611815
-990710
231027
-1655119
-1704579
-661511
