#SpinCore Technologies, Inc.
#SF in MHz
#SW in Hz

[HEADER]
@CLASS=	RADIOPROCESSOR
@FIRMWARE= 3087
@SPINAPI= 20191127
@POINTS= 128
@SF= 21.670000
@SW= 127986.351562

[DATA]
3689742
-694782
4067708
2035887
3921300
2510141
760442
2988731
-586228
4618464
-3236463
1884646
-5982396
1245934
-4705257
230222
-3356233
-2414884
-1426845
-4424076
3012976
-4462557
2414815
-1350558
4921602
266188
2502735
790242
1004668
861137
2568586
2698339
-394777
1207430
-1323866
2529098
-2075303
1000477
-3213787
331217
-2346390
333984
286878
-2040149
64981
-1818522
1106412
-2113020
2093603
-1238211
2279991
-723844
986203
-506284
-47820
772734
-179254
1622189
-729135
2506220
65728
354131
-600808
-250917
604778
-212263
-214487
-1659036
-938313
-2108942
-1065348
-879505
106171
-854084
1664779
-60154
311462
-177092
1325556
1321641
759849
384866
-399593
26073
-401288
958395
-797068
225267
-115098
-509044
-2254554
-177177
-405653
-148158
723895
1591536
-1055814
739318
-197138
1047597
-158436
-1129130
161950
-1052131
1271972
-577955
1433743
-281192
942426
-698318
192485
1112002
-790796
49202
-851962
1717969
-812512
1115837
1726544
-528228
-1458279
-1101509
1780909
-1794259
98110
-421904
445933
-1871004
1233030
373253
-601662
-864685
-1121404
-752880
-122369
1179915
-2274950
-225396
1045704
-141398
111457
743295
50311
-1496727
927946
-1215105
262375
-1127897
-204262
-402704
-1180128
-398540
699409
-1533562
-471163
549139
-1041647
981096
2319173
434243
-1096303
1609349
1126074
881085
524599
-8592
-1339985
-1684406
1372245
-1636927
-197024
-1758325
-73777
313042
571390
1108045
-888979
450226
532742
881341
586942
-531767
-267804
-1325477
876231
302598
1578947
1328064
-429410
1028263
-1224783
1132424
-511927
-1993593
-253521
-1736188
400626
-468436
254012
720013
743374
1507033
557377
154898
-1362883
742567
-695805
417302
-1105989
-39507
-95726
-483522
-170079
-458503
1179528
1664993
-383803
-1138291
-1157618
281758
216079
813631
-1694196
-1262530
457072
627125
422406
682108
-24080
1087466
143642
1650354
499964
-1659172
-6089
167463
-74301
-1324008
-678901
-61269
153346
1099808
-624141
67609
-257879
917602
-104178
282848
-264043
550133
812415
765208
348165
-779222
1208608
-1076931
