#SpinCore Technologies, Inc.
#SF in MHz
#SW in Hz

[HEADER]
@CLASS=	RADIOPROCESSOR
@FIRMWARE= 3087
@SPINAPI= 20191127
@POINTS= 128
@SF= 21.670000
@SW= 127986.351562

[DATA]
-4911042
-82731
-3407229
-1081982
-4215149
-4885217
1345254
-3383242
572808
-2337544
2297899
-3785529
4332510
1521515
2316940
1822799
2540549
3319930
-885979
3978547
-2420484
2717415
-3731271
989539
-3853323
-306734
-1690133
-1459100
-2535288
-2799894
1774159
-3138217
2516581
-746577
2047669
-1592677
4070018
2436173
1120397
2102886
1077207
2345754
-872555
2398557
-2046210
741957
-3376029
2132855
-1466502
-531094
-137590
-212937
-183879
-1542089
2052365
-2171506
531742
-880952
-81534
-128067
1519767
1177487
-763624
-780543
1039124
92961
-795396
1499942
81698
-8996
-307581
1502714
-2523536
660217
67005
-896061
-1487866
-403436
-50182
-1430740
1896052
580041
-82611
-1831935
1085366
742300
86456
1349437
-288872
-99376
643389
539203
1657748
-152894
-597560
2428192
-503557
1923961
562924
-1148552
-1054154
-1038621
664281
-1447280
1411949
-444523
-1066544
-929698
-770266
-1229903
-1210717
603059
-317133
-1356657
235559
1603186
-270127
301932
418254
1736226
-295471
1725681
2305782
750144
-1208545
-920868
2293884
-1292233
148546
-93969
-758967
-1554308
-615296
266455
-888227
-2027291
-794175
412687
-958322
1916657
1549511
-27936
-1084006
2173253
-119357
-602497
1060194
-411528
-1063565
-228403
1926260
-229243
919087
422095
-238336
-182599
-50580
-1429202
-1729948
-1654467
-1130011
21895
-79891
-563446
-292851
318839
-137571
286522
177528
1057776
16792
-201738
212123
-695277
651019
1020687
967721
-292355
207359
-310585
-687109
-2142144
-163635
-935930
1344585
-1914610
583417
-528061
-626072
-424300
992258
1961466
-593481
720681
-1625268
621573
-531701
1204282
1209046
158982
-264229
2537327
219564
300852
2367059
-991298
-1627350
-1994979
1822777
-1353873
548753
-1344791
-251980
185018
-211251
722754
-73321
-1335113
-154854
608521
201557
1692651
892656
-307118
100241
1993661
1491290
-675089
1308042
-541857
-1505729
225672
2538929
-293597
-734783
-102493
-1118479
-1808458
399782
930028
-834175
250515
913516
513643
-248427
747596
44579
-641484
851177
773927
2063264
-25005
1008822
900186
1504397
-228135
