#SpinCore Technologies, Inc.
#SF in MHz
#SW in Hz

[HEADER]
@CLASS=	RADIOPROCESSOR
@FIRMWARE= 3087
@SPINAPI= 20191127
@POINTS= 128
@SF= 21.670000
@SW= 127986.351562

[DATA]
-320886
-580109
-1092461
-433965
296586
447763
36492
220015
1166239
-345536
804828
-2379391
1136587
-64212
846166
173628
-575149
296761
456066
-367649
-685835
-1476585
-1866127
174041
-1313135
628965
-912519
-1395332
-1084124
-1338159
-953117
-640064
218777
-855528
-47777
-2123808
-21949
148481
394152
-398772
218004
1358773
-1953530
113422
-435821
1078866
741566
-846428
-835873
-733337
-224136
-216533
427082
-533425
-178237
1296231
384336
-662615
-975731
-427653
1163835
101503
-468302
391387
1023331
-856643
1187743
-1052320
-448806
1026664
-130784
-1718492
461474
537267
-1370591
496478
542856
12173
-19619
-671429
997431
295982
310283
1267391
-173413
-1734374
-221812
1315643
-486452
-956173
202182
787341
981664
1104591
-1187498
273416
511064
216403
789575
-537875
458355
1899907
395609
-1701567
-227667
965317
-629662
72636
-464160
-1027833
792028
883091
-411482
-608875
-585648
-120638
-432169
-663055
-2261207
571308
-121347
-761996
-920611
55724
812646
-763876
192779
-434257
892026
922586
625403
-708236
-417869
-600754
354052
1012333
-1103298
1327956
-752040
-109616
-435992
1000621
-117640
742129
876657
958513
-53929
-212441
32784
-541987
623192
-260840
9647
552940
-566142
320600
1103535
-2350342
236280
947243
-131398
246784
179618
28764
871002
1604018
-1206837
802418
635759
729481
996499
562858
-820208
90574
686508
-1593832
-303797
1838320
128318
9888
840251
-1542417
825564
951490
-203460
-314436
392865
351937
1605853
958337
-1143994
1391077
694389
-432570
-35586
165193
-107115
853073
-1183690
-1219903
1059377
365122
-402982
-204702
-1445420
501350
63913
-826655
275684
472702
244288
757334
-412243
-227285
-1025262
-1470508
-417273
-1084715
-964089
1524281
117039
137964
535088
-1429797
654658
-1782220
-1434483
-1592341
-356764
555397
955864
-472928
-1098052
732263
1045626
-310755
-693044
907206
119452
1023423
-1218618
603398
1218744
822104
-435331
-1483783
648689
-888212
-1580059
-2022989
275372
-63338
1495934
-1036884
371734
1999411
