#SpinCore Technologies, Inc.
#SF in MHz
#SW in Hz

[HEADER]
@CLASS=	RADIOPROCESSOR
@FIRMWARE= 3087
@SPINAPI= 20191127
@POINTS= 128
@SF= 21.670000
@SW= 127986.351562

[DATA]
499837
228063
2190537
798273
2249599
247930
167993
4952222
-142191
1546450
-2765360
-360888
-429734
1311908
-1969107
-662171
-410785
-1629724
944068
-1086564
724303
-721351
870590
-1353452
82672
-1456757
1032208
1581894
-540481
1317440
-1336548
1454627
408765
1135391
-1301136
-874379
41105
1005523
-253423
910078
-306825
-39993
1242992
-1348185
1918188
-705394
1471308
-491277
1375449
359328
-87068
-762919
364152
-775893
-844047
1764441
-1683674
-343871
882684
-69521
-1120621
548726
-1563273
-275855
1356468
-137945
328302
72296
655037
723166
-934146
-334253
-729756
-518868
1303055
319724
-46503
-194739
320594
-603775
-472259
680205
-797225
-2001002
-463862
-555023
844900
2333392
-1086581
315125
-583439
117439
1553604
-458298
-1148177
1325831
200649
752331
-143878
-1076618
609639
1079607
1020258
-1597049
433620
-686786
1474888
513941
-922503
-569513
1995922
-994286
461592
-1199313
791082
1039429
-564742
-678203
-1311592
-624028
859505
129401
-1136080
-274753
241078
1143338
743299
-795980
1819384
566965
-626358
-1202344
1700942
27699
1850577
228237
49027
-287277
547847
836447
423351
-196806
-1662867
1664051
-2294899
-525100
-841914
-351576
-1284956
249729
-686671
-473229
342026
-483443
261985
512069
850624
870398
165413
-66952
-523360
373002
-1211449
1745266
1010897
1311894
584456
75776
-1209900
21563
-608564
745091
-1643393
-1265830
-299496
-309770
1144351
-1084850
-675811
895891
279662
-140635
-426202
-64168
938399
740571
606198
1372745
-597752
919520
353299
588026
-1417341
824818
773220
-433964
-1048159
-923662
-803126
93986
-1271941
-536712
1984430
308296
-1612467
186201
-106371
125565
1733423
365609
-399934
1057309
-571134
663568
802770
816544
674867
29208
-1055605
1682268
1475358
-3260806
503050
-788465
-507861
2038999
942285
-1905529
690264
-688371
-120769
1154095
-1468328
-838887
667064
-343491
-638646
894301
-1568836
819612
45589
-1111046
1452722
468316
-774494
304323
-163089
-1659457
2329533
910840
-641404
1397014
927526
397339
1854636
-492936
