#SpinCore Technologies, Inc.
#SF in MHz
#SW in Hz

[HEADER]
@CLASS=	RADIOPROCESSOR
@FIRMWARE= 3087
@SPINAPI= 20191127
@POINTS= 128
@SF= 21.670000
@SW= 127986.351562

[DATA]
18005975
-4782026
16763713
4057547
13061316
11425040
5514922
15844363
-3006587
15740996
-10451765
12769427
-14156493
6154260
-15440127
-1603443
-12352880
-8028706
-6371879
-12742611
16387
-13966184
8190575
-11259059
10416591
-6992810
12888418
-577866
11421377
5741372
6603728
8902694
768404
10869465
-3571519
9649995
-6924178
6519256
-9183883
1977414
-8326321
-2221227
-5615109
-5496587
-2313569
-7660501
1480906
-7125327
4405168
-6524307
5768542
-2795270
6168361
-204957
5172229
2159900
1242706
3728349
1050284
4662064
-1391544
5465690
-3646486
2400574
-2628720
1847544
-3764404
-510185
-2671528
-1676980
-904345
-2252735
-340866
-3309211
450337
-2662122
821243
-1028807
2045220
-1981886
1971749
995674
1254586
-684205
1308362
1163110
817018
2998337
298678
1354509
-399144
2325432
-1469365
218376
-575837
-455090
-702862
-898749
-348709
-1046876
-503840
-1409348
-1516591
-724656
220512
-1775569
-1187206
-737201
1287401
-376707
1504692
445709
591093
1532539
814530
162431
498516
1482463
-693728
1122804
-36302
543494
-1056435
-62036
-795406
-364534
-838407
915625
-1705240
216958
-973757
-877425
-110735
-342769
747203
-1278484
2012233
142159
1207554
-473857
1545198
-113961
202489
346232
-5934
-78855
330884
356371
-1469085
-120007
-316240
201816
-1450972
-110862
-1680371
-145486
-381833
-85035
2016
-332006
240365
-34211
1470445
233068
765214
-514209
77891
-295135
-226725
-434092
-75320
-64828
-287242
-206930
-626476
481826
-843201
-913113
-960123
240876
358032
428409
35874
-51061
29818
-433687
115155
-84478
366373
-116699
16381
-1227579
-67499
-202343
421090
-149444
-103722
-199262
-373290
705395
-976166
255834
-519466
-501940
-96783
1595674
397539
-10883
613126
-191
373052
73363
606671
191654
-283358
530771
-160603
-333174
632765
-97526
-1197852
-501573
-267369
-80022
-943779
306695
-668869
178702
-200307
1232997
209638
219533
613318
138381
416568
539837
1048108
-821825
321813
519475
-88379
-605250
-443155
-367658
-1013959
117843
-653293
-503139
-557302
1021868
289084
381337
535329
1179164
-112440
1299444
