#SpinCore Technologies, Inc.
#SF in MHz
#SW in Hz

[HEADER]
@CLASS=	RADIOPROCESSOR
@FIRMWARE= 3087
@SPINAPI= 20191127
@POINTS= 128
@SF= 21.670000
@SW= 127986.351562

[DATA]
-3267920
-1190902
-4002988
-1721555
-3166134
-4342246
-1328610
-5473995
2321221
-4337352
3520765
-3035648
4158815
-1227398
2127181
3027391
3407669
2679135
-578033
4527085
-1203583
3738440
-2501166
1441617
-4127851
-494443
-3085001
-832784
-372063
-3026674
-1865637
-3293970
2493993
-1844109
827800
-2273627
3340228
373763
3171755
3370590
681716
1314439
-500674
3673276
-1730520
2057669
-2256054
190462
-2353860
1344701
-838040
-1117955
-553468
-866460
-533608
-30430
-19430
-1907572
474474
620572
-194507
-1951302
2179656
-556510
736282
504608
56075
702844
-543560
2161146
-1643773
222295
547969
-864436
-1127925
1958466
-660474
-2036532
1475911
-50417
144995
-508815
1171738
-884199
-1047996
1973781
185434
-2161960
2230365
-240092
-1250159
1466057
2205317
-400133
1370547
2824828
-1935913
554596
791423
-26531
-1743716
68605
36422
-1153742
1144666
21136
-815988
441957
1393311
-937037
449507
-487887
-359955
-1106620
1868276
305941
835493
-32496
-326566
1585366
-69412
1633761
198241
155207
-896281
-365727
508602
238948
-670916
-247430
-1034406
721105
-1574520
-1691394
-769059
-794369
-661796
-654964
937858
246067
-261212
-637658
135621
1730579
-422231
-463677
-833015
-67372
-1675771
812502
1078705
-1565271
-410262
-313471
-93223
739992
1224015
1128344
-2234875
-567616
1033882
-96367
661869
-2426511
-1243656
-269547
657681
844782
-1474491
-1017813
-657186
1315853
138979
524865
1518048
-668948
963541
1724513
-722805
-865319
942244
-992217
-915438
-417606
345775
-1086901
398612
299453
-653349
-1047494
1697226
888749
-819872
1708160
-54700
-1190840
772077
-69360
-193991
-116772
194681
-690371
-1415733
-360929
810616
-324703
-196414
1212865
-835171
494857
-1134004
156058
-1604079
212443
891418
-1579749
1168770
1358332
-554466
-251672
1488641
-266597
-3031230
1305080
-749615
-276546
835383
1379171
-684215
325307
581130
1204598
247907
1292402
-25666
-160784
-331224
-1463751
982434
-748521
117226
-1031963
1248622
665539
-1032641
444829
-194866
519303
-593045
-78157
-63746
-1368938
-569635
-1758159
-268748
151891
