#SpinCore Technologies, Inc.
#SF in MHz
#SW in Hz

[HEADER]
@CLASS=	RADIOPROCESSOR
@FIRMWARE= 3087
@SPINAPI= 20191127
@POINTS= 128
@SF= 21.670000
@SW= 127986.351562

[DATA]
1072506
1113916
-176946
207098
2358358
3142953
-392388
1697413
511100
1819935
-1077861
-1898115
-2597312
1522940
-1003034
-604816
-2108586
246341
859322
-376648
814079
-1958092
1043937
-1784254
1403989
-2272
-383613
443277
2129404
-646936
437130
2366082
605398
3008365
-137156
-888243
-745974
393296
-826307
1897
-1519097
322387
625345
871194
-42622
-1952194
801858
-1662610
1388618
-411045
-1276635
-522389
806562
1666215
-42278
2422693
-283847
4239694
1042364
471836
-128808
-92100
16138
-614058
-2030169
-1041202
251831
-660034
1845406
1129011
1719126
-1376619
948534
-634089
683101
-138973
-211416
85695
-141321
637497
592440
1478246
857667
-46976
551877
-222068
-1882955
437261
-940406
-1015108
-2109125
35910
731658
294879
1672172
89250
915825
-207448
405944
-1658535
353387
1036851
-213556
2155946
-671084
1445475
93436
222205
-994677
1238130
657076
-1860047
-946426
171215
-466194
-358379
-673974
-663773
1026845
354665
1626754
-1828016
1913492
-941893
-57290
-25959
-1344070
738823
213834
-361936
-1261405
1382335
-713870
59830
-46969
112886
-1942438
357187
-207366
-887356
557738
-1514
-1429395
-146575
-315007
1155744
-88453
410355
-1225292
109588
833998
-678184
89133
396361
-1317605
218840
1091752
1215096
668893
768291
1023637
194573
-726880
57469
-431148
556062
-1041956
1360614
-439831
-539475
-185105
107513
186864
-4135
220132
-1024077
963432
-1317035
124141
-310971
1127770
294872
-910698
400852
-83167
389983
1767861
-108847
-435712
-1321111
-587998
16167
-936040
-1488777
-1828332
919017
-79813
-884863
440721
783393
1670241
-467734
753039
-894256
-58590
762892
-1417188
-440683
163544
252515
-334759
945040
468483
259915
1088432
-945659
-1347093
-1221779
-873494
-868604
-1838309
-440725
-459555
700499
926559
176761
-1134607
-1100692
221451
-616409
-1307088
-234334
-1354778
559401
416510
1750675
1576718
1182100
639014
51944
-248950
-308742
-2099213
664624
-1660501
-61303
1267286
98439
637353
371422
1218780
-1954452
2249151
-355748
367107
626599
