#SpinCore Technologies, Inc.
#SF in MHz
#SW in Hz

[HEADER]
@CLASS=	RADIOPROCESSOR
@FIRMWARE= 3087
@SPINAPI= 20191127
@POINTS= 128
@SF= 21.670000
@SW= 127986.351562

[DATA]
6292637
-1116139
6370498
1767833
3005356
5335686
3356435
5793312
-893683
6866536
-3022617
4304141
-5231828
1583837
-5079992
1392173
-4338741
-2984410
-2881971
-3517190
180834
-5762472
2579629
-4633633
3803184
-3791895
3377658
-285025
3849512
2698743
2396031
3311837
816794
4102159
-1440997
3346689
-3529736
2524322
-2306604
2022676
-4001222
-919914
-2287709
-1401764
54314
-1944373
-249438
-2216162
2486989
-2881454
1479853
-81496
1679058
204847
1574764
775069
1720878
1765252
-780583
1780254
546135
940676
-1913980
1191837
-526958
244171
-711166
-232006
-949748
-199764
-154970
-647383
1250770
-1248598
-297783
-646468
63785
-1380831
-370227
-692925
195719
370442
-470945
-1308714
2579691
1528631
-702880
437958
-320462
830391
-936038
160839
-1221281
530933
980335
1543254
-627166
544991
1544019
-192170
572582
-1396070
-539943
1458698
-984977
-357662
655754
48351
583060
-204445
1203024
698318
711390
-768890
1193169
-3001480
346375
18486
1518588
-710117
81356
1617015
315080
39791
-1129547
61766
438839
1229052
-1525621
-1299079
-52895
124438
-1154614
1464658
-1785329
866456
1597315
-1227565
-403576
261020
1345436
-127016
1030639
-1617991
507042
-125080
1254132
-421019
-162434
891050
538768
1433372
-500766
-79384
1114887
81673
-60825
-816474
-267990
-578537
1032838
-821681
-376223
-938525
760187
896792
253206
996291
168113
-277901
96137
-431168
-726222
239563
28030
-646602
-1151273
-156034
-1845153
381902
1687655
-1608455
-205218
487054
-399747
348063
-19107
-2003752
918932
-50798
-2245996
-718771
-588312
-185035
844442
2265013
543933
-155681
-589448
-454688
-109812
86878
-289689
403201
-2135284
-789717
9269
-206728
-132262
1038940
1449742
-736726
792625
32151
-168760
555164
984555
-1240868
550812
546559
-907427
614535
301918
-235230
2377852
292245
-1191272
559050
-33992
-732499
215636
1498493
-1852384
602786
343859
235995
456367
1643306
-755113
-170864
484391
-1054060
1127339
1006500
-1658315
771626
438174
-87960
120361
692835
-2090999
1498246
428919
-1042159
-316283
-914580
