#SpinCore Technologies, Inc.
#SF in MHz
#SW in Hz

[HEADER]
@CLASS=	RADIOPROCESSOR
@FIRMWARE= 3087
@SPINAPI= 20191127
@POINTS= 128
@SF= 21.670000
@SW= 127986.351562

[DATA]
16850926
-1003327
14465815
8313976
8416364
14167592
-1159927
15863053
-8787985
13832184
-13395903
8402330
-15674923
-481679
-12078091
-8074441
-5492675
-13123838
1690826
-14076082
8542239
-10601982
11269839
-6125842
12923596
1255719
9860939
8484503
4238752
11147329
-751781
11053999
-6778394
8176779
-9418684
2324457
-9389777
-2906468
-7509583
-6351234
-3781915
-8483308
2566759
-7179894
4792428
-5428896
7434214
-2873655
6741399
1420481
5264959
3098397
1762172
5237418
-574095
5918594
-3025449
3316966
-4749081
1853241
-4208081
-449546
-3775129
-1837267
-1377929
-3453460
-358082
-3617741
1299871
-2329769
2444433
-1876856
2737986
-467007
2135585
882237
992207
1176555
635218
1811912
-511602
2533382
-1075294
1655640
-1348066
1059428
-1497719
462654
-863440
-836045
-1047275
-1152961
-1263601
-1037613
638248
-736814
923195
-431600
743496
-631152
2096492
230417
1419556
45976
907721
949754
294300
1022233
-879962
375420
-845585
692362
-584712
945780
-632435
-423567
-591364
-817885
-36920
-1725246
-491501
-1372032
1951129
-650402
1248403
447196
399328
-240114
-9857
336105
-365845
1003867
-557667
596833
371297
258803
-633179
-490206
-15582
-67537
-956174
179299
-612554
-784557
-158803
-387476
-778100
-176375
-910604
-75120
171632
-403546
246524
-530192
839525
320552
924814
123346
-375369
489264
54455
104406
-153153
608380
-1400587
-1177988
-473884
-388926
-999619
-141217
-661397
-420756
-451300
1013327
240725
-383071
280552
435597
467003
-425669
34157
-156997
1033768
-225660
-331547
49983
-592348
-624252
-773815
403316
-703921
437780
368694
412883
984515
-299153
730850
-712934
277703
-84370
792112
-4329
-1474978
-857357
-227948
276935
22293
1241358
-47937
284475
1280567
662094
-289786
165556
375284
-263810
620548
-110059
-444336
140084
-184466
-180779
774601
560612
-589196
-339265
421158
415069
270276
-178934
201905
-554322
853491
-276153
-474360
-268096
421997
-255381
-665993
-46540
-1003117
272846
-268061
-107277
669010
116792
385828
-375279
530072
383653
-271628
542063
-512906
-331101
-518181
-354874
