#SpinCore Technologies, Inc.
#SF in MHz
#SW in Hz

[HEADER]
@CLASS=	RADIOPROCESSOR
@FIRMWARE= 3087
@SPINAPI= 20191127
@POINTS= 128
@SF= 21.670000
@SW= 127986.351562

[DATA]
-3898333
360035
-5383146
-1494472
-1464885
-3726071
-562121
-2602018
1459259
-2537660
3552061
1048301
2690476
116820
3097341
1531595
585661
1574955
2245752
2899679
-645127
2867378
-1996228
5265
-1891713
1650869
-2348804
-2864994
277770
-3038374
1062172
-1635458
1348520
-2781866
-120305
59104
-390287
-1439103
2559972
1952671
-1124667
813603
425024
2073996
-1921327
1434277
-996219
-833488
-2518546
471248
-1512380
-813690
2300898
-941470
-257775
-505584
1473311
56020
-597566
-1420357
1020776
-1749908
1245462
1696295
127008
-155218
-778003
545988
-1395966
-1019555
-481599
711123
53819
2220546
139632
1354577
1614467
-291583
529028
543703
-1064461
-1766398
256703
-715033
772590
-1126842
478825
-445287
-2411285
40115
-546531
-1775710
-456397
488677
-1007352
-1055154
2319433
833396
-1775678
302881
-451332
-662679
-1017334
525446
129443
-1362450
-746595
-758477
307373
1292274
1128090
2736664
-745104
-379054
-390874
288078
860774
-331423
2632700
222561
-1051240
1498638
1209926
322457
-19720
148446
355189
-723532
1090156
1391894
89420
-453428
-26444
-1024486
-1754190
-590055
529012
-741638
-1036580
607790
96297
-995618
1796396
1133864
64766
-728778
-1631607
897058
1536920
-700874
2293950
-51745
1131550
255312
1883519
2030402
-1386988
1232301
1214042
-444067
-995977
984797
1621133
100928
1286283
648878
591389
-2353634
-397784
339133
-1347797
-875914
349715
-1660860
375049
1280202
458044
184467
-1006750
1603320
-448049
-524401
733524
605962
953452
-828875
760723
431459
-1552227
468050
-839421
-87850
-663675
-906009
951189
-854938
413030
-728295
214729
1177892
-565916
-1015569
-673265
-74147
-1683728
-110676
610889
301507
-765186
2041752
-1385367
811866
-701913
1092765
-953455
-1119037
1479696
396460
-452511
1315692
-508946
-2408144
-585617
1143630
-89145
-1268811
-937407
-1059514
-671399
-1096166
1500896
898495
-337744
483839
-1477358
1085478
-231816
1018003
-489291
-744670
853041
928656
1050979
1338368
410335
275977
-956726
-58278
556674
-603856
837951
-1197835
238618
-70669
-1188096
3274749
