#SpinCore Technologies, Inc.
#SF in MHz
#SW in Hz

[HEADER]
@CLASS=	RADIOPROCESSOR
@FIRMWARE= 3087
@SPINAPI= 20191127
@POINTS= 128
@SF= 21.670000
@SW= 127986.351562

[DATA]
5197561
-999519
2986452
1370377
4012530
5359303
883465
6201484
-1625117
3746515
-6610991
2699642
-3780659
-1249265
-1678152
-4200736
-1997535
-3200356
1518657
-4846692
2253098
-3467364
2173594
-1439242
1835693
529155
2161184
809264
-393578
1389689
1339081
4838721
-2643206
2161319
-2325477
1989735
-1123206
-584794
-2334411
-2185418
558877
-2549427
1858989
-983623
1874
-1719505
1577320
-1765135
3164146
-33602
1218461
-1737277
-1121800
1635983
-2171806
1230085
-1830190
2503081
-1625455
1788339
-1353699
-2425117
207354
-371671
-1539385
-640602
-862685
-125215
1311995
1012564
2746154
-710909
1365782
313283
2165313
-211314
1249934
667130
-1117288
-506356
-763948
1539142
-1277988
-698957
-492164
-1170737
-1264398
810467
-53695
96699
-1690461
1310492
-596975
1061747
329245
-202614
1236942
-365971
993226
262287
640243
26460
2097894
154380
-877722
-805178
711892
-553147
-686746
-1030496
-484046
-243463
-426058
952449
-1115189
925095
590959
580277
-1921062
1797552
1040920
398957
417008
645853
1766885
591008
2433593
414447
-165766
-1012704
871134
-344680
1257047
460739
1646570
-1288593
-2786754
-335936
-1101529
-233605
-1738161
-821000
193552
733875
701035
1024416
-289053
1418414
917691
294038
569033
639575
2602409
-847684
-292014
-189093
1487043
769060
1435647
68487
90732
-1009388
-444478
2761318
1460094
-1413979
-1101915
-424016
-494791
1479419
-60204
1633496
-1204953
271031
-1374362
502551
2094303
1549537
628630
-1089341
-281767
828219
-836325
1322558
1333682
-1623642
-509284
-712218
1095736
-813953
-50696
-99235
-1042491
-991479
-98877
458178
-340359
1188109
-1945395
1265192
-1538569
274821
-105015
-206685
-736056
-1209839
576655
-702914
1558649
1106665
-308540
-50835
-610444
-167151
1464750
205929
1051315
-763923
538159
-867372
237058
-434508
-111197
-665247
-58050
-103554
-1056633
143223
753921
457235
-383848
-1047355
434082
620083
973946
98597
-2250948
821126
-63477
2003184
460333
987001
-272629
53727
5462
-1017600
-54945
667392
-149844
301846
-92676
124603
2062138
-543325
-530791
244184
