#SpinCore Technologies, Inc.
#SF in MHz
#SW in Hz

[HEADER]
@CLASS=	RADIOPROCESSOR
@FIRMWARE= 3087
@SPINAPI= 20191127
@POINTS= 128
@SF= 21.670000
@SW= 127986.351562

[DATA]
5192813
-982711
5649775
-284700
3272727
3623634
-708550
4974100
-2558835
3869064
-3408571
1296808
-4025748
-2633641
-1501835
-1149086
-1087144
-1444750
-161514
-2689102
2473797
-1692283
3261538
-1496930
3944237
-845983
2160906
4490255
-481379
4056658
-1321524
2034291
-3237153
1963827
-740635
687981
-231732
-537955
-3678805
-3295110
935688
-2040262
1051847
-2971716
1070676
-1776158
2852511
275968
2551026
-564300
-1913051
1339034
-277999
900402
-699552
-27747
-1005393
1083516
-25623
1660443
-663771
144184
-1085922
-1198180
1659719
537822
1222663
-1186411
1179154
-2464249
2313745
-203441
1294021
-193861
1460688
-322798
-204193
818780
1526833
1011238
501477
61387
-116827
815279
1030356
451908
-400183
520640
-1270328
-1131914
-383483
325534
121376
390696
-17203
78054
-207899
2195863
904038
874922
-433667
533124
62786
346063
2167101
-1002550
-759827
15682
-272035
-1870772
-1462279
-1113713
-1837744
-1578147
-469581
-625583
-2938290
368288
-634435
-1247878
-1415287
-600696
-546144
29729
1222129
1581904
466248
265530
-344147
-801281
992195
405037
2011818
-669346
-46744
-1408908
1179323
-668449
-418051
-359292
-209292
-1550037
429787
-640466
328406
-1332932
146116
-190728
-563831
257233
697821
-563056
838687
842520
472423
399607
1484755
26943
212322
1639221
-1244210
-928965
785269
1088633
328695
-762910
617997
-102709
-744613
1896088
-655467
-1320116
-610675
-843777
-683426
-510806
265058
-1456243
-752908
1465500
-1099977
1784679
216077
-718395
-282108
2793701
-1029115
629992
1829276
-1265329
-136669
1225723
840094
345814
703783
-65334
-1261063
-1469399
-365176
-300538
1296810
-689894
-909052
55691
-323636
-1013433
-642456
85503
-895114
-318610
1122453
360765
252163
-1394643
1069448
1941846
413271
-598800
1184656
-1717957
-1129472
2308225
-104961
369426
523697
-807831
-265232
781076
1546597
1154025
179026
-358593
618070
637239
-972017
1102619
266041
-618403
-365289
739318
372679
643510
1890619
-282935
-730700
-709397
-270562
153217
-1213394
-399926
483218
-1575532
104008
1476049
388573
-400299
