#SpinCore Technologies, Inc.
#SF in MHz
#SW in Hz

[HEADER]
@CLASS=	RADIOPROCESSOR
@FIRMWARE= 3087
@SPINAPI= 20191127
@POINTS= 128
@SF= 21.670000
@SW= 127986.351562

[DATA]
1105942
2012546
851482
2892251
-1285370
1812526
-3627864
1681378
117883
-554603
-1059832
-1931830
587742
-816391
704612
-2086070
944438
-2287624
799862
-686921
327771
1140499
1057704
1221143
-358258
997667
204027
646141
-178435
343917
-742952
24107
-72583
-513101
-759759
-255970
122482
-1780697
664242
244171
552450
1077612
901358
732904
-708821
-761433
-1192045
1301185
684573
-1842287
25098
-698667
1258318
1055108
1658511
-491506
-115200
-1117908
-1255939
1005515
507889
-808692
2062218
-11742
1701160
-218941
326991
-560265
717931
-233870
-1125093
-930031
-265637
-1550294
-25859
4977
1368031
-59109
181377
-196387
1457182
2125513
26830
719994
1569355
-2489052
244854
1489498
-17347
926976
1332295
702598
557580
398111
-989146
351868
1071690
-339917
164031
977344
1021761
465600
1789543
695312
195351
1200
-98905
12120
1186037
386823
175436
-305259
-290777
1179821
396906
621006
909221
1354606
392237
-1768693
-385491
-2278799
871440
-635514
-154501
-353428
-178510
-720901
-1428918
671092
186351
-341485
-1169259
-931207
-14606
-315872
-198500
-120162
1146349
-1990086
-1116298
149844
-360296
-1367938
-3389
77269
-969851
-2287831
196747
285710
854785
1215853
376469
-45146
-736103
-1299293
-772153
34802
113117
222696
-603995
-683742
78125
1354407
-761721
-85321
-619679
-252593
59465
-1090997
354524
-1566290
-540645
-684067
1177
-1488224
966232
-565406
320701
-315426
843548
583603
-464353
-695695
1040406
-509240
-681069
2907301
-238276
-1159830
1783181
50027
222685
1635608
811312
-2141508
788783
-2017641
-452992
1131078
749615
-750513
507180
-1506426
-443553
-388807
390670
181514
2395407
391478
-224766
-394104
155866
-187518
-810086
-885997
276103
797049
-391880
-399507
406646
1319554
-100808
1322305
-625349
-677478
340562
-827474
1004480
-924742
1413262
-1225694
-384795
-1054671
269231
265551
961218
770699
-278247
-400938
307216
-553348
699078
5250
902814
-403477
-103803
1008923
412009
925925
1159170
-182378
300724
-1957067
1717090
767979
