#SpinCore Technologies, Inc.
#SF in MHz
#SW in Hz

[HEADER]
@CLASS=	RADIOPROCESSOR
@FIRMWARE= 3087
@SPINAPI= 20191127
@POINTS= 128
@SF= 21.670000
@SW= 127986.351562

[DATA]
6140522
-2106774
5219961
3615470
4505592
5204023
1537843
3496073
-3597251
6613700
-4093955
1167015
-5272666
-164941
-3538524
-2924109
-2559227
-3714316
-1071657
-4163337
1142603
-3741691
5112416
-2023756
4525339
194264
3097474
3789192
2787017
1350190
-295028
3921141
-1853486
2318476
-3064432
550666
-3754535
340044
-3262233
-1638013
-1554840
-1684423
-50583
-1899935
1260628
-1316672
2707811
857790
2389266
-612552
1040904
504433
2290970
1469627
1733329
1045824
-177393
2243490
-1280569
-134822
-461845
-595529
-1795235
1016255
-666702
-2237894
-949507
268135
64302
-1365096
1099928
-1083927
704681
-109432
1124696
-699910
77106
701691
-282169
-644822
-164517
-298163
-2996007
1159122
455468
-1203622
-807103
1468417
662518
675294
-394962
597048
-167387
-456066
114125
-1433057
1078693
-1923459
-50980
736885
1496087
-1853504
-534831
1561806
-3825
-76016
1345258
-328190
-980646
660529
-184606
463664
-825858
-1114340
14571
-503895
-772879
-537745
-339353
-70510
-774757
378375
722196
-535184
-84513
1296636
870948
-718376
720299
-1286518
503184
-1007716
411237
-208502
-709229
-254839
293675
249374
952802
656756
-109443
1538272
677674
189993
2047441
646829
-1628747
155210
1423744
-2431778
791611
-147260
-801356
-1425790
542415
1629741
-432639
53199
1198983
1008715
385555
2224327
22002
-706452
1473442
278934
53321
-952550
-65320
-1793070
565202
-159021
20863
54175
-666518
-480704
-1037647
-819226
-1863920
515567
89063
-728555
23310
-1216193
-308480
-142198
746073
263877
1137487
-1659595
-668670
1639265
-1428814
-464627
-486612
755735
-977820
-317706
981156
25387
-612232
35553
152432
-133856
-42789
-662555
-224215
-172300
-253
-1475827
643519
60771
-2354192
-1500378
178283
-40088
-232273
632670
-1177371
-837199
1133581
315879
501580
-616555
-1772796
730422
82754
1487891
-302143
148910
103121
-443290
998551
1567647
-955531
-2014870
756822
815205
-931251
-764680
-1368712
-517786
-1547955
2043213
-199229
382709
292778
893100
652670
841193
831136
277760
444130
-751975
-44900
608246
