#SpinCore Technologies, Inc.
#SF in MHz
#SW in Hz

[HEADER]
@CLASS=	RADIOPROCESSOR
@FIRMWARE= 3087
@SPINAPI= 20191127
@POINTS= 128
@SF= 21.670000
@SW= 127986.351562

[DATA]
-110301
-1588991
-701245
-859843
-981422
-1983653
-869759
-282689
-1438764
-38789
-1747631
1194521
180436
664330
-1102924
668648
-275735
1979923
599282
2464623
100586
728465
1985450
1091323
-287108
338800
610059
-1762621
1132737
1232192
707545
-2601611
1324761
-360896
-401951
-1161207
1526718
-118229
-2233726
-447681
479550
-1475954
-1635586
-295579
-1417737
-778917
553315
1065055
-1136653
537376
-219893
1587034
-627795
-798307
1311831
1360645
-194270
-383607
966842
-867871
313441
88057
559948
-2134108
34021
-945855
-130047
-1275807
1058424
228843
-1567916
-79815
-231388
-131808
-1288556
816013
1337421
-833762
-396321
457601
75651
-494837
1542991
1537746
1575483
75436
-1135727
1207420
202309
-1912478
56862
-230226
-355540
179821
307244
1458201
-2520587
1014101
-1456349
-112407
-13080
-1405286
1200504
406289
636460
-281214
-181267
579123
-346360
625883
1113405
-261279
1023000
-1159363
390475
817056
-116166
158561
-201992
-1139185
-696309
-209902
-691613
1063655
-585178
945288
-234228
819122
-23936
-68036
187305
-201162
-764371
-1567892
38244
-114475
716185
-1491386
-2152359
-692132
725982
978336
717298
462543
-1237697
255434
873241
1879863
664017
538820
635546
734808
-508334
-131132
1670697
-1690478
112784
-551829
-97203
-166256
-139257
865603
-955966
167832
2190193
-1688240
-990899
496812
-134888
-701808
1040590
-566491
898166
-673268
-614461
-113069
-1504773
1217278
253796
426952
-354040
1309032
901357
914027
-68553
1336468
926175
347262
-293492
-765010
117800
400821
1098247
-1211190
922982
-1220091
-244259
77358
221956
-2199146
-1398596
-1425258
-337079
-616034
1068048
139901
-729541
313599
45321
932891
138537
-95451
407288
-1744201
503460
206195
47949
-606651
-1346395
-251989
-858554
-180040
1233247
275111
-1244642
-30229
1138403
-612428
356458
-596839
-363213
450229
558932
-1080352
1450176
-749911
-444557
-412625
587433
-257168
-2315190
-1450305
-776645
-800354
-1435660
798863
-1554936
-238591
-588614
1327743
-1368818
-409104
1175608
655646
-988773
347133
