#SpinCore Technologies, Inc.
#SF in MHz
#SW in Hz

[HEADER]
@CLASS=	RADIOPROCESSOR
@FIRMWARE= 3087
@SPINAPI= 20191127
@POINTS= 128
@SF= 21.670000
@SW= 127986.351562

[DATA]
2995638
-1676044
2545983
337539
2435983
-910808
-666522
1197157
-519849
3915212
-1096961
3588426
-1394871
836529
-924129
-966608
-3674991
-1586995
-1222542
-2353493
-438305
-3152618
-1261918
488970
2320465
-1009621
2033328
615987
1161742
1898967
-325185
440873
2325890
1678332
590500
1238776
-264938
-152340
1027891
1555703
-2043517
-660278
1106291
-1593717
-182529
-649894
-1482193
-633239
1437316
-1785953
-570918
890379
-535172
-41537
539132
383879
2005545
46038
-88840
215070
876401
-702681
-553866
735415
-576441
531094
-196826
376310
-741895
1035266
-13076
568697
-76375
-1113104
521814
-449894
-926359
-380869
-249960
-799500
1051795
1163652
1918037
-384747
773106
78687
648474
762034
-2533668
82252
-214284
413382
-1677976
-61445
-856356
-757111
659715
-203964
-1474027
-1161452
979217
1040873
352678
-2019907
-401322
1317432
187779
839236
-1696231
247208
-1194801
105024
-47491
-1400341
941005
881418
-351580
424818
1494905
-27275
1485758
1179537
-263907
1129317
1910732
915733
541681
1297840
-708793
339730
-1149711
462845
-550034
175384
-1263375
-813198
-1227662
84585
392874
-215217
204617
-898378
1561481
316194
-598414
-414781
-882213
-287816
-83618
918962
-2158956
418376
447235
1065436
201373
-278046
-1167797
-438557
1175373
-402094
-1122588
490923
660156
503028
802853
-683181
977320
326236
-395492
-516812
-82528
997465
-1838799
781028
-1279392
-631801
-140392
89732
125854
1326292
1223345
-565622
753077
-364119
859
-489734
-104876
985595
-393050
69899
1538
-79964
834441
642934
-920347
-1100015
-1010397
-1306417
679070
698123
-791522
-476446
593871
-318262
-810217
187653
1137946
575546
-530385
-135360
-1152695
230811
-785926
-892456
-1424277
-180015
-710775
-379091
1409169
-577145
806325
-758381
1409765
1470458
698107
-769908
-276220
712344
-634015
1919767
660866
891551
-1935006
537435
-1247942
683446
883636
-1683504
704623
-692230
906365
-153170
435367
-457088
589237
1946322
273072
1164932
336100
-1016120
106934
-183077
-1308512
-1290328
-236285
-1374273
