#SpinCore Technologies, Inc.
#SF in MHz
#SW in Hz

[HEADER]
@CLASS=	RADIOPROCESSOR
@FIRMWARE= 3087
@SPINAPI= 20191127
@POINTS= 128
@SF= 21.670000
@SW= 127986.351562

[DATA]
1505575
155019
976817
708681
845653
-318541
182338
-21893
-607563
685942
-241187
1395
-330925
-98645
6302
-418104
83922
508314
-199054
75746
-1678121
-718776
-442055
-787978
-701501
-354768
-832293
-71018
452651
-606511
108828
149378
648416
-709201
857338
1344953
840720
1304867
-284215
190505
-746856
-549280
-993200
-1021811
-1466262
-313895
-756044
-458360
-62138
-925359
559861
-285971
288671
-383184
920851
-298276
1355878
959414
-621784
444770
-1236742
-219608
-723855
861776
1099909
159846
110840
216883
-995832
267327
-1101387
420351
-602055
-46878
3882
-88099
-189150
-660350
90354
-291837
364183
334161
552153
652532
1432265
1482573
860446
734583
-434789
579158
-462351
633244
-1108997
194838
-997999
-149865
-827350
-576159
-1474244
153933
-437311
-533885
788063
-1499110
1013260
638302
-670435
81130
1304408
-226712
913469
357697
-394547
-801087
-374582
-769004
1012822
1087160
-328677
1266881
-426978
-292860
528588
-489554
-792805
-934703
218732
-1366891
-225340
-1590686
45786
-658600
308507
-1708616
649108
-155554
996473
-685098
356528
1062852
-261267
1033503
-1066134
1495592
-1058671
1019798
-658760
-1324632
-1391890
-1322825
301728
-1715481
758502
-1135311
514304
-313686
880901
269394
876964
-225965
1153653
-1423229
1602450
1031887
1022965
131496
-533026
1058024
86304
-208098
30405
1719361
113966
166336
-980391
-148260
-1038231
287131
-308061
-1290421
1351636
-278016
1273066
-322560
130285
-1220676
1299234
344369
264247
138244
-535242
299194
176063
822830
-383320
855208
-10626
1273785
-191205
22110
-232175
-432907
-1796462
-826036
-355306
-55163
-307120
-1625622
-579316
-1409398
866187
-709770
663285
-593410
14842
32429
563409
225046
1848712
-683167
660517
1461598
-1234288
-226662
-986333
-115860
-541366
-708598
219088
-565184
309883
-178707
742487
-633899
837505
105748
-88484
-1699891
924857
-125572
1592041
-130845
381509
2265974
386710
-479334
-10314
622865
313411
-661862
26316
1105789
-578231
-704862
757753
-1339399
