#SpinCore Technologies, Inc.
#SF in MHz
#SW in Hz

[HEADER]
@CLASS=	RADIOPROCESSOR
@FIRMWARE= 3087
@SPINAPI= 20191127
@POINTS= 128
@SF= 21.670000
@SW= 127986.351562

[DATA]
15494949
-3796103
15358975
4115866
12832937
11919737
4863648
15397389
-2361792
15492368
-9573550
12603190
-13960776
5844406
-14233574
-1253920
-11451763
-6746808
-6694779
-12310283
-182238
-13775157
6107708
-10759340
9506611
-7583299
12162956
-936221
10936207
4027043
6244611
9039133
1881708
11047157
-2372010
10157035
-6634537
7157599
-8511334
2849094
-7759341
-2076005
-6617779
-6190317
-3420743
-6999638
1230557
-7163750
2996547
-5385672
5875212
-2494259
5975380
519674
4851286
2498137
2891054
3603101
-493739
4644605
-765472
3522563
-3494050
2870282
-2491913
1250573
-2900096
-397395
-2556039
-2218491
-2004706
-2988434
-757896
-1579031
-255192
-1089732
1592655
-1172049
2283897
-1055551
1297597
494197
2518154
533317
1842352
1181932
-161749
313310
719724
1926991
-613446
1586178
-627214
633019
25023
367347
-1245794
78036
-79046
-1130971
-648890
-773715
-610859
-548525
291239
-1161708
553518
-185279
1451400
-599792
1334470
-903750
1720668
491355
431847
361602
54266
484678
-649313
1409769
-1240804
865956
-1112788
70358
-719738
689808
140082
-807870
-67303
-875867
-161230
-529425
325630
-640281
-55660
16152
133680
-61241
1234150
-338886
341392
600317
-222541
-324603
1259355
241380
-25393
929526
-655558
737319
-114797
858398
-858130
1037364
-455920
-1291862
-251076
124912
-978421
455229
-15373
-1113772
812545
176781
335524
-145818
448373
-522129
1177519
236001
190349
236948
-289974
-297901
-99120
286894
-750490
19276
797153
-447674
971627
346059
200817
45592
1273225
-465399
833423
-609527
-148622
391421
-1086178
-156904
-326203
218086
-595913
489904
420318
-314913
687066
199945
233280
392577
-46293
-1238043
654088
13849
629557
78886
-403599
-332444
585694
264941
-803351
-187721
-474074
99200
-62153
-863737
386478
-240706
277198
620597
309356
581496
-5826
396528
-345437
351755
248802
607865
-749465
-155041
-542739
-499535
-84049
129463
-219442
-137985
761791
-105028
193554
492192
-624344
-59571
918393
34277
-675594
-180141
64449
399077
280848
331594
-579366
95200
-311504
-631101
