#SpinCore Technologies, Inc.
#SF in MHz
#SW in Hz

[HEADER]
@CLASS=	RADIOPROCESSOR
@FIRMWARE= 3087
@SPINAPI= 20191127
@POINTS= 128
@SF= 21.670000
@SW= 127986.351562

[DATA]
-2096588
-39707
-3609874
-815863
-2400268
-2827559
728659
-3228562
2085678
-2661108
2528310
-2416818
4601674
-61761
2839044
900845
325071
1842332
-1309185
4536101
-1599207
1626133
-3201805
1132728
-3479734
584898
-2046837
-1079099
-2650317
-2436372
-738842
-3122730
1882447
885083
817728
6580
2029174
-841424
2446561
736021
2437353
-533816
-1286679
2301777
-1504488
1082458
-2029472
470407
-2486210
-1726660
55915
877163
-494579
54296
-517643
-903688
895333
-259734
1006057
453615
959420
-83416
1194382
539933
1291513
-65265
375636
1354624
-1882488
27297
529148
492425
42990
-627297
616694
-540436
-284876
1783481
-495508
-123720
1012833
-592738
-708293
-140080
-250230
-825257
-118626
-671027
387989
606270
-715140
-225393
-428820
-82800
-416510
696572
-450303
686329
416753
866758
729760
-890870
811559
268969
570272
929776
987722
-2260824
-491133
-889462
-384577
-1087312
309428
-471952
-213887
-829635
54881
1835032
-251549
296337
-278337
606630
-1471877
1104932
601401
72585
743236
345782
-1654682
1141395
1422524
-709962
-185931
-635278
-640600
-228235
1536389
1150935
-674795
-1546734
686790
628504
-2279313
1740548
-538184
-1529147
-1224487
9126
-391933
402294
-1354686
1511902
-912688
-1338408
-46705
847124
-18407
2106404
-4883
-253906
-569437
-674654
926427
148202
1539641
108683
641870
-1166316
2256139
-135843
-423051
398380
1822244
-1809196
-505127
-1004699
-73901
-1022864
-1877976
-312502
-991839
-1401919
-1391506
468817
644
-38937
194658
-1362119
-375416
723446
-414169
-430260
1260924
-1018985
-825865
167550
2185108
981724
-306055
-623621
-1091861
-424452
2202337
1194967
766091
19901
1284673
-354327
-814111
890918
533745
-1656413
-505431
943280
-178341
-607657
-688869
596921
-1713558
509850
89628
1571609
360548
279657
923630
-233388
1383467
512051
1422342
1147635
-752538
542815
149304
-2315801
555177
-691533
1110350
-1802389
-1474706
-311919
-1793466
1090169
-1306285
737775
-1280152
-304719
566766
-29235
-464304
1007673
-87086
792308
486302
325349
208005
473708
