#SpinCore Technologies, Inc.
#SF in MHz
#SW in Hz

[HEADER]
@CLASS=	RADIOPROCESSOR
@FIRMWARE= 3087
@SPINAPI= 20191127
@POINTS= 128
@SF= 21.670000
@SW= 127986.351562

[DATA]
1273930
-5772
-380256
743129
2581866
1568456
506331
2279838
-695477
445260
-654799
310030
-2340414
101955
-1381332
-2597081
-2161025
54205
265218
-1818491
615451
611481
233190
-1248769
2309245
-1381547
298647
2322236
1527833
1454716
426972
-635961
-1627324
2465507
-1691580
-398409
-487730
-1303805
-592607
516224
340627
-2906472
-583114
-198299
-337388
-1515435
1486389
234350
460400
1518448
-1233319
2340966
1840087
-323688
416098
789347
1142138
-534480
1830761
-950809
-108220
754884
-880734
-79823
-1691566
703114
-1703828
927638
34901
-1338703
-509057
513719
658555
167442
2642166
-1246084
-467383
1570111
1130149
-727608
-803275
1226917
-1670550
1114517
534683
-206647
295611
994742
903992
-587412
2089949
-1200516
-2312290
187145
672470
-590723
-129240
-402789
-807929
348523
1026965
158240
-387661
939650
1852190
1075769
-188419
734154
-1538963
-196997
-254878
1013009
-2753999
1117761
-217148
14855
1337627
495282
223145
-584074
-664215
135668
1271110
-1527031
-1502294
1220557
-249454
-145506
-51168
68298
356038
2974186
989519
-1596792
67996
-527449
348525
905826
704498
-565680
393057
-12806
-756902
1166162
-1374027
583556
-413233
1164715
-603596
606157
1793500
-1766674
1948326
725465
2022313
-1139341
770621
67943
-783191
179059
496476
812283
-1248669
231566
-1182311
1193915
431839
1370757
-218592
850907
532232
304005
343343
-545588
-1924322
-567813
338692
-763476
-1877488
-176832
-1206420
53348
-493625
693465
-385389
613197
117687
-130443
865514
-883731
-209499
-1007170
-153709
-1051278
-1685979
-734299
-304857
827556
-770113
650744
-955598
331661
861908
1828855
466294
-492063
-258720
-470509
643373
-1590543
-277278
251079
-450497
776555
-251911
1452585
-93033
1519509
-322430
-33187
312730
218810
-115042
367643
56565
-819624
681336
-192466
-965063
-667489
538571
79220
138441
801843
-1267965
-85207
1508094
-477395
349169
390917
565252
-810795
1798058
577473
-162749
-582458
471274
-730120
190219
-629169
-1382627
-262711
1384969
565150
1602036
-1117836
