#SpinCore Technologies, Inc.
#SF in MHz
#SW in Hz

[HEADER]
@CLASS=	RADIOPROCESSOR
@FIRMWARE= 3087
@SPINAPI= 20191127
@POINTS= 128
@SF= 21.670000
@SW= 127986.351562

[DATA]
15799337
-3305757
15236937
3875215
12434495
10127671
5034826
14367570
-2561216
15053347
-9799882
11671796
-14329998
5899077
-13497040
-1748982
-10312348
-7678571
-5168326
-11870160
444718
-13997892
6201427
-10677856
9971673
-5466582
11550683
474025
10472798
5484889
6215609
8557447
824447
9349523
-3548956
9021157
-7496574
7142734
-8189341
1408802
-7909078
-2086884
-5032471
-4942966
-2891787
-7122747
713892
-6470204
3468381
-5398542
5808944
-1968436
5068167
762110
4731219
3117405
3520971
4078449
1277179
5044686
-1486431
3596400
-2599113
2849590
-4156225
1902996
-3562967
-1394762
-1768037
-699813
-820217
-1991394
-336942
-3416552
1143809
-1613068
855640
-1677913
2664867
-432983
2026292
-46297
1536862
1213383
556171
1098731
-98205
1781273
-500621
1202744
-518495
242532
-1015415
556592
-1119697
-10407
-485847
-61030
-292475
-193161
-299847
-503778
-162414
-1479012
-759803
-1722060
1019202
-1459815
616109
520192
696094
-51321
1524648
-104058
933938
1213857
255508
478335
-299187
1644557
-553715
2056627
-953350
336036
-667242
14942
-211599
176635
-1133126
-145578
1167190
-196066
555966
375389
635763
-528007
1104562
223547
989490
726250
76693
350723
160876
693575
538035
934604
54681
-285655
-148693
-163891
-327589
475104
-205084
127546
-326579
-205825
224815
-1008587
127388
-24033
62660
-88904
-113085
175353
606434
409079
55355
434222
39292
82746
-1085289
-365665
-86441
558521
1040743
416866
-176633
597412
219454
-1438
-132790
274820
-365478
240141
-386832
-723588
605540
-152188
169992
-594224
-533366
-343228
332244
-576562
106115
248466
1205490
-567280
319234
511128
-139561
-153170
-61514
-202675
187014
434634
-218305
27969
-55958
-414189
231686
-309983
-943579
-1108789
-303624
-311094
519403
-242607
-285866
455489
235714
-849461
335659
10526
-70662
-398711
542030
-361538
-1960
807352
-190126
285279
-381667
-736322
691049
456853
-735427
328649
724773
-58491
661840
-761989
570810
581746
309220
-578735
-865425
122938
337838
630259
117612
-751606
484594
-144686
182827
277513
