#SpinCore Technologies, Inc.
#SF in MHz
#SW in Hz

[HEADER]
@CLASS=	RADIOPROCESSOR
@FIRMWARE= 3087
@SPINAPI= 20191127
@POINTS= 128
@SF= 21.670000
@SW= 127986.351562

[DATA]
2580565
-377256
2177825
-113308
1430842
995692
532894
1398648
-2797806
1985700
-1053355
1698067
-2396076
-470387
-817430
-729658
-1302012
-1843253
2205981
-2829625
-705427
-237216
2081515
-854839
2204288
-290183
6605
1443589
1130227
1552138
801527
471489
-2793850
288521
-2331840
1139042
148509
-726785
-603093
-797226
-91226
323040
-1350514
-1059691
1848961
-2090669
1050692
-403853
2609249
-1082163
424875
901802
608116
1096567
-1543885
1877705
-1650700
2234057
-367946
-732859
-1808309
833181
1137489
-376753
458052
802012
2010312
42289
1190056
-129570
-567821
-348075
172816
215786
2405019
-495569
364467
-523506
-508830
821330
-488599
943325
-1292934
-673805
380227
1272154
-774899
-82985
2768293
-2471364
431480
634471
-774540
1224540
380627
-702802
-2398812
1372222
215239
-1042260
508866
-928321
-926029
1127986
551711
-80869
205008
1113448
-603487
-12734
-159277
-101964
-359859
-900241
2037884
-928181
1132817
1405204
-516783
186754
-859270
205503
-411331
-354267
27940
-723511
-37125
711027
1041819
1518655
1402981
114658
-660578
887317
1950424
-523917
981661
799293
-1399767
-1056503
2624736
680858
15175
448452
1178551
-263328
-1427570
-263747
-937538
364072
-639641
1070380
313768
701105
1554364
-1183887
75409
249325
1112150
205080
-942267
496741
-1456504
1178052
-375399
-1136533
1150428
-1190451
299534
-173455
234397
721186
-909930
597299
-506684
118630
1021013
-896264
1392625
-872350
1002793
-179158
-953481
-762480
-702448
-8746
-970654
-1003614
126275
665175
-971479
-992303
177722
-346222
-108858
2237269
-139429
-64784
674576
1049350
-156225
-1518730
1882374
-442230
-1120348
387268
1073853
176413
-1299889
275205
153284
-888818
-927071
-161759
-336117
89800
207054
228034
-1015976
2217044
-797214
1154758
1150310
458601
-2698269
664949
-398474
810790
-131857
-641355
675512
-1508187
329736
957061
116482
1075315
227774
-239718
-1287618
1188917
-39437
-58246
-182819
-241512
-602026
-964839
1850599
64267
218941
1118659
-394751
1551342
-1768632
-614873
-471561
1271861
