#SpinCore Technologies, Inc.
#SF in MHz
#SW in Hz

[HEADER]
@CLASS=	RADIOPROCESSOR
@FIRMWARE= 3087
@SPINAPI= 20191127
@POINTS= 128
@SF= 21.670000
@SW= 127986.351562

[DATA]
-3408416
343474
-2507544
-1355893
-3562686
-2497503
1347598
-2849512
-8408
-2865628
2629995
-1729869
2995796
-160623
1854043
2104969
831766
2475166
25611
1232024
385752
179031
-2329142
1370931
-1853304
-491405
-3701194
-2658298
-1272469
-720888
478056
-1739813
-724840
-1361870
1765141
-236767
725782
-15673
2010800
1113532
709380
2613212
-192441
1293178
-685012
904123
200199
146904
-704413
57235
-3796750
-2204405
983562
-561132
-224319
-2833621
1096975
-1063875
611818
559532
-713118
475578
1734351
-667677
720736
-66038
1281295
1082062
27031
1926397
-824693
-1040821
-57575
-350669
-220731
-516763
-784047
-1039051
-888225
530265
-1593383
-1448148
-571111
-1267406
-124387
-382851
795654
-633426
90098
1009628
1051987
-404451
895161
1865362
-352764
228323
266736
115505
-801563
-1333532
-931498
-172912
-969650
-1165458
677342
969247
-1494422
1316867
-678247
1692458
-213481
1459145
-490491
-345629
2775285
-688589
2193904
-612265
999794
-276608
-1672816
296623
-2062970
-374476
-1986529
-230909
-246626
443845
932118
136477
1600044
843143
451150
716572
1095416
-502618
683665
1247648
1666121
-2207646
1332018
-1365616
-503242
-1131582
-389730
-249794
-199767
69904
-2120813
779673
-2428673
-115509
-54850
762365
-617841
477123
2006967
239424
214732
427715
429391
652561
-179563
426640
-1640363
-1465265
553965
-736108
-111528
1371812
-1012701
-612498
770397
902906
-1662937
-93290
868885
863008
-322060
411589
2166488
-1186735
801441
724311
430190
533059
1680010
1059753
-1088516
331665
65900
-1896449
723986
615254
-979267
-556687
415949
-138567
-869553
1178011
-987169
58465
294694
-319430
-387909
508033
1692524
-1205134
-361038
458524
-537809
1402652
123617
229741
335013
-1492471
-1442045
-264343
52632
-873791
-1030606
366914
135261
1688280
-312439
170515
1044057
-396792
-609489
1282319
747073
-1812552
-64200
859855
388849
-1044826
-657906
-723843
-1182193
-354042
-1667144
463737
-243080
-463450
582961
388976
-1452870
-285223
476911
4240
435848
396996
851494
30483
689485
1640907
