#SpinCore Technologies, Inc.
#SF in MHz
#SW in Hz

[HEADER]
@CLASS=	RADIOPROCESSOR
@FIRMWARE= 3087
@SPINAPI= 20191127
@POINTS= 128
@SF= 21.670000
@SW= 127986.351562

[DATA]
2591385
-210888
1295492
914757
1924377
2085804
-220181
1658106
-2285679
448929
-1660851
1230470
-1102006
879937
-2109917
1074844
321688
-1788645
-850389
-848344
-204813
-1888167
2022022
-2134699
3180360
-763540
742508
1260463
1503748
-77055
-163030
2480637
-290913
2803115
-1863745
635029
-1546444
390908
-1842385
-879862
-510334
-842961
-1459098
227362
1852066
-1551965
1590689
-978666
-308972
598145
871287
-918761
-334763
757088
580080
60594
1302084
-339452
-499915
162841
1276274
254469
1418717
931041
-1960792
1049801
600919
-333064
932955
-621120
-679418
-1194582
1174617
-1294919
981665
-1115598
1002294
626633
1405233
-362464
-1370497
420333
-627387
-170590
-644888
795010
15491
960011
665847
404624
588506
880344
348149
-1589859
-898254
494705
-344433
-1575873
319518
-391677
-457526
1126803
-222863
-2818
-56758
459000
1076908
633890
975244
-953110
1420971
-981764
797416
-1349786
-589254
-226048
-1143139
1514770
-1094108
-1346169
-478911
1263539
-767317
897447
-14707
-1611768
1914941
277831
-765367
-1513897
1540912
-1127059
-1876168
1789978
-1282157
309569
427860
211094
-380029
3023174
-131827
-595107
2237078
-365709
-136104
-1068082
110167
-1010713
1741858
346535
-525664
1766836
-888191
215401
-984621
983146
-401287
-561358
2213906
-99402
-316868
-167739
-484712
-2374446
718414
414917
-1720085
-380472
548107
280492
-1384801
849832
-926582
-1469450
1639341
121059
629832
-329979
577608
-1444788
-673908
1475845
-1286200
503559
370742
788204
434843
3162803
148636
765998
880313
2229740
-219956
-73216
1492065
31212
-208043
-96796
-260120
-1787192
619230
402454
-624180
79718
916593
238963
1076085
1803632
686346
851068
927752
-1891946
406213
-1126786
-66178
-102699
-446266
-416406
-2060395
-50199
-881353
-53422
-615173
177428
-353659
611259
1590501
-1091712
187843
-816564
-81570
1148127
-433855
-921885
-1520736
-344146
-1621456
803295
-348366
-1753331
-360694
988521
1448682
-462003
989125
83564
-1515793
922835
255828
-887954
-722489
874454
-1567466
1111661
1162111
-734993
