#SpinCore Technologies, Inc.
#SF in MHz
#SW in Hz

[HEADER]
@CLASS=	RADIOPROCESSOR
@FIRMWARE= 3087
@SPINAPI= 20191127
@POINTS= 128
@SF= 21.670000
@SW= 127986.351562

[DATA]
-2246227
413177
-3406216
-1009991
-2832254
-4370415
323474
-2732094
1835721
-2345079
3540846
-738340
1865920
213622
2386654
1280365
-294420
2134869
-374716
1019600
-2467803
3112738
-594423
1050930
-2081921
904885
-1965070
-346815
-329139
-1847922
710158
-857062
-283420
-2066335
541981
-2184519
753602
654657
1302092
359562
2931722
1211669
1799831
2282474
-166934
-310736
-1245048
272753
-2416533
-122078
-2246022
503318
434658
1522278
672349
43774
-1319975
-2010378
2581994
-1194780
613269
-1050914
-757950
-679273
1319308
-87582
292757
-304762
90744
1246310
625211
-8510
722604
1319342
1945393
-1045665
-857529
-593830
-417278
-1775582
-2088711
199276
-2170973
-344035
161397
-1350363
113399
-510480
2379738
-533350
1441839
-419574
596365
1500920
-209152
-11144
197396
875836
-2617152
2207881
-1699923
283601
359909
802985
421795
-1090540
929615
-2421829
-156568
-2241584
156940
-1343395
-590601
1313882
557090
701695
-641488
-9659
1125389
1191458
13783
235154
1491561
-217385
-1165
-73189
-349132
-1706459
858209
1044081
-612400
2318665
-1968942
2082199
-105442
1622577
2011554
846440
-1539771
-418081
229644
-567503
-645721
-428415
-1663205
189875
1440982
1058457
1099461
519295
-846815
-596642
12154
1345552
-1016451
-876120
-1328799
-535037
862544
1454741
-1830534
1602057
895604
1360036
382804
947526
445368
352437
1069831
-835462
-588071
-2203423
-1292887
-892724
606993
-583638
605223
-710551
2977351
-126649
919566
2232505
-1244372
646318
476328
850787
-763729
-1109491
-1840125
-108003
-82208
-482261
-639832
-938186
-18129
1710937
1819281
1471394
808003
1049477
941005
1806259
58528
-129261
-1673519
-1864951
782784
366899
148528
-650950
996622
-75459
-595593
523553
163194
457532
318218
481212
327848
-461832
-2648883
-96368
-562578
-1726655
-2355930
-1740583
398733
369809
274919
242561
461600
1664823
1538668
3000131
-1440792
-1031352
171569
1910533
-928689
-1461221
-516477
-193342
775422
95752
-459395
-317323
605853
737190
1396128
-913018
1619689
-451209
-112256
630157
-731176
-1929018
