#SpinCore Technologies, Inc.
#SF in MHz
#SW in Hz

[HEADER]
@CLASS=	RADIOPROCESSOR
@FIRMWARE= 3087
@SPINAPI= 20191127
@POINTS= 128
@SF= 21.670000
@SW= 127986.351562

[DATA]
6004212
-309591
5879261
2402427
4598742
3659455
-1273002
6760811
-1679037
6144033
-3812764
3498369
-6213768
250476
-3852165
-2538081
-1439114
-7007341
-303806
-5408608
3280668
-2846798
3040379
-3183079
4953802
929025
4177836
1069475
1038762
3266033
622787
4726232
-860066
3134051
-2346529
1588390
-2255894
-445268
-3388220
-1799380
-624414
-2959493
-448719
-1799913
1202543
-3907839
871901
-1425613
1541405
-482042
1518630
682884
200671
2738899
724728
2003889
544236
2449868
-1790998
1226389
-1791998
-1539620
-637038
-1545450
-467090
-1879142
43468
-889840
-343260
474898
-676131
1140074
1928471
420575
-216008
-555860
1050538
-754814
-1172327
-1055424
-214108
-1657792
254576
1378895
-2249419
376753
-647941
1194230
-1016382
2672243
-1358108
-372180
2896623
-488482
57049
-268448
1158626
-1943946
-1238631
487828
41494
-1563530
-1166770
-101639
-254005
-69249
970417
-745167
-871628
129576
1169553
37862
1301978
379124
-454768
556913
-1359203
-1289791
-2007752
90347
-2026188
-1130653
-1614327
-995844
-1387300
796289
974918
-396303
805518
864853
801853
817943
1463116
-1085514
-402077
-289168
-295733
-790484
494521
763478
-1587672
802783
395302
1164690
-1533574
555982
-487599
-1184854
1560061
449017
-1117250
-600131
604576
-771569
274936
-1129214
-1086983
-712231
520021
-314689
-747490
953313
-782903
782245
-1110919
-1544735
-650308
-279484
-1037843
-2341390
390183
-642683
-1144735
-293241
-449687
-317801
445360
391163
-1050489
1973272
-9269
969337
1018338
-1074602
746953
-812182
2016446
-56591
246898
475251
900239
-210092
-1432112
642447
-1685632
905191
-1355170
-8443
985082
152565
220591
-1065664
-2258928
-594122
733895
1385099
930841
472457
-792572
-1235648
86723
1663454
-1327721
-1706229
-948084
669324
795303
888605
-86235
1649461
255222
-1300165
962289
190914
-1048221
-96757
1452975
-98774
-590333
-278324
-1083418
-939019
21180
1534452
-819092
442145
521255
1739347
-904041
897300
-513827
-531897
-309901
-625464
758489
32390
1709776
114653
-333713
1138489
-562116
377588
-338157
-1299754
-522982
671677
