#SpinCore Technologies, Inc.
#SF in MHz
#SW in Hz

[HEADER]
@CLASS=	RADIOPROCESSOR
@FIRMWARE= 3087
@SPINAPI= 20191127
@POINTS= 128
@SF= 21.670000
@SW= 127986.351562

[DATA]
14130642
150400
11695714
6841758
5774643
12300475
-2522893
13401056
-7518768
11668324
-12187782
3889121
-13254938
-2345854
-8777039
-8240503
-1856617
-10954140
4275290
-11712529
8212455
-5963453
10535589
-1134319
9079583
4679708
5170340
7635761
577850
9620153
-4499163
8027856
-7271242
5010548
-8594164
-288386
-7344015
-3983998
-4134224
-5906322
962142
-6407116
4742028
-5936975
5401715
-2850571
5725692
488719
4458624
4730287
2482932
4243213
-1342764
4829548
-2853899
3471833
-3476404
2165045
-3729592
161861
-3289677
-2407031
-936250
-3421957
1371510
-2182094
1683784
-1739624
1787504
-443269
1812006
-248469
1698962
1454147
648940
1672920
4245
1643691
-634267
1747231
-315875
1235505
115778
192139
-1793759
-1189593
-1147603
-680236
-277431
-762166
1369751
-996610
-114282
-927846
105932
-872788
1084450
-340711
2078164
-193109
-204220
16100
326351
834862
779375
708322
704808
851711
-1433902
-5943
-1706974
-591290
-53572
-1418437
216189
-983529
-246041
-501461
-145082
-593067
358729
-926313
1807543
674442
1242423
753195
202904
755280
-58747
925507
-29035
1393998
453490
-325416
-1410261
-489138
-1378835
-690597
717295
-870442
836517
-698882
634269
467807
862669
-457065
1029157
-375088
132276
-413010
720835
393682
363332
-183312
396009
-97656
-421553
645852
-198802
-237921
557247
-119647
207250
-248212
606821
-628803
157471
-449597
-421711
148216
473084
423
958643
-1139881
105914
109525
-342641
793320
572800
183298
-4824
9262
-39519
-67756
-469814
11070
804475
-1018421
-144222
-385572
855035
-59389
233336
1158633
332534
-294585
242945
63695
424409
-889819
105674
390201
-68394
1124035
570404
-611852
262491
146926
-612028
-29089
105476
28554
599183
-508998
577011
154140
52447
-357656
-976408
193971
-1390261
-86622
307701
-337359
376228
-204540
-608281
320396
738648
337064
208521
-36387
-1140095
-838443
-848203
-56338
110625
13472
-207158
-279928
-885268
-76664
-747524
-107771
324458
-553455
-20724
-1031117
-422925
-164734
-246953
63618
57776
-223037
165424
518938
