#SpinCore Technologies, Inc.
#SF in MHz
#SW in Hz

[HEADER]
@CLASS=	RADIOPROCESSOR
@FIRMWARE= 3087
@SPINAPI= 20191127
@POINTS= 128
@SF= 21.670000
@SW= 127986.351562

[DATA]
15907721
-5044556
16404801
2321843
12260242
10236017
5454221
14837248
-1367635
15590015
-9559675
13989162
-13188425
6073605
-14036082
213539
-13079070
-7180657
-6115692
-12606264
-702266
-12429565
4843560
-12110621
11582199
-7482007
11334111
-750500
11122345
4119104
7887959
9389113
1481222
11066675
-2648385
9200738
-7013356
7063670
-9578750
3481982
-8423978
-1298736
-5320922
-4489580
-3118373
-6765436
1225106
-7988650
3622430
-5568531
4949258
-3025211
4592537
116166
4370743
2064958
2978878
4353317
842471
5043318
-633495
4344282
-1730494
3261995
-2659060
982807
-3358320
300615
-3663547
-585079
-2399926
-1545540
-1016446
-1463755
197859
-2772930
2029189
-1850644
1460016
-977697
1384076
-474010
1804345
561351
198736
1680922
1264799
1841742
-139600
1532290
-388503
1006229
-820638
-188130
-1015809
840912
-1792034
-486115
-1302714
236468
-418330
-20348
-1379276
-728704
210984
-1197071
666324
-776090
738592
-601968
1071627
-1335127
1744677
-136225
-697328
1494317
555117
1007860
-8740
1834754
-219282
268478
-440435
118762
-1351039
243405
-1024668
-243539
555059
-1468675
-585063
277916
472538
-1208059
746942
-843150
-581761
-4445
337584
-901198
578770
646785
112711
423239
13106
511238
-152782
401002
502260
221768
-138890
156569
-481169
-124241
-445673
-891479
-1038627
-392336
-432057
394019
504840
-56008
736504
273484
133883
-297921
953833
-673655
-589388
237807
-1132374
-1140140
272647
701083
-421597
222622
670831
-276363
245266
83958
553432
-167068
-79400
14013
-728732
-315549
-612974
-359702
-35963
-263478
-49704
167173
50957
-148682
1282226
102730
-707651
-324640
844469
-508676
-276433
335403
-659189
-274605
-264852
-478631
13755
907865
-132833
207954
509670
364587
-272309
-62814
-67336
-1045505
597310
654870
-236719
-58944
742640
297216
229273
184094
107053
-218041
-144098
-450225
194546
-703196
-937269
-222152
94723
-225872
441228
-125889
368545
863969
-4346
240038
-577627
335434
19157
918208
-1054253
-778365
-174784
-321717
235160
-226813
396945
96478
828046
69516
-186946
-503205
