#SpinCore Technologies, Inc.
#SF in MHz
#SW in Hz

[HEADER]
@CLASS=	RADIOPROCESSOR
@FIRMWARE= 3087
@SPINAPI= 20191127
@POINTS= 128
@SF= 21.670000
@SW= 127986.351562

[DATA]
4469612
-121600
3713474
2015473
1920561
4244314
-290695
1217926
-1847881
3904629
-2921032
1401631
-3388860
315586
-4073564
-958157
-1560886
-2664737
1258374
-3588784
1601794
-3102855
3738348
-1569163
4591794
379726
1775774
2109714
1692119
4240448
-829956
3057095
-1687159
369636
-1766691
964921
-1477973
-905719
-2938683
-1738130
-2484245
604692
183036
-2387023
1109342
-2330704
2997040
-1056788
2091552
911410
850805
1932535
365952
3068011
-892010
1090587
1494479
48020
-679362
-937566
-256893
-1816515
-714397
356978
-1860306
-2071559
1268219
-1217119
-567267
-639074
380889
-45452
-1250164
1541649
414301
442617
-669895
2290530
696403
521448
1149876
758487
213859
1254832
944584
-494758
992550
38971
-482860
-2165277
-760436
-1064421
1369319
-2666352
-1736012
-459254
-144716
525223
952469
985368
160694
966097
-1431853
1357466
1239465
106302
731312
317335
431828
-1075832
123493
-929504
-190648
10572
-419094
-912474
123805
-280958
-23475
-1644909
610896
377734
-558282
100714
-593670
18752
1272114
876819
478678
508981
997378
178202
-817500
470134
-73453
-982944
580129
-639328
-1183940
-750930
860679
-312230
1426003
85723
26424
1110685
-281820
12709
-191916
-1459073
279386
-313779
-991270
354757
120693
17937
-1743851
120730
-476094
665864
-46931
-311813
927629
-1235989
-497702
-21860
-693297
-9843
-1761860
-482239
272159
661793
1218435
-119816
1121369
424780
-484708
932922
672999
1175957
-1102692
-133532
-861644
-388632
-12745
-450610
-41375
-1015328
1348602
1052903
-271912
147191
1673324
-528142
-379603
864298
-517399
-727502
569306
448409
906106
-101097
114136
1080717
69585
-314121
-1767676
-720870
582247
-442924
556255
-195170
-72091
-410610
145822
1305362
291231
247700
-732820
379824
-843806
672173
1659285
-1100829
-233843
175369
612313
-1220471
-489954
558528
-1310540
-2518333
1119692
16194
1406796
257709
246940
239132
-1606702
-174090
-885711
998130
498598
19540
827760
1948810
52098
-502654
335510
515172
-338077
-432800
723424
-1266604
-1561797
-2003807
