#SpinCore Technologies, Inc.
#SF in MHz
#SW in Hz

[HEADER]
@CLASS=	RADIOPROCESSOR
@FIRMWARE= 3087
@SPINAPI= 20191127
@POINTS= 128
@SF= 21.670000
@SW= 127986.351562

[DATA]
2626451
-2084870
3655105
2644511
2497677
856068
205288
4306983
-1302248
2910180
-1044834
2253856
-4161444
1739329
-4779521
-1224009
-3713269
-2056436
-847292
-3430728
4033801
-1711525
4617980
-2896493
2714267
-323026
2381496
1509724
769756
1511982
-2069221
3608434
-1654068
1623584
-2170582
2143831
-2807496
48329
-2220169
431106
292948
-912446
-1078086
-1595243
868696
-243523
2448569
-2171730
888128
-396926
3091041
917886
229549
-161987
418623
2358715
493294
536293
-561275
1174630
-669343
1606128
-700641
-1049223
83886
-1275842
-872799
300355
929372
1112688
-846927
-622413
-536069
694318
568505
-1233841
-1044998
-98861
-106450
493925
550061
642443
-356525
1946099
1661527
1736361
145395
448066
-1538566
-708162
-34789
-606570
-499919
-371167
-954279
-901689
1323757
-129426
345812
-463907
-630255
585922
577310
53363
769192
-1278642
-60228
747474
-1020251
-429564
1418953
2027410
-2618541
-439727
1295309
214160
1533391
172346
-1082272
-1921366
1433818
-334992
-879833
-1506756
-843575
-496916
1162254
1107438
-1432717
-1155510
326256
-1548372
-377890
955279
-1710901
-2734698
41100
1087027
291011
1267982
-214062
-1460357
-1402625
1533503
-1102457
-605812
314768
-860551
-1391090
1798212
1951447
-1458465
1502344
499497
49015
296211
71031
649945
-1141789
910473
451895
-2017623
1017258
54022
-175125
305819
-1025770
1898266
683726
710417
-1156827
18442
-9087
-248345
-1189276
187344
-122206
-1586139
2360017
161962
926973
-1105235
1143526
-1051252
-3002003
125535
1603145
-999211
-348749
201107
-471708
744407
2159045
512955
-3098309
876789
186209
-156563
695815
1271515
-1215940
-1261021
2110696
-2301321
396576
-167265
891387
-1527334
44879
1357291
-1848020
1208729
724436
115132
-481632
604059
521578
-2456682
668577
961798
776566
6606
774257
-162363
-1163620
2091895
162214
-1099539
-1041396
-145314
-338088
-1496135
241773
491448
1687165
-278655
429038
265731
847466
1244895
-635765
-308873
510358
-1135274
386242
-491411
-1129061
-999223
585405
787758
-1160059
711536
362432
1756396
-1528507
-250874
