#SpinCore Technologies, Inc.
#SF in MHz
#SW in Hz

[HEADER]
@CLASS=	RADIOPROCESSOR
@FIRMWARE= 3087
@SPINAPI= 20191127
@POINTS= 128
@SF= 21.670000
@SW= 127986.351562

[DATA]
-4743707
-47379
-2083137
-2507218
-1768240
-870255
60280
-5121697
1866506
-2257902
1475511
-713898
1865642
-316002
2788962
1542924
750563
1809362
-191949
1293841
-671401
2863735
-1852939
-351226
-1772292
784321
-3721976
-845247
-1477674
-1540382
-672227
-2225235
1459147
-743692
1198665
-1090611
1401807
-740411
2392536
1492298
765256
2963507
1728032
1041601
-67851
1105655
-1483294
365731
290049
-759634
-1723423
-824139
-393622
-999661
23768
-1143609
43728
-1245191
995224
-1046703
624055
-1493179
629263
-1687996
1487552
848506
-1105152
436299
-2049780
1196543
-744851
602821
1740912
-443293
1139752
1143281
1308966
1000853
-2249115
-2432099
194503
1228017
-317050
-788254
-287261
-5447
2133885
1846854
-355168
-2575742
1550531
708260
-266993
607522
-19419
251904
899408
2054070
-526021
-143941
-935114
126081
137245
936723
-2074045
-69683
68772
829198
883959
-1560864
-558429
-345432
840435
1191165
-85962
49311
672608
-543525
-158651
-742724
141539
-474066
974572
505818
-819605
48984
655725
-918724
-243915
398619
-162654
143894
98555
718525
-304884
310228
484354
-1251763
1872850
258352
-1622758
-749001
815024
-337164
-1526130
386485
100670
2150096
1059654
488409
1107188
46685
265222
-28533
-132457
-1530506
-713246
-1303255
-1515915
-620976
-90929
40533
128575
1092412
1318009
-354294
798307
218848
630097
454485
602603
619706
528549
579661
-1689443
62289
-338521
-885363
-1591194
916176
-577439
-256789
1862871
696035
583998
-809798
655395
-1341781
1127003
417728
-1088834
-838418
-107226
368886
-962906
1107254
-228218
40548
606404
-2787
422851
1454064
-94695
-92736
2949130
1291819
-1220179
-488917
-256592
-1415862
538507
83508
-1248761
-708996
1593020
-1029540
-205826
-331606
-584809
-7963
1228703
-671647
-37024
1634717
-22581
408620
648286
-624287
-1252108
1546985
108680
-2234938
395161
-219932
-1431612
59388
-171971
-1088526
-581106
2032522
-723622
-1132303
1579783
392687
-633241
1543470
1901756
-1156958
1725330
214666
-2206270
1332076
-752775
-1030565
-745559
805648
