#SpinCore Technologies, Inc.
#SF in MHz
#SW in Hz

[HEADER]
@CLASS=	RADIOPROCESSOR
@FIRMWARE= 3087
@SPINAPI= 20191127
@POINTS= 128
@SF= 21.670000
@SW= 127986.351562

[DATA]
2029409
-1244112
2398128
804906
1405761
2439551
942676
498799
520538
654745
-416551
3035873
-2883850
-230344
-3288589
773532
-1718856
74515
-1694116
-1660387
417739
-591344
394973
-1266027
2155554
-787830
537313
-1534265
725081
-1216587
1091536
885240
1988774
2442683
-1464399
80435
-150711
781245
-517321
2871701
-1995363
-2024395
-120812
-332376
-597275
174571
-155952
-136935
256446
402156
1219371
-1262307
1395867
-367531
198395
148241
280661
-1491670
-821301
-810124
-639612
229384
-354485
431714
-1371320
519473
361854
593123
-1771785
158719
728551
-421241
1331247
320937
-1460600
-431567
-669696
-1779701
-487758
-1151498
-1500477
-480906
512847
-1375223
-801229
1273724
142530
-162946
59169
502401
169886
2323601
338930
-951916
-783559
1293473
66618
737995
167293
-1878411
1241381
-1085791
1106536
-452601
-441166
-683582
722299
1107862
-807092
617938
-175049
-173907
1196620
98267
-168959
-505763
554617
1238
-475207
-77544
-327162
-1866644
1022507
992311
-431854
397335
-747348
748676
129873
92341
-1038269
-174911
-1213602
-383669
272706
600800
1332350
-241858
1976069
-1144323
1684131
1196736
11935
793142
765214
-180314
-620094
-944208
-1978849
-818736
29559
-853702
-2016054
-596208
1015810
1248305
1796368
-328091
-410011
900788
698066
-145888
-1540701
-1893418
-1980309
1636921
516161
258734
858550
1739642
365800
1393246
1555700
-505878
9958
-112976
-152856
-576025
-1360364
-2495292
-523590
1298012
-279762
791669
97904
-9890
2129069
1322482
121640
-1144745
228134
-607713
-1606462
-768619
-3170933
-783956
-1420401
367287
-1074573
1092349
1438376
18322
3158768
-478251
-41890
-227787
237742
-1667458
-1961863
803575
-2519048
1558547
-646920
-742137
-945535
1266227
-379797
-2055495
776090
-1498858
1264792
-885197
-377420
-498736
172985
2028461
71887
2834184
-432507
817704
193976
-889734
-1335217
-1414932
-368048
-2179767
1252401
-143038
-895573
1520891
1422975
-779432
2698412
1271702
-1237378
1143184
-1394158
-802862
-1091160
9099
-872984
-1222206
515675
-1251104
-420133
672571
