#SpinCore Technologies, Inc.
#SF in MHz
#SW in Hz

[HEADER]
@CLASS=	RADIOPROCESSOR
@FIRMWARE= 3087
@SPINAPI= 20191127
@POINTS= 128
@SF= 21.670000
@SW= 127986.351562

[DATA]
16343990
-3317515
14890052
5612023
9717773
10961334
2685144
15883130
-5649819
15216327
-11627589
9818324
-14265602
3721302
-13664155
-4650443
-8811872
-11506270
-1798005
-13331935
4072005
-12352464
9268538
-7965469
11062733
-2221320
11038720
3924045
6629140
8901754
2958139
9917594
-2644916
9796808
-7055632
7052364
-8860822
1765107
-9081761
-1648650
-6214291
-5245316
-2072566
-6921701
781338
-7690970
4347792
-5175632
6815686
-2325496
6537488
1025274
5019328
3106131
2657247
4704221
-674235
6217960
-2599284
4238367
-4431122
1466056
-3322709
33756
-3037866
-922729
-967590
-2041621
319677
-2235720
629869
-2335261
1636849
-1439669
1623863
-951977
1963180
-690046
1462704
677778
315349
1444812
-72071
2350582
393694
1993779
-1470653
1661175
-956848
431731
-1049667
-816231
-1852851
-787521
-522271
-208501
-1381427
-1211687
599418
-16976
1396315
-319140
-27621
-562499
1219050
-247199
1443399
317203
27407
558165
25450
607020
-629498
1179057
-863335
715071
-595347
740291
-1301407
206253
605225
-592641
492904
-528103
-761125
-953086
651744
-1273377
786112
-1192850
53320
759456
363641
644468
307286
873954
257854
1159166
192957
291810
-48947
694638
-359428
324522
-143501
404278
-676541
379628
-394757
-152007
-267274
-284155
-1014665
-793661
396799
138746
-147643
700535
1024120
121889
341754
417656
-379550
-950561
-106458
220631
47643
319492
81390
-516752
849714
2206089
-346605
-450593
936113
-436023
634809
-292560
88515
-1119376
-445408
4288
-533434
293709
425771
-270125
-437110
2384520
-280296
839561
518315
469991
399880
-227784
844876
-951282
-268553
416740
-607489
-652981
-96388
216868
-894886
757726
9976
56390
793478
1433788
175947
-363477
1244693
-774648
268346
-467117
128269
-838274
-463343
342006
-381765
-383472
194592
-317581
-42868
385010
347515
-277620
872546
625259
649884
-320563
270056
155908
-459577
-419383
-256490
-668174
-776562
-190850
-455258
301407
960510
670481
641991
671051
433222
1145140
866713
78115
-753891
-252643
296605
-706522
-418181
-683393
-169378
-403976
