#SpinCore Technologies, Inc.
#SF in MHz
#SW in Hz

[HEADER]
@CLASS=	RADIOPROCESSOR
@FIRMWARE= 3087
@SPINAPI= 20191127
@POINTS= 128
@SF= 21.670000
@SW= 127986.351562

[DATA]
-1816286
-1751280
-2341027
154947
-3576710
-2405118
143091
-3313090
622828
-2235300
2770649
-2899381
4270513
1276375
2322544
2435949
2033588
2866681
337877
4346673
-958495
916417
-525352
732537
-3069744
-389734
-655410
-1288699
-1144932
-683521
-107846
-1269960
2691482
-2412127
1065702
-1488864
2738971
540455
2436583
708780
-956856
1044208
590983
205560
638268
2355865
-2638791
1017847
-529067
1490555
377996
143333
-1665206
-1207164
2107616
-1260839
-1160073
-2229247
1781201
-307689
1132574
4958
-827501
253775
812176
1165612
-529237
475260
-1155346
1409514
1060329
1004581
-794947
-1541642
1276202
816646
-792780
-500845
-1161338
-1328625
-760468
81520
-2284073
-1216864
-137276
1424358
214166
1069597
542842
-60426
1558505
1595911
-347635
217982
629151
-762586
128824
-976248
-1269810
-1000750
-209076
644512
-560420
705130
-967920
1246552
-565166
768114
-772766
-1057897
1172417
581843
1299094
-776552
2337318
-700735
1455479
2048405
-426024
-509269
-824934
40331
-1752498
-449282
-75397
-562362
729938
-160756
1146640
187250
508787
1112124
49966
830830
-1383284
340008
368980
-1715966
-84792
-2055267
-460226
-1052974
2131566
222875
528121
728126
1601875
318756
465938
1690831
-808291
-957862
63243
1028038
767894
262335
273640
-492374
1090115
1028764
191617
-518122
190947
-803173
79364
1069351
-1032000
-457625
1836525
244784
331786
57773
-5636
97080
-191092
1983620
200026
-803535
-930471
-378381
265261
641097
636665
-777034
-158601
-243603
1580422
391307
380181
-632566
337420
228512
112122
-93096
-916729
-810604
-836729
727039
801017
-699472
667205
692310
-1445075
514157
1558392
-386694
-1272553
-700782
-299790
-203972
205411
-180110
-666326
-1227528
-324466
22111
-571083
1305669
993464
-499147
-156780
723223
-1042729
-2484162
160468
-936361
-1107796
-1002791
748645
-1779201
196224
-135920
-2126874
793942
382937
436017
53880
182743
227832
-1079573
708429
-2208540
-559670
-572635
51658
-863544
135864
909003
-57752
273831
-342153
845098
16433
1122655
759566
267471
