#SpinCore Technologies, Inc.
#SF in MHz
#SW in Hz

[HEADER]
@CLASS=	RADIOPROCESSOR
@FIRMWARE= 3087
@SPINAPI= 20191127
@POINTS= 128
@SF= 21.670000
@SW= 127986.351562

[DATA]
286493
-953812
-55270
365921
-1189005
1742253
-2452306
378354
-620325
1292106
-452253
332283
693549
-234442
472847
-1053159
1021295
-1419107
65750
706770
-622458
1890046
-8831
-450054
582644
-45422
907420
-1062949
-514473
752023
-1054273
642201
239924
237419
1509806
737198
492041
686600
719116
-657026
-153114
-629689
199337
30242
-570575
-79570
105924
-1018518
351282
-1599183
227821
-623813
895677
636557
-248806
170147
455888
1087989
-287263
770428
-555388
81639
-166725
32585
886810
-226890
-168256
-13552
374614
1337371
1049518
-488448
347986
582060
-420673
-359237
-429385
-148467
-748554
-440197
-127252
904654
1247617
-1086217
562565
-489399
68550
1108443
-145871
-68865
-818894
360474
158230
-749829
-430468
341196
69394
-582635
-632571
122266
279475
1125381
-193369
-423277
1325100
1507387
-155332
1207088
-454567
-401031
346914
663885
-1471026
1130823
-1507849
-809820
278925
123842
-690999
238204
-339047
-59508
-206232
-1315716
-799251
-791139
-751325
-83420
-133837
-1153454
449327
-891865
228291
203271
-7071
909314
-454635
207007
501738
225567
353501
-500749
300865
810236
227581
-1605451
-1820508
-672456
-1186476
2192026
-606670
-977774
9904
817727
1868680
261501
1134228
-690367
-80515
803859
-109129
303985
-922599
561072
-449961
871926
1645684
-551890
-424939
-557771
-869939
-293475
-968375
-39413
-318498
430923
-23483
201785
9818
-308236
-228514
130670
-1376087
87589
-63562
664582
-542226
824924
-86330
1543100
561122
273253
506009
-1107885
-77672
-89531
-254467
-76247
372410
242765
1265674
-282489
-494219
48838
-514928
-1014979
745534
-1352028
239219
561948
491833
645884
515879
-662457
2031815
-1098513
24703
-241256
-980345
1247612
-736575
-231572
24738
-54251
908468
-36833
-94983
84146
767130
-1502013
343814
-762583
-451137
-945710
-152021
460460
114701
-219237
979298
-153292
129054
-47249
316251
315793
-658073
-955976
569976
527291
124894
-447110
-1562733
-886148
-418471
-412866
-1387323
-1243955
