#SpinCore Technologies, Inc.
#SF in MHz
#SW in Hz

[HEADER]
@CLASS=	RADIOPROCESSOR
@FIRMWARE= 3087
@SPINAPI= 20191127
@POINTS= 128
@SF= 21.670000
@SW= 127986.351562

[DATA]
-3950205
2336369
-4067238
-1164341
-1941378
-4798465
-497227
-4273727
58059
-3734337
2401193
-3985202
3121821
-412936
3226266
314342
3615158
2929345
2174376
3398967
-1169233
5557762
-897470
3421317
-3991034
577570
-3207709
-1594207
-2015742
-2554343
-1602934
-3949570
273069
-2651621
1848544
-524363
1104771
-2366680
1300882
1538406
845994
1041488
2156625
585488
823853
2963851
-391348
2515433
-1519480
1326069
-2608799
-664762
-1312704
-1684422
298653
-2483592
-1251609
-1767518
1297808
358105
-1350677
-393930
1187608
-1200912
-117267
-710049
1313638
-878651
889323
886595
242759
1483909
-1079137
721633
-1089321
-905884
-192107
-330925
-750478
389740
-136122
36117
-1072245
-143684
-877375
-1860500
894969
-2547132
858393
-211034
1830535
-51501
-207935
-124200
242238
664334
185907
1727033
-102540
402743
1079839
402310
-1128310
1871579
-897467
-559319
-216578
-489668
-366269
-1110904
559245
-1205435
-899689
68018
218957
-149361
-556164
-1320000
-1597469
-1520094
-1029457
1291480
437735
481584
1243135
1850513
317447
1478889
-191995
1326293
-325431
402147
566917
-1857756
-571759
-1795493
409668
-700454
-199537
158046
-477377
256695
-1069916
-570353
-1792680
234885
1141367
-376373
911629
-1190787
165448
1587001
270130
639532
-1038969
-1018032
-900087
635162
400951
135558
-7359
-1434897
-1266539
1551494
-490656
779305
-840727
-688106
-2940284
282129
1474945
-68742
-29315
206233
-1075491
266065
1201575
503321
751420
-47111
633269
-1406802
-134623
1846267
388946
-1402991
912903
1188985
-805686
230225
409193
-419319
-551693
-819859
623189
-1337693
22088
971285
-796654
-1307715
-1720111
503263
-908867
487253
1258212
1054495
-576638
877058
1970803
45113
-333592
-187773
-86768
215604
1961183
-617525
7811
-914291
-382039
-689944
-1156381
-272923
-330944
-1598729
-2622776
1033499
-662230
902734
274386
190251
-1045270
350308
182247
1379499
1678609
-754120
-932720
-665767
240191
-14697
581947
-641712
647606
-664417
-1767025
786253
849648
239211
-78850
773012
-562115
-302871
-385265
297743
-334066
948485
