#SpinCore Technologies, Inc.
#SF in MHz
#SW in Hz

[HEADER]
@CLASS=	RADIOPROCESSOR
@FIRMWARE= 3087
@SPINAPI= 20191127
@POINTS= 128
@SF= 21.670000
@SW= 127986.351562

[DATA]
-4634773
1004288
-2913500
-694598
-1581440
-1433955
-1710431
-2923829
2374021
-4966686
2971960
-1861959
1838334
-669382
3406211
190266
2963301
2778900
757221
2679509
405790
2796048
751053
2332978
-2134082
-216161
-1372734
-972241
-2324829
-418300
-2883889
-392582
1318238
-1571328
1505772
-1985189
2372385
-1526006
1850280
-1019542
1053312
804269
1616341
925880
-533121
553988
-51855
1837385
-577904
-204978
-244746
-423482
-381642
148457
-2297017
-2197137
696366
556034
-511343
733927
-674866
-1677852
1555830
-63902
686593
104215
2513407
-557815
1363998
-478608
-1548692
554175
1463326
69971
-1117232
1761456
-1418169
1226588
98775
48367
647886
730970
-1393320
-1771333
1380953
-733165
1818
106475
-386876
-1045542
1383384
240818
-55314
503711
-58964
480122
1532968
-198477
-400605
2112672
298538
-499653
354141
2033625
-1585204
43710
-298098
3630
1181498
643023
599462
-1333002
-724399
-1052886
20557
-366147
-1315995
-56804
-1283986
-522926
-326750
747003
279573
1234252
164409
-627619
1580153
735258
307107
876026
101477
-2125221
-681187
-360788
-664132
550513
-1169989
262654
1141157
961479
582406
1296257
-33490
-1055858
300215
116028
513837
-540862
-1475465
134703
-772854
411140
307523
-373614
1744272
-1126327
855537
-1212624
531309
-2412881
-2128453
-716366
-2304099
-1690201
-385077
-548402
1224066
1468700
1326448
1217363
836302
-827484
-1405484
142288
-1287753
-365964
-1197336
-104191
-1386317
1168166
-543048
-34981
657439
-400316
1129893
-556758
403745
-24472
603126
-1142633
-537580
764754
-1990497
1040179
-1904180
-26476
-1422824
239788
-229702
-865391
-5880
-511455
434198
-1249558
40347
-1386143
816238
-138382
-191903
1631651
-108918
1750410
323864
791669
-953041
1225380
-329666
-491128
655211
-1263154
919906
-1872965
-524483
-927547
92751
77421
446309
779392
-595243
1897007
-497484
-17558
-1144329
408954
-703114
-1102913
-703536
-2464723
-891912
-67373
-244328
-305771
684019
353168
364005
2267896
863954
-11367
-830319
236817
330016
91550
-1520182
157597
-300711
-830102
