#SpinCore Technologies, Inc.
#SF in MHz
#SW in Hz

[HEADER]
@CLASS=	RADIOPROCESSOR
@FIRMWARE= 3087
@SPINAPI= 20191127
@POINTS= 128
@SF= 21.670000
@SW= 127986.351562

[DATA]
6275840
-1110276
4544446
3144124
4327731
3779891
2775592
5473948
-557345
5631572
-3452652
2126804
-6993127
1680833
-6145371
-1355306
-2009129
-3815675
-3446039
-3727872
1346756
-4509362
4381524
-3120992
3351446
-1526858
5778704
1061137
2787476
1389786
797478
2437921
-260243
3781688
-3590504
2829748
-2545704
1403093
-3323351
640658
-3197680
-307879
856538
-2869209
-722966
-1983736
34755
-3163342
770427
-1426301
2338300
-830096
1914571
1058132
1192647
-558005
-96668
3631534
773589
2091572
-428417
1414626
-689001
805763
-563826
-948481
-877692
-1902213
625793
-187244
-1215692
-890112
-87198
-1367360
888496
-336864
1336748
-1286535
770019
-1604224
1066022
-1590024
-202919
688071
-69302
232402
242674
1147127
717189
988793
-370121
-77085
-901495
8388
140899
-2442683
-975901
-117903
438805
-68241
-436627
-1470126
206490
1391306
533486
322379
347714
-785953
-745049
1268544
2377027
-876784
404324
786824
655582
-511011
-561076
645790
-2432575
1177251
89939
-680037
-1480882
1418951
-2027190
651984
867494
-404844
1234036
-2311682
1015225
-2123734
-663554
87030
-571219
625345
-2009955
226187
-9820
-26159
-762254
3336
1498596
213941
-184940
179986
120890
-1624947
-1568720
472978
718568
-56084
-1243836
-244657
-1292124
1524064
1123360
86079
-211649
433723
1095934
-246051
915181
-1356775
-44225
-1008996
-1034247
-1174674
-1541453
-826405
-823368
1569128
-1346641
-82687
-356525
392758
1042245
991077
233897
-1125354
310740
352435
331214
-147856
-1173028
-745625
-770022
-335640
-154154
912314
-602125
1726630
1342738
-38746
825622
214630
763377
-298937
879144
-2515015
-391169
1730637
-1780086
548347
-614136
1124113
323127
-489218
944474
216779
1417303
-251178
215832
-1002552
48015
-745640
505410
-132935
-40388
921442
2026396
517366
-1882026
2315167
2417150
10382
718975
-18934
-833073
-252268
263342
-1404621
-1088516
-278774
-2124860
269562
374069
875849
-647354
546639
37635
-117204
1048958
241925
-1197332
-846107
1961477
-785932
33104
-608997
37628
448298
-667683
1107714
-1743675
-1157225
