#SpinCore Technologies, Inc.
#SF in MHz
#SW in Hz

[HEADER]
@CLASS=	RADIOPROCESSOR
@FIRMWARE= 3087
@SPINAPI= 20191127
@POINTS= 128
@SF= 21.670000
@SW= 127986.351562

[DATA]
2554904
-1308384
2953831
-352433
1984430
2464081
-1364412
2049535
-1012375
481713
-3313377
651940
-2418593
-1968134
-905913
-157688
-714662
-418486
1957885
-46360
1226307
639983
1244826
-727812
1000688
545636
567520
533449
-4498
120142
-440613
2384567
-515488
1016769
-284800
376261
-1364685
1649432
-1346855
-2870138
92403
-1646801
264782
-1841116
3032002
-698728
82145
-415868
-660159
173194
528221
-255903
-432948
992344
-544058
460040
-831851
1912841
-1188969
1427870
-803791
1595248
-934573
890309
670974
-1486500
1426387
515073
-364199
-2591551
149001
-167603
581002
-366600
-206788
-752476
197614
1294384
126678
-651696
775153
965760
452535
1871037
-695303
577874
-630986
-160195
-913138
-898372
1039457
-338023
-815931
1493438
-585665
-431842
-344643
1124506
516272
-111558
-338716
729481
1862006
-485149
746051
844098
427758
-1040866
1349626
-544256
-863881
-1964968
-914027
-405307
-1546384
-270441
-247582
-1166954
-394441
-274455
2148491
878020
892161
312944
753360
-99361
1027758
346941
-23087
-686115
-29387
-420047
-616068
-1810303
-493207
-1056289
-1424324
-642403
841845
-1158477
983188
1320115
395254
1499833
1139929
381639
1836460
699818
691165
-1517012
632843
-689097
-928340
-763643
-984391
-1634205
-809012
-896856
-998554
171311
-443857
757826
-454295
814539
1576588
-929031
-124707
502332
321952
724979
988394
-1363576
25868
-388096
-1269328
169381
-60361
-672579
-1672589
-296864
900029
864717
-928895
57930
313278
-1328923
1248918
1071727
-54871
-725757
-771246
-1275554
-359145
-136432
-126877
-1420488
1238744
39933
-328775
-432589
701238
-168978
127478
1072501
528707
-194865
-22314
104635
258313
448814
1294513
-2289870
-808279
538401
-28250
-1085531
-28568
266041
-2362844
330934
134431
-165011
712832
769580
256082
-374272
857392
563102
-1228971
824284
-102554
-1158623
374428
-1042331
-930711
629298
463517
668135
216965
661360
-176434
-987178
-257448
733811
-487089
-895972
-106926
-1300168
507166
-623526
88660
911725
-997180
238369
-917189
1285919
