#SpinCore Technologies, Inc.
#SF in MHz
#SW in Hz

[HEADER]
@CLASS=	RADIOPROCESSOR
@FIRMWARE= 3087
@SPINAPI= 20191127
@POINTS= 128
@SF= 21.670000
@SW= 127986.351562

[DATA]
1507262
490365
2147726
824471
1769063
9915
2184462
2334620
-883106
852652
-1998637
703464
-1798789
2042822
-3203105
-472030
-390567
-1973801
-151224
-1243603
-1253290
-1357657
-293704
-2249957
967998
1025806
2156813
1369415
2874965
897720
1392716
882828
976741
113836
-657317
2090719
-1877399
25582
-1393957
560475
63967
1542618
-670216
-485922
1374345
-341127
21700
-2396529
350060
-2791795
1394553
-1831202
-334667
2196828
183216
456189
380885
1782595
850773
1521360
-588156
-1138319
-1338089
255450
-1213967
849241
-1372015
660180
1503826
361937
1211990
-90226
-272313
126985
-206744
-112110
-263159
-1171983
-799624
1309612
517031
1992751
850406
293707
596728
1142837
14732
-637365
-224374
1331316
-591802
-668118
-1071825
359893
26020
1531397
-86839
442314
956442
1240299
-76976
-7025
411033
-633711
-650395
-2697455
-1248350
239125
-1292865
244115
892059
1612813
2141221
831477
926540
-1152220
-514530
-650166
-1193512
-362701
-1129642
317436
410309
1670961
589315
304521
-95679
683174
1588553
-29254
-2005137
-387432
-532293
-2017831
-729664
298395
188671
53200
987087
-177993
80415
126323
-475082
-250642
-485520
-78595
-1879375
39745
-1006364
256858
135608
161574
-787304
986031
1224953
-216318
1023915
-714912
-393921
-1109615
-387092
-767712
393982
426166
1504289
584778
472958
-1081498
1641849
1677766
-308788
-263952
-2013524
-113923
913984
-44743
-1439873
-45893
1655287
-532541
743342
-1575849
-187057
2553577
1235530
-474793
-146504
-431965
149415
447256
-2027559
-882849
-884823
701002
-952493
549082
-782942
-105135
1771182
-828569
386237
-146736
-643155
-349304
593262
682609
754677
893491
-188430
595098
84201
1190475
-1023669
-1406364
-931434
-815227
221638
968655
3649
-2117252
158914
475118
1878245
1096042
160098
-1081756
2354097
-291948
-757318
1275760
-1636255
840728
-1339868
-1285458
-702966
670815
9567
-696823
554413
-241905
1368879
713097
-479820
-1095432
888539
-224791
532155
1638606
-587276
-380088
1843561
908352
-934686
194325
-2318535
-637177
