#SpinCore Technologies, Inc.
#SF in MHz
#SW in Hz

[HEADER]
@CLASS=	RADIOPROCESSOR
@FIRMWARE= 3087
@SPINAPI= 20191127
@POINTS= 128
@SF= 21.670000
@SW= 127986.351562

[DATA]
4515050
-354416
5600909
1951272
2988952
4078877
1222716
5189255
-1406244
3010450
-4446236
1984445
-4385229
968630
-1946718
-938345
-2693143
-2592671
-1573960
-3740340
1205425
-3149375
3259127
-2158351
3644760
-1321329
3205399
2129028
2215367
1346187
6395
3550878
-1432469
2756194
-3708548
475725
-1982677
-258817
-1240972
-1227243
-808939
-1379823
-1374184
-490321
921499
-2094790
805270
-1617484
987732
-1460385
1857587
1800901
-653192
881402
-90111
2405636
-1087397
2430254
-437629
87429
-1455254
1062913
-1560908
-305793
-2932240
-281843
122564
-1736431
-970431
-1119626
-113456
-548314
1821729
230749
-230857
-1602506
1236389
1357600
459968
1044535
-278531
-308641
896951
1194211
-439334
-1247571
-108363
-454740
-1026721
1047006
-1449031
28001
430081
-1053790
-1342612
657110
-239823
65165
-171976
905939
-537765
-1225806
726247
-186376
74600
-390140
824076
-1502651
-720247
1999590
-695012
-722580
1387944
1491694
-166081
1084209
-459636
-256193
426760
1826827
694239
-974821
806579
-2311671
-215585
-231042
-966751
-2267604
-1399504
1064462
-1044213
-71693
-32544
-534558
458857
125941
1838906
-785744
1126571
1059679
1006817
1370268
38534
-768960
38838
-262098
-2116783
-1407219
688343
-179862
372351
250071
-492936
261422
361746
883877
114712
1497308
1296924
-954471
1606927
-776399
-124394
44972
139418
-489916
-1351353
-14843
-466579
557358
27778
-214295
-652103
410981
442245
-256489
1567268
77271
184384
-1077321
723804
-166712
-902654
-591657
-889251
-399852
521675
1166993
-493038
-242657
-1154568
964039
1251843
64567
-1678421
-507423
232789
28381
-1196853
-553565
87465
-1168537
1782596
1191329
-346091
308573
1183969
1472509
-255268
-203931
-583002
27942
-560997
-432357
538938
-331540
1586581
946215
1154147
-1110048
-1538764
-21718
-232690
179464
-690691
-95929
-565978
-275126
1126713
249230
446986
-396107
1599713
698152
454242
77171
-336741
-613268
459945
993818
-1733025
-716354
-497408
-589313
28471
790997
-729723
-485394
93197
435086
-502688
1762725
2054025
-1139988
264029
-407636
