#SpinCore Technologies, Inc.
#SF in MHz
#SW in Hz

[HEADER]
@CLASS=	RADIOPROCESSOR
@FIRMWARE= 3087
@SPINAPI= 20191127
@POINTS= 128
@SF= 21.670000
@SW= 127986.351562

[DATA]
-4262573
-741464
-4364668
-699699
-2488808
-3724877
-1212733
-4248617
1757154
-1599350
4982789
-1188094
3910586
1040610
3788540
2183785
1771055
2723626
-2534144
3626631
-2347036
689884
-2222311
802147
-5098186
-1079293
-1889969
181167
-2298137
-1727665
-232474
-2152473
1534326
-1606814
3270862
-2568524
3368187
136939
979993
1188816
171613
1006273
-1587676
1386243
-2658213
1425465
-1779762
1318576
-490904
1603795
-541709
-489651
140887
-444894
-393948
-1465385
1245595
-966951
109042
-3209876
-570772
-2583977
1943527
1256973
-167601
2156864
-1515323
3010384
-80489
2128840
-770156
269953
505372
-377750
1928644
-865123
768926
-1587100
-553355
419759
-245810
-214917
729190
-125518
175896
494973
619081
-706897
328729
-95445
-956803
1827000
1710124
-277537
-1186619
636157
-774026
164205
-224723
-4189
-3335715
-798755
-473937
-1445964
197958
-41119
-314373
93177
435742
689239
117741
1277574
-179816
-178485
1244345
318942
939906
-1451878
872260
-711660
1638151
1341249
-556526
435734
-231982
-836235
-1307760
1209323
-307200
-410958
1820320
1101864
857606
235179
2182872
252510
1009214
1360548
581944
-179737
-488291
-344179
-42311
77162
47202
-789671
-394186
1840253
1024482
484221
1729412
928405
789151
696044
37019
424456
537939
-983701
-142189
-1160867
858086
-2172422
-1342669
2168425
-1101912
127331
-450187
656455
-187731
-440778
-555803
-1039583
591388
-576385
359452
-30680
748685
1447641
-841209
-5437
-972228
-665233
-324831
-206734
-810003
-632097
1190648
754635
201980
-24956
570730
-1016257
546706
-400374
-232276
-434187
-316578
-1262547
334976
1500798
210609
1085248
66838
160111
-687978
1767752
2668615
-525920
1612004
-926702
207584
-1924556
380523
-607473
-3060540
-727364
-549332
1808895
-304629
843457
-637425
319073
1409473
1091353
112279
-2469821
-720077
-56284
-82167
-675446
-257615
-770191
-1303840
241883
705711
736549
-257784
-80276
-1029432
1547858
-714440
602751
60612
-1371997
-68558
1071929
312159
-1271201
1542823
-2507678
240209
-674268
441994
-143004
-1975306
-616825
