#SpinCore Technologies, Inc.
#SF in MHz
#SW in Hz

[HEADER]
@CLASS=	RADIOPROCESSOR
@FIRMWARE= 3087
@SPINAPI= 20191127
@POINTS= 128
@SF= 21.670000
@SW= 127986.351562

[DATA]
17192192
-3677497
16403521
5630075
12127616
13372706
3294972
15534353
-5581874
15537157
-12544102
10874519
-14706751
3657564
-14783294
-4127092
-9384249
-11170445
-2147473
-13656867
3451934
-13844493
9561002
-10138645
11441588
-3955661
11428342
2815650
8767799
7917788
4264920
10930662
-1800759
9983792
-5305397
7735823
-9317040
3354876
-8985225
-1193733
-8094334
-5263302
-3364264
-7150478
432169
-7679301
3460305
-6970789
6681656
-2910288
6254968
-369749
5764076
1636297
2095802
4502101
-322590
5212443
-1787062
3886885
-2892136
2456621
-3191618
1203039
-3477392
-2009377
-1813198
-2421069
-1385961
-3242822
-407713
-2569428
403764
-2709491
994905
-1332282
2145062
101276
2569369
523838
2282827
1897822
1979831
735856
-1102732
1373211
-1774191
1535078
-1792769
963924
-1923832
353107
-1329572
-804819
-180843
-1285280
-541371
-1356129
868931
-1969233
905612
-1069863
-613552
-1176435
389050
-851947
-173167
-39635
438621
585681
1828368
932968
-110894
1267435
1669556
689047
348006
-216216
-1792276
310116
-1349422
-486145
-1952130
-293818
-1227215
-773452
103828
-1096560
-259214
161128
1298333
-1254491
925299
706830
288567
-520564
154949
11653
-375108
617920
-660027
-260417
-92331
129600
92572
1011556
-9581
-912235
194100
-7204
-596000
488624
-663732
-646509
-23742
-345355
307964
-700946
59513
135110
474889
-80089
96121
-399349
198782
1393388
686775
262027
14524
11441
-594580
1290362
-586004
311547
-893322
397952
820400
742121
-263102
-768194
931714
529051
5959
-539675
-496077
103989
470738
-860712
-796576
-750840
-26454
-34657
1104333
372281
-8597
892737
400194
70103
189701
273224
392525
197285
-614022
-582010
-487384
-274413
-720371
678868
-586202
-95343
358905
-166026
10980
532331
-568488
61592
47626
328921
-107406
236500
-254040
-800155
713262
-289393
225074
-34383
-2280
-193477
791207
593882
-692446
279191
11594
202352
153618
69515
246381
-246029
730971
209390
-1478461
625522
-113521
-801661
-134308
344548
-601621
503127
568157
-420381
535170
-35457
-683968
-323620
935277
-993627
