#SpinCore Technologies, Inc.
#SF in MHz
#SW in Hz

[HEADER]
@CLASS=	RADIOPROCESSOR
@FIRMWARE= 3087
@SPINAPI= 20191127
@POINTS= 128
@SF= 21.670000
@SW= 127986.351562

[DATA]
-2417895
1222322
-3223185
764228
-2559237
-2652073
-622101
-1788689
1601391
-1758175
3310326
-2854083
3564226
-1415770
3015794
709408
1191204
-265311
-215175
3407444
-1706828
2718521
-1660539
1428482
-3074115
1405598
-1977106
-1738431
-28495
-943359
2474936
-1523408
710442
-2224820
2554116
-715152
1225924
-542286
1449835
-199467
625429
1268286
36297
517128
734795
2217192
-712010
2134902
-137040
-797218
-612505
-353547
-772080
-597426
1727475
-1438014
238536
599709
260423
-1418049
2658790
167934
2651
-16372
1771354
433410
-57829
372337
-487776
962006
1894890
611486
-1513259
-164260
-2120547
-1100157
-380576
1049250
358635
-678762
1524501
2291661
-1386956
-1139726
162690
-1208752
1054800
1274324
-59305
-1560402
1451293
-87150
-963136
235087
761676
-1147777
-187885
1550924
-114634
776231
-58101
-240304
-642542
1607081
122557
285250
663394
-1326573
-391369
2332208
744218
-1379261
-350431
-281288
66643
-81732
256961
-2092894
328182
75375
-500235
1295345
1294339
-450376
-1362119
1627430
38019
620969
1078260
-680251
-1957091
1363090
1175968
-2514708
-829766
180925
-298427
-805718
894295
-1320113
233270
1067657
367384
-1489126
471639
-220854
-1284328
-1531593
1623171
-2283688
484427
1790653
-70384
242843
47994
1440852
-1555593
996307
-519557
-509875
544667
512441
-286357
-838106
1403636
-1498993
-811815
561511
-31445
-557982
1429564
897607
-722164
238754
437650
47624
-671267
369233
-225561
-1232842
1530104
-1043391
-444384
1013737
-407665
-183688
535599
-267514
-450959
-426319
1531772
-1101747
679356
570774
1455252
-608804
720134
-1885085
-795718
79216
-498041
-1002856
315880
161044
26913
1911691
318932
463615
349395
1527464
60692
-495628
1070913
-1230961
766362
-874937
968497
288816
-105310
-18045
-1647949
-141959
-725899
-2085796
-615825
1448068
-247143
618877
2684793
-7836
65150
-800555
1139631
-1063522
1073273
522272
-2044859
-1466186
-430592
323702
-851407
419278
317286
-1068995
1483614
2151280
335276
-381107
688153
113474
432055
835552
-1477614
-2243478
-600056
-684633
