#SpinCore Technologies, Inc.
#SF in MHz
#SW in Hz

[HEADER]
@CLASS=	RADIOPROCESSOR
@FIRMWARE= 3087
@SPINAPI= 20191127
@POINTS= 128
@SF= 21.670000
@SW= 127986.351562

[DATA]
-3526651
1334967
-2413532
-1953620
-2920497
-1245389
-3656429
-4400635
927904
-3015861
930187
-224021
999067
-174049
4369292
53319
1556449
2703065
1958222
924980
-290010
1906362
-1683217
2224810
-1699637
-1383589
-2597547
-414389
-2044767
151202
-1025630
-1045720
674851
113731
-408119
-1130959
508824
-1615109
3228379
358258
-275647
-784737
1330932
893455
296218
1842874
-2576075
1195905
1498737
626854
-1301124
281188
-2470030
346582
829626
-601736
-2785921
-284180
901530
76768
259577
712974
-1174614
-450404
3924789
-1059151
960819
-1762465
-775573
-924272
2726637
-98828
-1437247
2020474
1673244
-1395973
377236
2027741
-766418
1607688
-1031888
-270496
75501
770064
-721203
-994000
197259
-1158133
126950
42968
409489
-771977
455959
430294
378674
235289
-1183984
-302702
1894648
2025145
-396941
-75346
-916741
-925042
1971414
1796214
-120801
-504165
390387
-238858
107389
-678192
-1437175
200496
-548052
-1622494
-649753
199011
-491827
647925
1011900
278314
1440642
3570988
135242
-174264
1335588
-349262
-1241312
-45643
-394456
-1010147
121758
1050883
-1071591
13706
-125905
636987
771521
1321814
-2211836
306710
1277008
-1216098
-1086145
102781
-645530
-282580
707385
963124
476980
1447872
44263
-1577603
879559
515900
-825116
-760234
-111481
-731486
-479869
1006597
-944767
-1051542
218361
799026
-640441
2361469
739660
-1705239
-483884
-618252
507952
978698
845368
-880426
-717253
913854
421278
-384020
-83257
-552638
526225
1872723
1355193
-323213
-463706
-517985
610574
532194
176423
-1909063
1182122
764584
92269
-726920
-175158
-1172735
1494331
753234
-651862
816920
958110
-926812
-440189
330859
-852706
1207340
2473419
-1207260
129301
1538309
-1011694
346513
1105013
-1494636
1194471
2008463
-573727
-2443196
938531
82255
1221957
1366987
-948695
-579404
2138291
2545444
-437394
1170743
1151156
-2539555
592795
625928
-1516517
-640805
1341414
-1230855
305748
185703
-626992
-1298033
1724340
283950
588776
488495
-715975
-1833485
1468218
-533714
-1336350
-369190
449005
-2308293
2012098
-326742
