#SpinCore Technologies, Inc.
#SF in MHz
#SW in Hz

[HEADER]
@CLASS=	RADIOPROCESSOR
@FIRMWARE= 3087
@SPINAPI= 20191127
@POINTS= 128
@SF= 21.670000
@SW= 127986.351562

[DATA]
-3429603
1794104
-3232108
-1378338
-3354490
-3090718
-1891839
-4350712
1768075
-3028649
2368204
-2482889
2737276
147541
1237725
1393034
1934765
3143413
-200376
2775747
-2023358
2210224
-1449710
172837
-2920300
-1050900
-656063
-2138670
-2189248
-1732650
709830
-2166404
1183561
-355977
1087337
-916076
1903270
158294
1248991
1474534
1791053
1384238
-616228
1301788
-979445
1753597
-2024151
1265852
-1863779
-157383
3500
-2232715
-686134
-1099258
800776
92975
33260
-1424999
773647
-447207
405712
298502
150453
-78618
-322340
949321
-411848
-231136
65114
200044
-465520
725026
-604074
1461900
243208
1575104
-1100608
-716728
-575951
148194
-123071
-141380
-35835
-1672149
83824
978070
-1476529
-722337
946412
-158866
-194311
-530661
234260
-1739541
-493424
421652
-666976
1171750
206142
709773
151388
1701117
510933
424506
-1236557
192863
567623
-1908883
-423147
-541993
-789101
-122938
784308
-2157146
234446
-1412441
58294
1189022
476397
-223813
-1445306
701852
1226196
2206727
586066
251119
662525
376041
1444082
1666580
239714
-1428035
922987
-1478597
303578
-2268201
516443
-1335677
459624
-622933
-889008
-72573
-191337
-132698
-1449875
330723
1057343
714718
1126449
-512795
951911
67234
1037406
262938
-141496
-1090475
-375393
-1272192
616445
-2196274
-1522043
-755220
-174751
-834813
-1066012
405834
-924287
853988
-25105
481001
-1056741
124278
176583
912778
2282641
637717
-772883
-1436856
-394248
1884311
179408
-722873
295415
-2876539
-226985
681237
-573995
-2250275
-191733
881177
-2327125
856399
1489797
536100
-921100
1889269
1383176
344913
1827276
-390527
156395
-541155
1584467
609778
319220
100883
-1260591
-1352882
453193
290526
-401480
-1278927
68030
826341
-28522
886988
1336849
-135216
1034123
1349932
650633
565165
1189642
19822
428201
-226815
-1279470
-1008188
-715398
134692
1650077
1172486
-808173
-372092
-1671887
1306660
922475
411464
240506
-1639092
-411578
805539
-361631
728373
-81031
721633
603846
1312500
1901907
-838684
-903274
-1388800
-101649
-569032
967571
-120805
