#SpinCore Technologies, Inc.
#SF in MHz
#SW in Hz

[HEADER]
@CLASS=	RADIOPROCESSOR
@FIRMWARE= 3087
@SPINAPI= 20191127
@POINTS= 128
@SF= 21.670000
@SW= 127986.351562

[DATA]
7087412
-805889
6371467
1708936
3927461
3559180
1313717
4597051
-1927425
5046468
-3517849
4621328
-5123109
-17961
-5416883
-1452311
-5041259
-4193737
-969982
-3619514
1944909
-5447902
5278843
-2258159
4388700
1627840
6412926
1386653
3074114
2602240
-199711
3220331
1150125
2592220
-3309720
2627187
-3704485
335927
-4781366
532841
-2095864
-2557627
-1459621
-2132747
-470839
-2158010
2651230
-2056245
779864
-513645
1957274
-777495
3429010
2129637
1810905
1849392
-865227
1546661
-907836
791907
-1082890
-336734
-1150671
-256536
1227006
-2615802
-1774412
-965345
-1281713
-2911533
-106185
-884019
-123822
-1104637
3074668
-134949
-149170
1469840
1571963
362576
-113271
953264
953150
600747
315593
117762
1114676
1052743
-815846
-49090
-3211541
-356916
-1141855
-1735312
-18401
548296
1418938
-1570986
-542092
168736
-453564
-829836
36898
-176922
472643
-688694
2182342
951215
126936
337167
1027567
492725
-251374
202832
894224
458081
-469329
484394
1189437
1341818
2331984
-409050
-580937
-1411962
154380
11472
-2136580
337166
1034140
-1228742
1078554
-600807
105528
851882
1738481
520369
-1981507
-227443
21533
-631809
416527
-253274
426218
-1616878
924461
1184822
-1602501
137085
-1514409
-488983
-947162
656170
223882
-1238342
-279709
-179260
275274
-678988
63914
2591001
-473029
-1150405
2010686
-269940
-928859
51236
-178088
-1243682
1509750
1020065
317957
-428037
-61514
24766
-2098193
-15214
-234248
-762224
587145
-467420
187954
674112
273520
-383018
-417687
453426
253884
-539804
178738
-810610
529440
339887
952218
489391
-36
-334968
-119205
-1232865
-2278847
-1340741
-833701
-295875
1187812
-459067
-384699
-712256
-1496870
1138312
-239665
1693634
-609339
-1157932
263185
917302
173610
1547449
1449530
-110758
-733456
253604
72917
341997
408855
-147483
-1753681
-646318
1503392
-608230
-226399
601125
-115070
-206222
-366577
2359577
-2782011
-49605
-238346
766824
450154
449097
533343
-1282754
1741887
1047753
-415218
684699
764150
423585
-1446636
-855702
1578582
-388936
838984
126681
45100
572585
