#SpinCore Technologies, Inc.
#SF in MHz
#SW in Hz

[HEADER]
@CLASS=	RADIOPROCESSOR
@FIRMWARE= 3087
@SPINAPI= 20191127
@POINTS= 128
@SF= 21.670000
@SW= 127986.351562

[DATA]
4100902
542808
3905159
2521471
1970987
5343815
-1340
4556712
-1703252
2859975
-3814545
2793117
-2123166
65883
-2835459
-1820800
-1469534
-2333846
713072
-4467548
2043673
-4414200
3909290
-1326803
3831303
27750
1776263
303889
301259
4101920
-1430725
1697432
-2457110
1420631
-3558027
970838
-2779317
-333321
-1289655
-1179540
-338054
-1221540
1311586
-555396
-1011176
409039
1110762
-1623521
310795
-59560
877369
717901
832079
3117678
-858568
729777
-2687622
1922773
-354975
-305950
-1109405
-1116675
-655212
-1747838
135259
-339947
-601538
-1282003
450078
-1471338
139914
-1457740
994269
-174313
-386868
1106376
-255216
-311949
-648279
1325310
-489454
332548
383787
-467025
1188374
-312189
-53430
-72749
-73997
-162719
554110
599856
-1318394
-92574
-1915431
-769719
19132
-549876
20628
235563
-614655
185499
241404
1241551
-568322
1094350
-927240
13242
537315
2206785
41929
-482035
223571
1495357
237404
1402427
1711306
88655
-856350
886870
827268
-572832
-429245
-992843
-745007
-226361
1500685
275829
944564
210746
-2193974
932736
-474395
433027
-825129
-519771
-1413879
-310905
258665
1336825
-2222756
-716238
-163023
1647835
-399340
278739
-507487
-336747
-292233
898294
981812
-837300
1144304
-460403
230212
506455
244268
-99354
230439
976962
-516927
998414
951493
249496
-1524436
-529621
1262363
721919
923553
-235753
-1461956
-1699894
-807440
-203939
-1432653
-293021
904358
-3033506
-1859485
-499594
-253419
517053
-1003622
543604
-304058
316788
206987
-986239
-669863
1622551
795719
366038
269412
-638292
1181657
160387
942012
-119466
386229
580707
-739889
1046091
488993
-1071806
645376
1834776
-516005
-440193
-29946
-305301
-857722
2240355
-1878
-550978
-592404
954668
674945
-771026
713907
1573314
151186
873979
787659
1721162
-1216439
375514
-328474
-176481
-208858
-1166160
-392337
-1784805
-1159753
-440368
-550172
1352695
-281107
-40742
296588
365266
223856
-296478
37827
-144745
479059
-300547
1187896
-308151
917047
1329995
556120
753615
-1289847
-1244966
1066759
-807851
