#SpinCore Technologies, Inc.
#SF in MHz
#SW in Hz

[HEADER]
@CLASS=	RADIOPROCESSOR
@FIRMWARE= 3087
@SPINAPI= 20191127
@POINTS= 128
@SF= 21.670000
@SW= 127986.351562

[DATA]
6899706
-344524
5003112
2093773
4061175
3976753
1518207
6576655
-1521046
5571966
-3303217
4125094
-4549909
1272358
-4989116
-2062552
-3575564
-3979958
-960450
-4963367
973562
-5894365
2518327
-2015304
3583086
-1088068
3391752
1761515
2753522
2983076
882197
3588135
-67029
2681475
-1565208
2709266
-3944109
-458647
-1264543
1077551
-2804643
-2177559
-1259640
-2980825
1393098
-1952308
893496
-2296172
2668208
-218714
4425620
-440250
1409508
1810165
-269405
910715
-226819
2149170
-1942960
591588
-1737961
636585
-2843699
712061
-1501237
-2448906
438455
559202
-307072
-107660
369175
-1027790
1025948
480657
1145265
-1693824
226740
54153
579191
61905
1976308
-79362
-257614
2452364
-1063603
2103511
-187102
438345
-516459
933999
-851174
-2706751
662718
-2822265
-715596
-168756
-1476420
-1860540
-723277
163231
-158456
358642
622886
-1307397
1486495
486357
1177401
1000535
78644
740177
1240547
1608035
550983
380127
-1543151
-1593144
-1088019
391609
-1404155
-962115
-1266530
817863
-433961
349728
596703
-539001
1775379
2373565
268132
-477742
30446
65141
-1557171
-1345115
-18960
-457485
-81254
27195
-1753380
-22006
320196
2525964
-144389
945656
-1192317
888816
1303449
1462460
684208
-990693
-1155743
-1863297
150391
-240334
-455202
-1360801
-837685
2692316
845809
1038268
-363303
765568
366214
526770
1730687
-1112592
339835
-602914
493870
-1546258
788153
-600812
-1741213
-109459
-1187566
177801
-1453771
1399020
-1694540
2256387
1637712
-1433543
1400448
1176046
251741
-217306
1716589
-810345
192696
-446647
482676
-208671
-212656
1327196
-1709661
1414365
-437539
716596
704768
1250991
-321764
2005645
331364
-735683
218773
-981257
255770
-1852330
-65428
-468958
-1106346
187357
-885230
-787841
361377
2558635
-458168
952471
-835006
-573321
2660239
2457266
1659663
-939880
-85443
-246006
128935
1667849
-408743
-2765197
-1426302
340019
-150705
-1107050
-356162
-1885557
226541
920604
810693
613409
718675
1270292
153236
1353844
-839758
-987192
-1464471
-619059
706402
128661
-126737
-201736
-1335782
333558
-23604
713420
