#SpinCore Technologies, Inc.
#SF in MHz
#SW in Hz

[HEADER]
@CLASS=	RADIOPROCESSOR
@FIRMWARE= 3087
@SPINAPI= 20191127
@POINTS= 128
@SF= 21.670000
@SW= 127986.351562

[DATA]
4732699
-1195121
4475704
1387715
2468682
3122490
-99225
5429139
-2547369
4920606
-4384017
1286002
-4063621
342608
-2414249
-2146353
-1145733
-5696400
38136
-3640287
989554
-2044492
1855596
-1780329
3363974
1395724
2461574
588935
1987449
2027362
296138
5175157
-2285781
1555585
-878249
2084974
-3508777
291001
-2364732
-2187935
-1985818
-1897737
-3558852
-2865030
1584397
-3068276
1454570
-76421
1957964
257205
2706254
1474342
2450794
2941954
1195923
732427
154241
590492
-974576
-1691319
-2390031
-2107684
-1128765
-429957
-810895
30779
-887723
741389
825201
-879245
1626829
1234032
731452
-54544
2396210
-1121990
893819
-903274
1064657
-25422
270001
526630
-1888540
913657
-2183718
1197044
-203912
-12222
-1135301
296751
1728935
67558
993839
111122
606235
-998093
-895269
-930682
-1335145
-1259444
1172926
-2776792
204791
-26832
-799449
-611722
1020512
1535551
514188
2910733
394010
1132427
-30973
1206419
-465082
-209977
198995
-2489416
-284827
-879078
-349215
143431
-1263805
-1276850
94641
1760168
-677146
38717
-921209
818971
1979971
-98186
3142927
1036380
165073
38200
-354553
1338433
-918848
142923
-2170850
314262
772299
871691
-198203
-2381806
291196
-165662
483320
1128166
690957
1142390
-1434459
389076
1406615
103321
-189555
-1057458
-923085
-1674378
2420134
-32147
-996787
-971165
665040
1521063
-644897
709676
-3076743
-1456712
-171596
2780502
537314
-120378
1785502
304969
1822501
76288
-1055459
-1597966
-672152
1407259
-1141549
51915
-290180
595061
299485
1177097
1084739
218746
1348765
1255216
35872
1864246
2231078
633365
-1442532
-1273117
-735657
37422
1067122
298930
-1331334
-934310
901191
904637
570483
-801487
165965
-866655
-257848
214520
-619073
-391487
-623444
-236452
703353
141967
482911
-2164533
-928017
-421146
540706
-1217152
341173
1068673
85125
-638191
881000
100523
-1302736
550950
7450
-486992
264982
690263
1008055
241777
-742526
523904
197909
-2301941
215483
-1596500
-1511935
1641807
422792
443340
-883166
257432
1409572
1054167
343917
80414
-833513
-231477
