#SpinCore Technologies, Inc.
#SF in MHz
#SW in Hz

[HEADER]
@CLASS=	RADIOPROCESSOR
@FIRMWARE= 3087
@SPINAPI= 20191127
@POINTS= 128
@SF= 21.670000
@SW= 127986.351562

[DATA]
6633850
-791185
6725784
3427583
2289590
4584177
369915
7048775
-4194338
5596674
-4919449
2639826
-5169428
-125100
-5483651
-4017896
-1916515
-4573404
-1732476
-4907205
4033647
-4910102
4378176
-2928669
3637456
-223099
3640586
1682313
2732194
4214764
398268
4453556
-2270345
3180036
-1790662
1070337
-3718957
-128005
-312397
-1483050
-77706
-3289648
1247326
-3262823
666934
-4085094
2006790
-4332924
1111802
207956
724525
2351104
2207572
1204931
-209599
2719816
-1283225
2687106
-657180
440626
-1252088
336612
-415300
522178
865584
-2168869
-1940929
-1308641
-1164121
-1186142
-687710
-1662453
354228
-1755731
50032
-646562
1216247
734017
-12712
1592571
-730012
1690788
1146833
2021833
1135134
-586151
727692
-847303
-273802
66459
37572
36926
-1504742
-557607
124096
-744450
540278
488129
-1409666
-2367963
-242221
549245
-978511
320683
838515
445360
-17270
2382773
-160429
1827937
1158036
1640004
-1210528
80897
108787
1084019
-926351
-2057643
-494573
-341118
813634
-381231
-952644
-1141723
-415224
695102
-1261933
-634125
325600
335774
-1460947
-582567
-229193
901233
156236
391437
186744
-229675
249207
1405162
1687789
-265340
-847979
-305340
234505
717597
1135614
454101
804563
-1952715
806891
274449
-1153329
-116593
-849486
-1387564
-32869
-12177
275665
-327736
49477
-1172853
-902360
841043
-982891
1401594
-701676
-1001728
47124
-113739
808048
-722504
897729
-2137209
-275915
457087
-1584416
994939
-833599
67958
-553798
-39924
208591
407154
559078
59603
299380
626789
-677361
1624221
1217043
-111348
553308
-942785
-332261
-610775
1035260
1488994
-1524626
593812
1212585
-206150
-243604
-282970
496629
28274
202931
-650181
-757696
1586111
839449
888966
319521
328303
616287
-528546
-168987
-149058
963709
-913659
-1773930
338000
1219642
597207
358128
-204455
-2179877
-532545
399254
888413
-1068819
546001
-942558
652202
181064
628923
-815620
-389732
-1154039
-1498987
410310
-567508
412796
17365
309905
615329
-610202
1012208
-1333688
19440
349020
90884
428041
-556893
343150
-15814
