#SpinCore Technologies, Inc.
#SF in MHz
#SW in Hz

[HEADER]
@CLASS=	RADIOPROCESSOR
@FIRMWARE= 3087
@SPINAPI= 20191127
@POINTS= 128
@SF= 21.670000
@SW= 127986.351562

[DATA]
-5366349
809172
-3946375
-2137153
-1520792
-4518732
-2159739
-4534985
2272496
-4539869
4154334
-2343606
3856950
-58929
3565280
849253
905922
3623811
153268
2868690
-831328
1064082
-3004037
3254951
-2612349
-885384
-2059319
-1874812
-3548075
-1099994
-625158
-4031984
-1030802
-1454661
1518148
-951881
1713063
-433730
3390505
2356493
2649519
1270045
234068
3111233
-1261221
4521954
-2204553
200113
-2985545
1075631
-2558793
372596
-163485
-2722408
816471
-399158
379870
-1285708
-381798
-1253892
1125594
649411
209520
-1296015
1005559
175755
953629
1306295
946545
262622
-389549
1611473
-1661432
678616
-1647353
961465
-742367
242835
-2249480
-1251231
253269
-2452880
-42274
357025
368357
-1701355
3142833
508778
-701913
1166627
-544889
-347994
1219165
852856
-1254693
-173828
1859914
-311718
-246212
-107763
-714452
235073
1341004
1389508
465262
-316777
-2529119
-503225
374750
-1542567
-694319
-1780537
492890
-1744109
1602637
229155
-185342
212901
551379
1069818
-1030162
730277
-1954842
151804
1392879
95951
-476715
200749
-487445
236659
1880539
-782077
792312
1460610
-188945
-341146
-523608
360349
46358
1609069
673958
-1292598
-1124610
-1070645
129062
1165336
1439835
566761
179279
445228
-549944
475577
-48087
-198658
420053
604183
760408
1209750
191908
1259714
-357076
14732
1045104
231439
531644
-1937355
25328
-500154
1007230
-857102
253093
181873
-910613
900646
391581
1160394
854678
816943
188708
5757
-678668
-887711
-361927
-1706066
-201988
-766246
99648
-425159
629200
1705214
108405
72276
323942
637690
-83136
1573792
2001746
-192139
-1112592
-590717
371724
-109572
825014
323244
-94975
97262
823038
544754
487793
373976
-85317
1313000
886260
-151223
-176165
-1580422
-931659
-1203972
-530381
27802
-319200
-1487557
1657762
-916436
2457427
-509133
-75738
-726034
-542404
1387152
-1178890
-170554
-1692723
-847221
-893500
-637796
4454
445785
660692
677180
-137297
1521349
-400254
-1892375
1163253
1022077
-953157
-899766
-921498
-1984503
-448623
-234756
376610
-316547
556210
1956252
