#SpinCore Technologies, Inc.
#SF in MHz
#SW in Hz

[HEADER]
@CLASS=	RADIOPROCESSOR
@FIRMWARE= 3087
@SPINAPI= 20191127
@POINTS= 128
@SF= 21.670000
@SW= 127986.351562

[DATA]
1898700
-1793277
3605638
2879661
2469314
3423648
403819
2643969
-3614488
4965732
-4110845
1637817
-4084285
-766202
-5355604
-3355695
-463370
-2058074
523037
-3007922
1031294
-1614685
1624060
-316911
3034334
574102
3486345
3303695
873767
2360287
47747
444295
-1172005
1753330
-3484404
811242
-3708784
-1470855
-1970003
-3012239
559260
-3722866
686288
-1151074
1868729
-125767
2163570
-245316
752419
1952424
1182466
2038255
1571807
900346
1180730
1894606
89870
1712910
-1533395
1140054
-312498
-3280070
639900
-1288047
-57820
-2412424
-461374
-524734
-1547020
-2941594
755364
-1549829
544683
90859
138250
1023239
-911096
1648018
399097
578245
258183
1992410
697047
948273
594460
118006
-1440246
-1189836
1635476
-168375
1539422
-1414412
-306812
-899604
-1066066
-48530
-292373
-1924720
-555201
412097
2506590
-294112
819409
710160
-1448173
-1286980
-983539
-1245911
-524554
-1010410
260636
734110
-1741033
2726486
371368
-270427
-262416
-500235
-607330
-233919
-548257
-64108
668613
-432784
1034424
402666
-137435
-473092
1063766
-400207
814043
562213
-312429
-428490
-293943
-190226
-1348951
-1453623
453640
-84683
-331256
140942
-495538
624263
-675779
-175989
-196142
-390278
-1274877
662872
1076462
771625
1363864
631800
417375
321402
-326086
-647213
59578
190180
163989
-965528
261305
565054
224499
-941609
68599
199540
-474075
-646952
-766577
96508
1300497
-361294
-62048
-740572
-441437
1426748
735992
67730
-964627
79280
986556
830083
-212894
172370
-71968
1670443
158621
1368335
-1680695
285966
1584929
310420
-128050
-910398
595333
-627546
-83081
-1058906
-614305
-303685
-699933
-417199
-1214285
-237236
691773
-2106130
-668574
246881
732803
517607
-2679893
1494544
-767483
-700043
752301
256619
1590912
-549869
1161083
1245900
-1104070
1279039
-1470104
700747
-1312055
-419219
869843
-1108444
917930
-622295
185524
609038
-475733
240082
-1419480
-2207580
-51255
-1036841
1421383
-416104
-453239
1615118
-963757
-1457971
-768416
-440140
-477153
-1030928
1824019
-522765
1378279
-720840
-754591
884763
