#SpinCore Technologies, Inc.
#SF in MHz
#SW in Hz

[HEADER]
@CLASS=	RADIOPROCESSOR
@FIRMWARE= 3087
@SPINAPI= 20191127
@POINTS= 128
@SF= 21.670000
@SW= 127986.351562

[DATA]
17047637
-4088524
15792350
4308205
12546369
10978696
4117692
16117766
-2860107
15601055
-9821360
11952936
-13735410
5796619
-14298767
-2288655
-11866995
-8464894
-6047300
-12649058
1554184
-12929494
7655989
-10670637
11761149
-6001850
11998744
979942
9027431
6159286
4997322
10189403
-367641
10477284
-4309656
8469536
-8644563
5747691
-9553157
1170960
-8151002
-2934230
-5332643
-7148603
-1501258
-6737715
2351690
-7795146
4846494
-4922816
5627979
-1634370
6514274
-17943
4221312
2927935
2316420
3802707
440088
4438555
-1999400
3481739
-3599003
2596449
-3862794
1466723
-3624746
-1165998
-2383736
-1817146
-1163703
-3487256
875280
-2765025
1017236
-2001676
3145778
-1053011
1304545
-254921
1616249
-544942
1777502
1007011
1113528
332481
-182612
1898743
-1019207
1647950
-817235
114694
-1451506
663546
-1205602
413543
-747297
-390190
-965584
-660357
-116830
-129416
460940
-703900
-2313
-1482918
1471228
-1489915
900787
-187552
1238904
-44125
194918
995028
484086
39777
275284
859403
-628609
858644
-209162
1654902
-1061026
1120279
-1348768
-351131
-744988
-193015
227558
-1529557
331445
-1324415
293692
-806246
1141414
48267
-347316
-792550
703772
41731
-510836
-192928
823501
106583
-292212
1401411
-1316296
503410
472760
744470
-1526222
58609
258834
-38190
838762
-623390
578953
-998388
1039410
655839
144202
-974363
-43349
-1409451
-910343
-1056151
138213
-936995
-131105
547745
-532029
-409291
-764308
724782
-1284184
641100
-772393
-386632
822511
454219
760478
126401
205024
511419
-48965
-1270855
464419
-395543
619549
104225
21060
-1276113
-81240
316952
-1053236
429310
15781
-913382
-304811
-115030
239035
83445
270207
602333
-402900
-447439
-102005
357691
-111401
-96279
776625
-10255
-649750
123035
699234
-25848
-370991
280740
-1263562
-665825
613545
366941
-37552
-445191
-159070
-651169
-789755
311029
824344
-1432406
-629398
174576
114069
-139877
567843
-541461
-750833
-231635
-32896
613034
-75409
215094
-344272
-1354342
207170
591767
868423
59230
-524530
197302
-213539
-273177
851461
58426
-835043
-362828
