#SpinCore Technologies, Inc.
#SF in MHz
#SW in Hz

[HEADER]
@CLASS=	RADIOPROCESSOR
@FIRMWARE= 3087
@SPINAPI= 20191127
@POINTS= 128
@SF= 21.670000
@SW= 127986.351562

[DATA]
5999959
-1430375
5512199
1568947
2916121
3334018
1526299
4326701
-3029552
6032048
-4478101
4279001
-5841207
2037319
-4139319
-1482614
-1970758
-3508557
-1000020
-4402592
2347871
-4880806
3661299
-2766302
3732610
-850242
4510961
1000974
1405458
2886987
-364852
2226022
-707516
5137053
-1852884
932614
-1907554
-54094
-2432996
-1574720
-1628233
-1934365
-462157
-2672415
421520
-687056
1636240
-3140531
3739926
-122651
2340269
1196105
1666879
1322406
925905
4102347
-668596
1238524
-249037
7138
-871049
475957
-1474562
-2567966
-719424
-498550
-1140572
-428997
-616301
-2009045
180874
-461241
557438
-1413622
711724
863631
-1332725
1750756
576975
204936
1708702
1921969
-1746298
-849593
1687905
-340504
-663432
-410309
305053
-1280272
530768
-743599
-2005722
-1619519
-439810
-225480
486227
465937
146989
-579904
367116
1011556
-319577
-140903
657175
-503545
605667
874450
-1546851
-634521
888428
-800942
-1339084
1487066
-412199
-1430836
-103192
1417477
407699
62001
-84076
173748
496813
460292
188167
-806162
232349
448112
-830785
-1085800
1724737
-212949
-1517724
385598
-312485
26726
754640
-21981
-1753496
-781378
865610
701012
-62049
-279452
-438444
331406
601931
-326566
-1110739
-1337875
-265974
-790198
971499
642039
1664277
-35644
-202377
951115
-1600133
1719606
-1002794
-1084143
224081
-628212
773917
-367034
1242183
-826768
-444856
1076843
133646
-1129591
-1167894
674729
-469845
-1227587
-97152
163440
-614698
-883901
913517
-1064746
840128
1265272
982267
-568872
-492677
-313746
-1202242
-1769793
-6951
-1149037
38436
-239125
-375738
747465
-450875
-80408
412461
281487
-629576
1769165
-187710
155391
1298900
-953934
180000
47489
1488030
-1015246
-922265
-404629
-1535186
-618464
-898295
797985
-572004
585743
429626
11993
1197126
902539
-614056
-916501
450650
1315723
-132317
309544
-995934
-1342949
-86631
-1366688
-1410685
170061
780621
-363004
202046
594712
387698
1310212
2197240
90612
295146
233914
-301443
-270675
-264935
-387298
-1028464
-1592956
675795
185728
-1118585
-4903
714887
-224123
