#SpinCore Technologies, Inc.
#SF in MHz
#SW in Hz

[HEADER]
@CLASS=	RADIOPROCESSOR
@FIRMWARE= 3087
@SPINAPI= 20191127
@POINTS= 128
@SF= 21.670000
@SW= 127986.351562

[DATA]
16694692
-4003382
16293420
4862523
10761405
12295722
3454880
15201585
-4990805
15196534
-11834368
10938839
-14695418
2607695
-14690124
-4211197
-9419224
-10696196
-2364493
-13754823
3792408
-11650800
8865353
-9272167
11975219
-2856044
11465488
3394641
8295554
7534915
3698820
10037879
-2801511
10571626
-6440377
6816407
-9670178
3719030
-9001174
-1517397
-6138361
-5776135
-3506866
-8203344
1368151
-7471227
4235370
-4663000
6339149
-2858481
6280190
791957
4894514
4166637
2502290
4146242
-737764
4854413
-1478026
2561225
-2677375
1552761
-3944617
678609
-3600985
-718550
-2676389
-2704137
-472229
-2376586
803522
-2255289
1096894
-2081622
2044532
-1662946
1718253
53193
1147816
39850
1443796
1303816
618317
2348736
-720171
1909188
-1068725
1770697
-426326
1065320
-1079727
306095
-1439619
-780076
-1163648
-415693
-1029472
-721841
-58979
-1274544
19952
-735462
800830
-732084
2231901
285456
1809712
217319
1386959
233117
837312
390873
-123598
972697
-307260
1292972
-435990
326052
-1102640
94880
-325193
279597
-2030633
-653838
-593639
-1321760
207446
-482289
406671
-1277265
1102583
-234797
1335478
-254836
99562
195053
-28009
1479857
-724981
372760
-238084
912760
67192
18583
-762128
-885977
-704447
-558145
-389064
-1062595
-72812
-722000
-123967
-765717
-280840
-677483
-80835
196418
410134
349572
815698
-290838
638868
522457
-12560
266490
-490307
95431
48332
18631
456821
27191
-1390365
377616
186541
-1054869
471641
23076
-146428
-204516
234445
-301990
603821
-26965
235337
-177898
312410
178059
-242614
-409120
-385359
-285245
-487419
-357629
-955564
-1456495
669662
536994
785108
283789
-211365
-4836
300531
659789
-784874
-244345
-789353
-821648
-889006
278296
-651523
-976518
80416
400835
854789
1445763
518121
819706
756558
362771
509821
-475482
-353901
-1045133
-523130
-628444
-436880
-364523
-871613
325550
-84096
1267936
-923417
588870
-219887
-40666
358599
-760070
198679
-797702
1115716
-391789
-477214
-46947
-663209
-580516
-217864
542599
-1126134
173394
-88786
419768
-82671
1722264
549126
-670452
