#SpinCore Technologies, Inc.
#SF in MHz
#SW in Hz

[HEADER]
@CLASS=	RADIOPROCESSOR
@FIRMWARE= 3087
@SPINAPI= 20191127
@POINTS= 128
@SF= 21.670000
@SW= 127986.351562

[DATA]
-3936345
109465
-3298289
-1857273
-1899361
-3887770
50901
-4441717
1796139
-4570379
3467283
-3704547
3149425
845868
3619037
3332446
2636207
4230791
343463
3698556
-1736249
2745939
-3243402
3092478
-4385329
-808859
-2945545
-1929013
-1147834
-2998466
1299110
-2341610
1031831
-2093952
1016653
-1100102
1642427
1090621
1701235
-932687
138752
2259576
-813661
1880268
-707882
2778854
-2828611
1231929
-635061
-230961
89473
-1210454
-2638715
1434665
326442
-1421659
1048037
-865212
2277920
-619322
1917471
-613124
-744595
390670
-783307
-802954
642427
1523611
1411393
732918
436703
2012368
-1294088
322149
-1991033
482020
-2769991
412961
2709658
-1101767
2054930
-833834
-132611
817378
1227917
1490370
-429278
-927832
1765946
-1638114
186976
46463
1905750
-652908
-397120
993447
-2101651
158973
460590
1135704
-1860566
-1430912
17335
73387
-1414860
614602
1676241
9224
-1235561
527567
-322222
-843290
1734141
604241
670761
-735570
455426
1170718
194107
45245
377906
-534635
-1486726
918231
-187653
-514780
384525
1153609
7633
-754053
-176814
792189
-689089
-519556
711405
-1171502
-155139
361252
635369
102837
-791065
901067
185542
-769333
1067552
34963
1152962
708052
-429846
-287218
-50666
991591
-1528113
336406
500068
355726
629644
-72735
-563072
-898614
-232450
174117
-320147
-93166
846933
-1126567
-899622
1228145
156763
102707
425523
-570455
862211
-383153
136543
1969440
-1266637
-226263
-844713
-701556
-568230
-954673
1540850
-1751904
967271
333260
-44521
1889196
1568694
307768
-854459
-1007995
936377
-587085
652966
-48417
826799
552356
-61201
809793
-1860980
522486
825741
-281875
43536
-1701356
-807234
-81076
-429607
452250
-1566061
-925668
-659034
309750
727886
423049
1629632
2349798
446037
-491247
-671352
2135586
331447
-767789
2305730
-664153
553693
-78445
927362
979955
597663
-366718
-1564516
-899800
-177512
-1283242
876797
-1345495
-242279
757451
-57922
548376
-625326
-504165
-1633099
-506999
921769
-1122729
273034
703828
-857271
844231
1257452
1778724
128763
-340111
