#SpinCore Technologies, Inc.
#SF in MHz
#SW in Hz

[HEADER]
@CLASS=	RADIOPROCESSOR
@FIRMWARE= 3087
@SPINAPI= 20191127
@POINTS= 128
@SF= 21.670000
@SW= 127986.351562

[DATA]
-6501160
-611412
-3781337
-1665202
-3851429
-3167507
-416274
-6156665
1335519
-4007711
2891812
-3150502
5903162
-1682557
4172496
4047757
2906487
2223415
619939
3096009
-1348451
2834989
-3312114
286364
-3668316
2120328
-3479065
-970985
-1713175
-939372
-349008
-1493332
1590110
-2542336
487974
-2129416
2032913
-2423994
2711541
-1613593
1739348
681180
228443
2660543
1731607
2795080
-1396480
2421823
-813634
1328857
-2135397
-977205
-704221
-3461876
15555
-2510580
72634
-2727671
909695
158860
1022202
1032921
947681
110710
1020067
462656
-31178
523890
1159196
-385036
15883
374287
955460
-211766
-720897
754801
-871229
1336747
-1445276
874819
-1666345
-1046127
501375
-8774
1113861
-1017552
520633
-1585806
659574
-840000
286314
-25641
-224125
-1048035
-2656128
2272870
-604018
-756073
1208497
291743
551989
159337
2211132
364341
-344511
-215362
-16671
-1217601
483317
-1503374
-3549791
-1667001
-1580697
-573260
-1028368
288069
708036
1132718
3276952
742171
1621952
-331437
1391505
-645750
-2099497
248657
-3891422
-799493
-838122
-30203
-3287736
-609046
-318808
827805
97860
687166
-297982
729941
1332782
-720411
555798
-598221
15579
-1524577
676497
186363
-1605786
-296134
-196471
918702
-905559
2251797
-793424
259297
881567
64019
-507600
-2043652
366291
-1116068
642666
-479223
-2127677
-1459176
279393
-124181
389018
1270997
-849158
377042
1397739
2256277
-620962
29899
-136832
65848
-634614
-397192
-414248
-1352419
81151
-339309
364703
-1189977
888102
-167020
178005
1052537
125667
338583
149041
2001319
-1143918
-171815
587600
-1265499
899928
383823
-1899846
-1672909
809039
-13503
-1411227
950922
933552
35828
1383134
1053941
-216514
-892517
1424586
-189255
1391498
1463924
-48184
-1761381
681354
-633804
-1365028
325956
-1685114
-1468158
-274516
2561675
-820725
777241
45182
640308
497328
348265
286220
-2266130
1104176
475248
-1754788
1241372
-355945
281956
-34665
2795038
-603500
-313965
1205030
-260633
-277243
1918740
93875
-687635
1058015
-418807
-2163534
-37852
-156318
-983714
-239010
1000348
