#SpinCore Technologies, Inc.
#SF in MHz
#SW in Hz

[HEADER]
@CLASS=	RADIOPROCESSOR
@FIRMWARE= 3087
@SPINAPI= 20191127
@POINTS= 128
@SF= 21.670000
@SW= 127986.351562

[DATA]
6455145
-1701255
5187380
2482631
2925171
7931990
-120437
6217552
-4449490
4900626
-4877627
971427
-5194965
-2986318
-4330321
-3087232
-250204
-6057191
453640
-5032047
2844865
-3857409
5024333
-2339374
3772210
1746874
4472742
2922308
2470911
4414444
-1504857
3332853
-447586
1465700
-4445554
889737
-4661898
-1117573
-2244070
-1956728
-2858303
-3627189
2916854
-3636882
2210687
-2503312
4021848
-1937130
5009446
1116042
954258
1831310
-1030575
1479717
-943041
2908363
-2057218
1419797
808085
1381502
-369109
-872122
-733423
-1920617
37198
-1360557
-2502829
-340151
-1032449
-300717
-171365
-718603
367979
703909
724857
-590592
2053746
916708
172710
1091655
-307155
-960723
-1266330
-319765
-1105359
-450821
-2145442
622967
-1016164
796267
696749
-486740
1107850
792599
-74677
-832379
1181152
-2153275
-1099960
-419115
55809
-2569903
14823
452574
-561247
1328994
349009
789630
708517
3736963
1598813
150798
202655
-563061
522583
1143251
-560806
-1620793
-726333
-1288723
-1771343
-145484
-758585
798817
-842234
1724614
689706
1063251
898375
181864
-281441
-489067
680449
-647051
-34326
-935763
-149485
-841662
-1560842
85351
-141612
1996524
-842668
2536776
379502
528692
2621702
135255
1063618
-2238331
727049
-1713072
130403
-49693
-2345025
-293464
-363338
155510
-1628539
227124
-813296
11482
2141793
898058
1198351
-1044249
1598336
-1074165
1769252
-600609
504092
-1852282
-938638
1072639
-1450019
-500597
-604116
27006
1595101
684596
2205730
311977
2500877
1212188
1025134
915769
-113338
-1234266
-1643252
-605750
-2151721
-1301097
11159
-985734
-792026
233789
957909
3327219
7713
1550825
312342
1648184
-894114
-358878
-1721363
-782795
-318075
-1469975
-1491536
-1529676
429217
-483228
1439961
575426
1069471
276197
1040333
1359702
-318731
-333218
995453
-1305722
-339190
-1875684
-333969
-1757333
1198235
-1018542
-1136325
1266805
539880
126986
391559
3141230
-2279498
-373536
521740
-1108685
-107932
152811
1660248
-1882641
1228980
-425443
325932
474137
1437703
979699
655670
36570
-2999859
655362
114586
-595087
755509
-1385966
