#SpinCore Technologies, Inc.
#SF in MHz
#SW in Hz

[HEADER]
@CLASS=	RADIOPROCESSOR
@FIRMWARE= 3087
@SPINAPI= 20191127
@POINTS= 128
@SF= 21.670000
@SW= 127986.351562

[DATA]
1340998
-100792
1135171
505601
-727672
1347269
699726
951901
1023787
3070347
-1241985
1564677
-27492
531812
-127603
497351
-2245244
-1422866
275389
-1133230
629993
-1003083
-514966
-156214
1329603
69693
652978
-981374
792377
616135
434450
-139072
912716
1696689
513332
1823972
-1478078
206863
-1005591
2258790
294383
-86040
-2069967
-557600
268256
-377510
-847393
-742515
379484
168817
3015192
-339761
586947
1765869
1430034
-593550
-1407571
-891969
66080
1737436
-235561
113196
713356
-446389
-605372
-53557
42823
-1216115
212011
1325076
1599290
616966
804904
-420316
-97550
927413
510831
48330
-802404
-575748
-1294436
1842555
-182366
-1794593
1093123
-558983
997195
281731
-569334
-1062269
2242066
2444414
-717805
-385783
-588507
88532
-66480
1043509
-1207941
-547041
256069
-1024828
576287
-804169
636027
-168076
984339
-503654
1120536
1509515
-1233572
934037
951812
-135371
-940791
2465874
-987998
659180
-401957
-843949
592660
-540667
-164168
48696
1541619
-901683
820488
-528634
-1208940
1951776
-145484
776698
-91115
904281
-822667
1592661
-317803
583654
455551
92798
-402214
-1877979
-97334
-542705
78154
-313055
1153110
47649
814830
-378216
-410660
431136
-283663
1968798
-273577
593289
-1950936
1513433
-1318641
-608808
305344
-650004
672041
-99873
467004
-1598910
-325100
-1766866
212109
1562708
-296522
-318098
-1625648
1536882
522350
-1086460
-1052720
1120631
831655
844238
256169
-181441
744503
857342
1628604
1160979
697358
-710678
-528724
-1000046
710663
-1182225
-1120531
-846387
325764
-561086
-928571
454153
1727733
178476
518855
61521
894972
-922850
-434776
504734
-306897
794369
686232
342155
-500437
1318045
520863
1631269
826537
-31497
-7583
-864192
-703348
327114
-446154
-1045
-1055146
2684006
46261
1685398
162525
-44453
777418
475062
-44045
31837
487158
-496542
-560191
26372
-201470
1233284
1481607
-506124
165485
1320630
1144649
-465079
-1332964
457801
-93061
2184176
-185247
344373
-1330710
651705
1729108
-1106110
-459775
-58128
