#SpinCore Technologies, Inc.
#SF in MHz
#SW in Hz

[HEADER]
@CLASS=	RADIOPROCESSOR
@FIRMWARE= 3087
@SPINAPI= 20191127
@POINTS= 128
@SF= 21.670000
@SW= 127986.351562

[DATA]
5462650
-2517934
4716852
2438564
5234351
4759063
1887823
4956827
-2909521
4893437
-4934487
3389068
-5586966
919687
-3868735
-2609059
-1307828
-2724049
19362
-4193997
1198370
-3208788
2982316
-1816694
3463779
-1687055
2944899
440603
2014861
3462077
818188
2720531
-1599826
3400672
-3434377
1882835
-3088982
455983
-2579782
-1495654
-1175876
-2402434
961412
-257400
299430
-1922743
3672059
-374033
2252770
-1612869
1368021
-2275950
982076
784088
-1012397
1817848
-531012
2179864
-1658640
1084048
-723422
641827
-1456415
1592089
-2114680
-1270285
-184971
367769
312838
-1340217
2027983
-1317904
-644812
-1029713
-1140388
-949870
864819
-191001
-898774
-334054
1850597
-148345
-681210
925770
-93887
641486
-508755
2578662
-1334717
1286052
-1131622
-1191003
280449
-1870966
77431
-650199
667970
-757669
946921
703637
390704
-1509747
1167431
-849025
-1842143
100579
1199812
-16236
1793468
699459
255431
1103709
181445
1525172
-962384
1139709
-1242217
1098433
-77735
385979
607303
-1395763
2150349
232858
-1476715
-715901
-90381
423580
-1643565
701750
758048
-419617
2304970
1575082
219378
-1403534
744552
148852
-1013947
286100
-841324
-514426
58898
1544232
-1008423
-512007
-375021
-986823
-1733553
-532861
-186716
-106804
482616
-98004
652765
-117969
1344947
-399878
175915
362527
1294502
-134927
254926
1785681
-1193870
-533112
1424243
-1009224
-1060097
284114
-223626
57715
-340183
-466186
375309
1139674
1540218
170092
585370
1501449
733082
-859196
1103729
1269873
181445
-402479
305086
-86056
-204145
996952
-889178
-776285
-699802
850844
-294944
259213
1244107
-90271
-202836
1629662
903268
-244236
562319
1482418
80542
111415
-611397
661628
-385187
-1350579
329652
-98565
173778
741546
-391057
42715
-76937
1848701
-1565748
-351799
-152175
-658388
485135
771760
242596
-630594
174929
979362
-1534726
768652
-300753
769083
-155950
-1330394
-1324120
-625153
967498
-269943
813897
-590990
-297741
-467158
-430287
-1075778
-1278089
937038
346455
-1327709
-437232
1068075
-1558564
854413
-287025
-976113
615230
581538
