#SpinCore Technologies, Inc.
#SF in MHz
#SW in Hz

[HEADER]
@CLASS=	RADIOPROCESSOR
@FIRMWARE= 3087
@SPINAPI= 20191127
@POINTS= 128
@SF= 21.670000
@SW= 127986.351562

[DATA]
2632191
702560
3501066
1270474
1761147
4505259
-385669
4006649
-2295997
2602037
-3198476
3349872
-4218022
344898
-3938110
-1257353
-2559165
-3642085
-984173
-3982181
2666603
-1806682
2446088
-1891800
3766745
-1166800
3066480
1107833
979361
3139574
196142
5049165
-2430106
2255555
-1956240
1736037
-1234472
667326
-2374658
-1246602
-1186442
-1515981
-739125
-1583553
466625
-1813472
3122528
-685943
2243161
-185769
1992435
700748
972761
219507
-256769
1163452
-14692
2098758
-221532
1995100
-1877187
-18304
-405501
544376
-570723
-430227
-280664
-1219889
-142369
-444121
135689
-614061
-46536
-706678
585716
-221645
962701
876218
1676153
339787
59405
557201
234876
932227
-179960
-609847
-545997
-1198060
-1715123
395942
-504398
914615
-1822343
177029
541639
438341
-656836
646353
85
-1193295
1587616
-1047258
-1368241
-1241256
744130
-1284662
1124406
544051
-1825513
353408
1800735
121486
-524530
951181
281590
394175
85496
1639976
-898369
-683594
-834833
-1468348
1572385
653475
-1288188
-1630741
993188
435470
-1235794
276226
1459067
1202575
1135034
22710
-1178350
-962214
970455
1222023
55279
1445715
619875
-951634
978039
1433882
-1316837
-32625
180851
-931667
-899232
1673363
-771681
-496152
773132
-1022948
-659883
15117
-154365
267821
1524634
230980
-2201505
-291206
344742
972643
-299712
928627
-866346
-159981
385278
624525
-536166
-927079
299321
172817
-277271
1173555
481252
-3086014
-632068
105374
-993429
-576581
-263368
154829
-145829
2212153
1016274
-676919
505045
530367
-574827
684304
426727
-1899716
-327883
-606115
-860695
-935618
902537
-1326963
-85754
1363424
254628
-88537
-482762
-967919
-197207
3023665
1074531
-495377
-890727
996668
313261
868331
1392236
-1565087
-1845832
5377
1577283
-486468
-55955
-531389
-826463
2019684
480941
381063
509865
-746780
267810
539460
1027988
-2024461
-858233
-601377
-373332
-173657
1123783
-107927
-874213
-151104
-242500
750566
-1072948
1200905
357891
-538978
1056371
-150266
-255677
-1601451
-309132
-684694
314051
-32193
-416086
-922906
