#SpinCore Technologies, Inc.
#SF in MHz
#SW in Hz

[HEADER]
@CLASS=	RADIOPROCESSOR
@FIRMWARE= 3087
@SPINAPI= 20191127
@POINTS= 128
@SF= 21.670000
@SW= 127986.351562

[DATA]
-3414016
1671600
-3651151
-1031130
-3008667
-4265719
680057
-5690404
1497395
-5318954
3874472
-1855134
5415134
2030730
2656580
3111463
1152776
4966575
-1204402
4494358
-3462799
529964
-1832791
-1383706
-3155278
-370934
-1258505
-4057759
-1713162
-1331280
-1492139
-1610240
1944548
-1488339
2625207
19345
3275485
-1008798
4453803
2486494
570679
2185586
412755
1792475
-2431378
1728112
-3115855
-1428795
-1726484
384609
-2282319
-2567883
1497194
-988791
787924
888749
1370367
261402
1419802
483914
325684
-1682329
2048555
451281
434076
-324819
373304
2858020
-1306708
619735
129825
1255625
-1018223
1276546
-1436879
-1029521
2251330
219362
-220036
155675
354973
-1223017
-37809
-47476
-292202
-358971
33344
-233641
-740087
599172
-247437
1189006
1457714
-494192
-242550
684254
-22623
-1021585
1638812
284668
-204982
-676618
739171
578488
600271
223178
-428880
-1039124
602646
-299943
-965827
-1326705
579895
-1152666
-387413
549154
-695223
14267
-33527
602322
-1855691
522079
496426
936640
638985
1001204
156262
-2340262
-798771
-1083936
-621832
-1172556
-1254872
-919603
-1766015
860074
1506789
-278737
223624
2583325
642187
-774219
2056747
330789
-671276
380156
943538
-865493
-620920
-570888
-1291291
-793104
-171417
-194867
-1520050
1751851
-36508
-779373
360065
1439397
430116
-26289
1238581
1186277
886245
-1455395
-1273129
-604224
1081697
296746
-274660
-2001372
-678612
-1175413
216337
231956
-634757
-342823
-167884
364047
71698
22509
12530
-226305
742223
613827
-162649
-174368
143543
-2001479
397346
1096025
39785
804818
884614
-903295
-447672
-711865
268760
-438717
346593
-94305
164998
428810
1587022
1920169
-1044039
790096
917394
-282272
1478170
903483
-228686
-999332
331456
-1370341
-349213
-130677
-517487
48608
-186536
-559665
-170286
-981553
-1967515
891030
76039
504728
1095020
177393
-403031
-2125469
171554
-414944
-720952
-269201
-943037
-1069643
-4563
-554325
437346
577998
-344537
805188
320366
1135643
1309735
431278
927017
223622
1249551
-673121
132241
-745437
207776
-339998
