#SpinCore Technologies, Inc.
#SF in MHz
#SW in Hz

[HEADER]
@CLASS=	RADIOPROCESSOR
@FIRMWARE= 3087
@SPINAPI= 20191127
@POINTS= 128
@SF= 21.670000
@SW= 127986.351562

[DATA]
985630
149091
2004320
962373
2505127
-667043
244781
1150660
-310332
1130507
-1450836
230051
-2187778
436415
-1517521
-598297
-905001
-1489628
-1142025
-3256697
765951
-1363779
1067138
-1980507
631908
-414812
2058784
1470065
-249331
358684
-298838
1468336
76237
671563
195679
-201001
-483382
-416115
-691939
406281
-1099888
-351210
-429932
-530885
-192708
371270
725384
-514630
235256
-699911
1616952
-144850
-294382
-1538892
-144232
995835
311213
-5879
-1436042
473510
117010
2328384
-847019
-529983
-1070565
817302
112114
-184337
423296
-1157298
294630
-222856
908515
-118559
-696719
540724
610987
49410
-1315406
249323
727544
691463
149900
-708151
-9240
121828
865814
1350180
-179282
1157173
135620
173994
-34304
147058
-286603
-1072594
60188
536646
-360494
-483101
-584816
-567973
441707
-94638
1113151
1419173
1032018
599832
684286
-593484
147615
619993
819156
590892
-1053888
-306820
1317007
298110
1098608
605812
-1434310
1214850
-332581
236523
277863
-436535
-303245
411255
935110
515833
572222
-1442791
9556
-364906
-874151
-405325
652267
-303153
-505762
-142717
1080318
-71615
636752
-84727
448058
-2061397
1362930
461616
-70484
-1514213
190377
1159276
505576
1475466
-838306
1582799
-262203
290096
-1157527
-1668597
716430
-199695
2072930
-611003
316194
-692834
-792358
1264379
435630
1750080
115325
466452
655445
1548326
649043
-1225045
911408
-1479678
-184529
-2202774
-491212
-452909
-1879062
64766
-987670
-884278
-323702
1327880
-1646950
1244428
888221
772311
1081800
1198616
1369520
-1398645
1149243
-1621387
388018
-1762751
-655600
-111
-2354873
1229927
-519222
347133
748364
2187690
-740489
780679
1664406
-284774
560835
330924
456694
-663998
392132
-2100914
-619688
321779
-2341187
-1169967
-1041869
1092601
-1348716
1064221
361165
1956584
154981
365334
378048
-443741
1684324
1155381
1009119
-297190
-1074377
-585299
-259501
-476354
-1883184
162986
-1586224
-112527
679435
658602
-457962
1084537
1208263
167231
736650
872334
57577
-370983
577943
-1699400
