#SpinCore Technologies, Inc.
#SF in MHz
#SW in Hz

[HEADER]
@CLASS=	RADIOPROCESSOR
@FIRMWARE= 3087
@SPINAPI= 20191127
@POINTS= 128
@SF= 21.670000
@SW= 127986.351562

[DATA]
-821965
-1279615
-1180470
375385
-125710
-1384120
-403506
868352
-2407805
-1230500
91772
173884
-1282051
1652158
-72750
36266
376410
779276
1219231
1299582
-690864
326944
683183
302751
605289
-2350280
687292
-985295
936733
245937
300661
-609905
-826193
-1762327
-206544
-686383
-755885
479603
990310
339159
-291603
1576984
-1874562
804449
-212282
-142316
454205
503839
2356821
795821
-30038
290655
339787
659889
-1295889
1000050
-717182
-1790172
981798
-765880
1065066
-471752
2554812
1284768
595625
1070890
61289
-807375
-172299
-1490705
781573
-1222086
496003
257602
-317189
281913
-522238
-214063
491287
271525
63303
942123
-5090
-771352
1614036
-810653
-1098044
227288
452329
756245
-945155
-1117845
-987904
-1811039
859969
1064961
-1130502
-937531
-673773
1538889
-1117561
293636
230949
-864465
1384630
-130322
1784296
-160469
-757588
335606
1613687
-350189
669450
-641945
902396
-1131451
483161
-31890
916792
-904796
508448
-366919
-1849849
-486270
-216984
-1378456
-2101467
-624489
511918
-503189
-957298
3121000
137441
260224
-108108
1264164
97477
506027
180835
1118604
74323
196932
993967
-646035
-417316
557446
102756
-1772366
1181192
-1560842
-278977
-528772
-151203
-197272
-1451382
-754514
58973
212861
-347563
-893134
767706
837323
1080785
1289377
150779
1126212
277060
2284668
1483303
587175
1377548
-2070605
936661
206105
762778
-550626
-243807
-1604700
-306371
972932
178337
-1991894
-413515
-147900
-805506
-57473
254458
170990
-2026167
918340
-273170
1187604
194614
-1531463
377875
373314
-228891
568376
1053096
-773185
-1071022
1153956
475872
-1589161
-508930
-726298
-465985
-82657
697095
2102808
-201736
-743816
-701755
-192026
-450866
1101018
-626151
32784
-792349
402037
-157380
-1261123
-317201
-268211
57379
1445857
-573775
89354
306913
775054
238187
-92233
206955
-593002
-153228
1041414
1378876
-688727
-192503
593555
-348743
15240
2210131
118826
-350979
592146
-1600399
260549
302733
300397
1032586
382293
357167
-230389
956067
-922334
