#SpinCore Technologies, Inc.
#SF in MHz
#SW in Hz

[HEADER]
@CLASS=	RADIOPROCESSOR
@FIRMWARE= 3087
@SPINAPI= 20191127
@POINTS= 128
@SF= 21.670000
@SW= 127986.351562

[DATA]
6437514
-2103488
4197638
1948031
3540950
5443279
-547275
6371251
-1280021
5081785
-3374575
3130097
-4333707
1130117
-4159311
-146462
-1884620
-3837114
59682
-3693832
1152444
-3717036
3113170
-2114825
4906027
239316
2554646
1360315
2652946
1208420
-512994
2919258
-1119714
2538624
-1893352
2746183
-3868706
679542
-2987468
-577573
-1947973
-2654254
348393
-1687024
250521
-670908
481760
-1055562
1677579
488551
1994597
1301690
2985810
197103
-230018
1751750
1476990
2036605
-1209979
1249897
-2703236
440596
182485
-382579
-1724865
-1348529
-828134
-896893
92667
603726
-166094
-628617
962676
-586509
1998150
730858
1202482
350249
399335
621201
1001860
2157801
1193488
-756522
76398
300150
-467192
-1138720
381558
1969252
-1777565
-222778
-2003395
-592541
-2211281
-118813
78325
-2246680
-183087
489240
-1069307
1187786
390274
-546273
-677980
-573929
700337
142509
964344
-1082399
151313
1192273
589016
645311
36643
-215519
-2546345
-259852
963389
-871573
-112750
451402
-523164
1423354
248184
679752
661129
-557914
-1358126
-1120820
2067629
10942
-165861
-2579504
931696
522319
407294
939414
-1504495
-1833146
-732156
658001
-680913
44350
416907
-338237
-22088
2247300
-863268
-1567276
374463
1682679
1335499
470488
2305938
-1267294
-565704
1682780
714205
-839234
748618
451855
-559223
-1749606
1240372
508934
62928
1687876
-464821
-1388454
-1129179
286912
-359583
-957033
847538
299402
-1904010
381018
-624061
2674614
1435401
-379761
-1463298
-1198496
-987510
1353312
850696
-348076
121129
366875
538715
34603
605463
84314
-342972
605780
-1814779
554018
-134175
26697
277108
532118
710249
399408
100360
541036
-311289
225926
-364233
-395253
490714
-1094325
2049942
624255
828482
29969
-362827
724327
67025
867126
808563
-1690235
-436409
718106
-1318028
-194080
2471730
-1290469
-672123
-1895929
993971
398202
91741
-398784
-1314194
-814136
-57113
777998
593366
-22352
-935778
-776872
98188
2576085
1730373
1036451
23387
18758
-899903
358888
64355
-517938
-145146
-699773
-1992350
-85461
