#SpinCore Technologies, Inc.
#SF in MHz
#SW in Hz

[HEADER]
@CLASS=	RADIOPROCESSOR
@FIRMWARE= 3087
@SPINAPI= 20191127
@POINTS= 128
@SF= 21.670000
@SW= 127986.351562

[DATA]
4699873
583260
3544659
2538975
891370
5842380
261106
7281235
-3376964
1978464
-3906513
2314517
-2058819
760733
-1786444
-2463182
-1300836
-2908480
1209164
-4329491
2316914
-2707416
1947157
-94738
3142562
284416
2886220
3274479
1352761
2852715
-1285
3303287
-3009053
1445945
-1237866
770973
-1236982
-1651900
-2232787
-2946640
-116281
-644235
-240301
-1383053
1636052
-1686469
1130173
-1001071
3020830
-105603
1976891
1533698
-677664
294321
841984
1755383
-1512141
543789
-1726729
-480133
619403
844876
-212059
-1513816
248774
-59238
-209480
-317367
2032594
-2351388
834429
435111
953021
2012146
821195
569648
645102
1165098
-567297
217460
283093
-261600
-1059877
-631562
-1470044
670781
-841476
1324807
-1829957
-128794
-1249825
-1069237
-17386
229048
-1038764
596220
1468832
-1195835
-355720
205008
97012
-1181657
1999434
643105
-1403141
-372893
130877
-1101533
-173887
1118275
-2005209
14072
-927305
74933
-711547
318899
-18113
-211503
92838
-279042
136426
35633
-554760
168429
283831
297917
-95131
-1852835
935171
-262206
1528799
67366
150613
370245
-1407146
948621
739397
69900
188188
1261021
388864
-701940
1378550
-1312414
772808
1126707
-798034
-1336470
-172172
-72748
1162444
-1961143
196125
119449
-968208
-4862
-402561
943963
116888
-281481
291212
269193
396222
-30984
1399974
-200681
1685127
-68818
-1582242
-253889
-742073
-23756
-468046
-667477
-1236679
-1711734
878909
842463
-588582
-488707
1144373
106443
283919
449637
-1677291
586958
492924
26960
-618337
-1312230
-350516
-940777
1970647
-1926750
-1017944
-1732091
324056
1604505
-271281
1594278
361816
-990473
-220745
2443636
98160
942890
939521
813548
966599
879021
1132437
98654
466519
5691
-230523
94962
171775
583788
-661265
606441
-843494
-653578
251927
-931512
-600315
274246
295892
-368475
-417952
663817
863033
-126674
1782665
-300852
-1203399
1696627
-1118206
-796476
-759863
872727
116715
-2019460
-988755
-223823
122107
-966558
59624
-15509
673192
359300
-50495
-333534
1181703
1007722
17757
-655058
