#SpinCore Technologies, Inc.
#SF in MHz
#SW in Hz

[HEADER]
@CLASS=	RADIOPROCESSOR
@FIRMWARE= 3087
@SPINAPI= 20191127
@POINTS= 128
@SF= 21.670000
@SW= 127986.351562

[DATA]
2035181
-1345491
3256359
701819
545840
623472
1959
2981251
-1417252
2085304
-1031016
1704412
-1102112
700806
-2206359
-317938
-1542965
-1201726
408804
-1952361
39811
-778482
1416477
-1458273
2206817
-470806
2112925
180710
1597528
-1304071
612150
1287347
-1310680
2239884
278674
261852
-1213908
474735
-1170974
307098
-1446052
-271498
542093
-1418253
1871239
-1476345
1000386
201315
1064084
-155889
1573286
1092260
-1512213
407394
1079432
230881
-1393682
-253167
916492
276814
-542502
-454079
-480405
1271619
-1039354
2005668
-994754
-2049274
605507
-833485
744228
-926599
-763456
-1033270
183675
-82582
147005
636380
-1043557
879845
-880203
-219404
27974
1018181
1050010
-882591
724413
-701379
677721
816050
-963512
-65001
1293350
-1001752
-1734830
541447
-329241
-1451177
33171
-957850
310992
-965322
2088522
-1320944
-1531684
492777
745258
-1272775
-284874
-1191804
-1921926
-192730
442312
-757823
-569349
992470
-910284
838473
2127068
405678
-996240
841389
680476
901899
-1084385
-42223
-997944
-1665193
1304753
280585
-2293830
-187556
103757
208183
252568
403123
514
-2247118
-166673
642337
661502
-1835060
786148
-788516
2045513
1453493
-1178945
394715
438492
531968
-579017
1896998
-1425205
-1695286
1240944
222030
-106469
-157944
1847348
-164937
-249810
1429696
56378
772016
-1036230
663138
-143120
394986
-982888
1153774
414793
-317963
-1169507
606444
693827
638489
562540
1127411
1094493
-355695
555528
-549192
169146
831640
-941809
-430918
-417192
-1216544
-216708
-538672
-1619745
784191
731433
-576427
-1706691
1243370
207462
30881
701246
923706
-1681866
142751
-299323
-121042
-761709
-718989
-1174904
-126526
-472015
-123543
267032
2747235
-426272
514445
728438
-302007
1052990
-160697
599822
-1730199
1722760
-149365
-1564315
841732
-277183
-3782
-936928
209868
-1782456
580787
288070
-798404
-955389
974856
662560
677824
608306
1335310
-2017532
798471
1056965
-1232341
-1106206
1027660
-455106
-1904116
2314296
-138276
-441099
-710719
833810
-154704
-1245477
1237665
-1207419
-96726
