#SpinCore Technologies, Inc.
#SF in MHz
#SW in Hz

[HEADER]
@CLASS=	RADIOPROCESSOR
@FIRMWARE= 3087
@SPINAPI= 20191127
@POINTS= 128
@SF= 21.670000
@SW= 127986.351562

[DATA]
4487120
-968241
3474309
1621118
4507431
2783489
7071
3994514
-1989925
4096523
-4323147
2580088
-4558718
23594
-5362941
-193093
-3561141
-2649492
288559
-2593821
80171
-3056493
3555125
-3444838
3721635
-42896
3562375
522193
3094231
1929620
-101445
1481518
672281
2527280
-1424798
3431269
-4097251
-298755
-3398998
-1565603
-2972772
-1056005
-1240646
-1727831
-457624
-2013449
1587415
-432283
1726604
-1800640
2557414
923077
1345563
3018824
516590
404981
-744270
1747065
-2503315
796663
349339
1370755
-645841
-494749
-1804199
-1813797
-1410017
-592846
-322495
-2175079
40748
-2274879
405159
349327
716499
-1217030
-364004
5064
-1414823
1131604
1706197
-113995
354420
-59375
124846
182158
1082510
2114763
-326543
-1738647
-1924993
384159
-659582
-1080615
323473
-1277010
-699785
184078
789117
-162310
1370371
799322
-689209
-188947
-713832
43393
-21207
-1357524
-402934
-417381
317269
430455
854507
-1502050
464950
425335
-349800
-136789
-877247
-741551
-1311893
-233017
-500464
737871
-1368682
822639
611363
-458395
320715
-1172940
280452
656741
1026444
-687418
156230
46320
-718061
305457
2185934
-51344
-510923
1250583
17835
1657147
1574327
-372412
-2438473
-1099491
354695
214027
-378333
-675706
554651
-864070
1211942
1970060
1307017
-1351549
-229856
-936995
-905151
706323
842411
-1250526
-549029
-82285
-687795
805706
1902119
-1041637
-1056565
-671548
-741894
632686
1695933
-635361
443070
-222974
-189027
624232
-570683
562287
542171
-1811735
4469
274221
1055455
-542476
6250
614163
-1235841
461564
493634
-705110
2085705
-626517
960292
-2431920
128264
106914
-1231459
52608
-395965
-660895
-903246
506026
574681
283848
1016698
-1602111
-603317
1873763
1627456
314749
-812310
-913609
-714514
1051966
1456797
-1076799
3014080
-1045910
-763625
1308298
68048
1658177
-389839
-1565538
-653589
-10417
320674
360014
354588
194065
-259379
223998
-148631
1272343
-266456
-751118
-78700
-1780830
20024
1040225
1626131
1539190
-260858
-311728
-1232661
92137
1243811
-865339
-44797
-1893642
-925757
-514908
