#SpinCore Technologies, Inc.
#SF in MHz
#SW in Hz

[HEADER]
@CLASS=	RADIOPROCESSOR
@FIRMWARE= 3087
@SPINAPI= 20191127
@POINTS= 128
@SF= 21.670000
@SW= 127986.351562

[DATA]
4920092
-2422990
2833743
-286272
3178696
1807910
1450555
3144244
-1584848
4577189
-2482058
1675086
-3021331
2431859
-3960130
-174319
-3726203
-3207223
-2273013
-3282008
768091
-3946909
860879
-3825745
2114292
-1066434
4626394
-36140
1805287
2066142
-96322
1851436
814481
1932038
-1643257
1776669
-1916679
2839063
-1063013
726947
-1647401
145822
-1913015
-1791659
-1242006
-2642048
27957
-1540387
1575572
-1580368
1935214
-1387107
1338085
796267
1200725
155813
1056824
966784
250907
56148
-297179
169837
471192
866205
-1376430
-448474
-1550173
-90344
925079
1732599
687173
-1262829
361999
-826834
-237230
1264511
208069
-1741679
-381374
672801
-2147208
420257
-382589
802429
-326641
1674266
681020
468862
1044691
349617
-333465
-463161
-1038123
-663838
83642
374434
-1257217
272010
-1367862
-702784
-272979
-113134
-824632
-982015
203212
-517480
-868397
-2250814
257037
-734116
140567
1673951
368624
948287
-1117568
-544137
-1416912
1243018
489138
1452389
-1080723
-497153
-963558
-591607
-48529
-1019839
-207133
-703276
-311146
-431073
782743
24542
-791689
1089777
174579
1167605
637070
-1254134
-338919
168208
1287873
-1248790
-1210387
-1380984
225896
-303369
2221382
-462189
-968843
-69183
-286259
-45457
-1108041
538399
-1451849
73289
496798
-908581
-2206051
201568
434978
-492118
1336800
494076
-1954524
-1133690
1360505
-1538073
359184
-512029
-391613
-749979
-326351
-424316
-1048976
1988563
-401180
20896
773629
1218342
-195564
288676
1140250
-1421082
-748344
-191494
-709898
-30232
299915
-334895
-1294
-260940
-484932
22754
509948
571511
346247
949526
729691
-664197
-116056
1076877
-2542539
168201
-1447173
27750
-384961
-1078057
14151
-813385
-643317
972411
1211320
701243
1747307
1334424
-761499
864261
190913
1029440
-444498
767115
-140640
341072
-598855
-717951
-462706
255283
457033
40686
97678
676607
473016
720149
1226481
551677
-346321
164852
-855593
-748783
-644012
-207966
495450
-393446
-449243
-425163
996670
166601
501960
668853
254135
-433842
-900345
-159516
-1270653
-1248644
