#SpinCore Technologies, Inc.
#SF in MHz
#SW in Hz

[HEADER]
@CLASS=	RADIOPROCESSOR
@FIRMWARE= 3087
@SPINAPI= 20191127
@POINTS= 128
@SF= 21.670000
@SW= 127986.351562

[DATA]
-4885786
858858
-3933253
-1291390
-3124327
-3218807
-294883
-4242821
895140
-2724249
3040310
-2627039
5040180
1090599
2327455
2408915
2521429
1566722
1038648
4261709
-2021390
2805623
-2798157
741419
-1926760
2073497
-3386499
-1559510
-2225753
-2896534
108995
-2107503
1429243
-2306886
2463462
-1361465
2611218
-75768
2728787
-195327
2064694
1077750
-461791
1406487
-656384
1252893
-663337
2555446
-1522401
2000170
-413873
1832900
-552846
-1178573
-628580
-534515
69886
-1714124
-909248
-1394983
857983
-453205
1033012
759757
873138
790570
596067
1142333
12877
482480
432212
956137
-529978
317184
-724890
-313724
89888
567914
1041023
548221
1525764
-1607403
-702637
-1551626
-684292
-393191
678182
-487772
421410
2507986
-731756
568883
72977
1636865
626666
130775
-1612233
-537811
2013880
-487796
-1331805
316343
-186720
-374287
1868916
107701
-534114
1261796
-1016733
71908
349893
291979
-2389941
1338436
70177
163553
-916096
215057
1874621
-58193
1857319
-1734885
514812
958041
-519415
-2703306
-921628
2119455
1020065
1506261
-1336055
171048
111226
2026273
204904
-2159854
-1182275
40062
-371850
834581
-416104
99256
2260606
418518
1590360
-861703
1555212
-1381050
-198980
-879319
-2041232
1706273
-1556361
1057889
-771064
1771707
406466
719215
-799289
-1139096
-194044
-1657894
852447
-608670
-660797
120513
981919
-192142
250556
-110948
-1240288
2251141
942791
-756121
-1270725
-1026842
399028
-726511
-184767
-475828
639661
900448
1949807
208613
2396277
-1188295
311296
-130811
-404033
-2138124
-987028
486000
-213083
1912278
-1311061
1001814
188717
811038
1190647
-11050
-112605
488245
-496556
-771838
-1712382
633848
-992124
-169136
258158
758880
698779
124728
1528252
-410237
1011224
-1020639
-2077385
-963397
-557123
336677
-1044271
240783
-1085958
195666
1647749
-516296
719455
-529718
1229924
-492653
-1214136
-1482846
504728
1525463
2167379
830297
-536547
308902
-140258
1079431
-1364693
-902087
-1003548
-1706951
490286
657313
-980508
-148365
1323632
-576788
1031207
486800
7809
-192520
311077
297897
