#SpinCore Technologies, Inc.
#SF in MHz
#SW in Hz

[HEADER]
@CLASS=	RADIOPROCESSOR
@FIRMWARE= 3087
@SPINAPI= 20191127
@POINTS= 128
@SF= 21.670000
@SW= 127986.351562

[DATA]
3621166
-1558721
2394874
1937031
2902922
3924251
1246574
4429081
-258034
3031328
-1846143
4118574
-3841386
1737708
-3290750
-231165
-1913745
-1122020
-3916634
-2687368
149730
-3569061
2127122
-1537905
2211959
-2982836
3279834
-1745149
1779971
1413617
2013124
1536647
-19511
1942598
1001105
3147148
-901985
797876
-2647437
-483447
-2897076
-1517155
-3760368
-51993
-1817775
-2001038
916523
-474375
2643796
-1804494
-1078904
-2244429
1510196
-590980
-1191872
347852
553927
1999861
2292050
1608743
-725053
245628
817833
896655
-1962725
-250171
-1980542
1647949
-2023476
-219135
-904119
501000
1510882
-1229430
-331257
-2398699
21296
-849695
537006
-1502160
884796
1988129
1350091
538951
535658
-1276988
487422
1050842
-797233
56293
-252047
714021
-779803
411992
-801069
1201693
1731538
21834
278196
157213
-337021
-575600
-29622
-57161
-576572
1331787
1042891
493294
574449
-1933665
1760489
-339918
-1532521
-1002504
1244047
128599
-377376
-271060
-65992
1617436
1634919
-954097
3137339
-855424
601865
-1518565
599193
-657350
-1462054
1475063
-1561474
254558
1524134
-190452
73950
-193031
-992619
-1341526
-478515
-221396
-1596846
1798920
-1518137
787872
2698448
1225627
18948
1771318
2445611
-553786
111791
737452
-1900956
271152
-1522795
1377018
1023086
-55934
414122
1165783
655951
-2337395
-573748
-1409139
-1067457
824301
-767081
-477666
743326
1007779
638572
903142
1237130
603726
729061
-997804
-1445468
-750036
-1372306
868606
-930119
2426874
546900
1338264
-439048
-1736682
-723722
-1472352
-835779
-1202111
-2952873
-171074
1458795
-382588
-374519
193176
-201391
530608
706327
-2466176
-545208
-228529
-804819
623998
-1460186
-340827
1471884
2026569
1235238
541458
641628
-916194
309387
-243245
-792173
-1491875
612163
-586236
800978
897582
235515
678973
-62304
-1068810
1045889
-1461978
-459818
-652189
-1982595
498989
500415
1257887
1136231
408307
-432061
-516578
-290416
-933908
-751642
-222883
-974417
-704772
-402638
799573
1355593
1100189
1008539
-1416715
663258
545501
-303453
182180
-227648
-464758
74905
486674
