#SpinCore Technologies, Inc.
#SF in MHz
#SW in Hz

[HEADER]
@CLASS=	RADIOPROCESSOR
@FIRMWARE= 3087
@SPINAPI= 20191127
@POINTS= 128
@SF= 21.670000
@SW= 127986.351562

[DATA]
-4714506
-145619
-2014557
-2740011
-2786661
-4980573
650295
-5070467
4234260
-4054046
3132426
-1609833
4207481
923271
3530418
2671961
177190
3041415
515503
4270669
-3187041
2978280
-2805617
-139734
-1273781
-369412
-3379837
-3738609
-1844086
-1505539
60362
-2644364
2034466
-3086466
2102885
1030476
2531235
665080
2711523
1686503
-572975
4121004
-722122
833660
-2572220
56028
-2747456
302772
-1926706
-1563425
291036
-2296693
889391
-800481
-27546
-1640044
1601954
-1341718
224715
-2034474
357974
216013
1077860
865714
-110599
597339
-2063758
846071
-121833
61332
493554
-275739
142746
-1009106
303376
-828311
1184769
-828000
123348
-811620
-113520
-1403562
193824
304823
341888
1069850
229454
-169049
58656
596696
2680341
-340758
1256655
213410
-106844
1073050
-368031
83353
-1563104
-349215
-144896
-612453
-147014
-1257167
-1417928
-1498515
-1138520
-299724
-155130
1129572
-1083147
1696890
1697157
1066578
748431
1952254
1909963
-661497
1643924
457850
-1586430
-1332345
181225
189857
-1510614
1393438
-442341
-2115297
-1211320
1743682
-1277702
1260280
1391868
-279312
277466
1164325
514775
-772382
2431804
-1038441
-572288
-543929
106614
-712285
151944
722535
217485
-318158
1361431
-385511
-162009
182995
640869
800908
629226
449944
643415
-1900874
1437128
-907183
-1405241
678350
-1961289
1489254
23946
1524429
-1844363
-5735
449008
-301187
11568
986458
435608
844359
-44184
948392
-446423
334955
1500271
638749
-1404823
935448
-731438
-1772078
486294
-1321670
-595152
4876
149665
-488545
62302
-644015
-696049
128070
797375
1109344
-72152
-933969
1680529
1677079
304876
-526681
44645
-155233
201660
696875
1564071
-865239
262726
526876
-1311924
743078
-10165
-860878
-328126
271650
-47014
183477
-236897
182788
-520028
-468289
-471775
577489
122321
264377
510617
166629
1247
1538886
875341
-646003
312167
-838835
-1696580
-159041
-165098
-493449
-231784
-498607
-1378967
363050
-840131
-1324577
-405286
-879280
-1010512
264776
-846035
137474
81472
467487
-100683
-194275
-142471
-328445
