#SpinCore Technologies, Inc.
#SF in MHz
#SW in Hz

[HEADER]
@CLASS=	RADIOPROCESSOR
@FIRMWARE= 3087
@SPINAPI= 20191127
@POINTS= 128
@SF= 21.670000
@SW= 127986.351562

[DATA]
5160451
-686211
4165472
1607402
3002981
2159221
2969745
3824138
-2404015
4203455
-2257701
1852416
-3969468
473237
-4173918
-370521
-3296228
-189783
-2130520
-2434290
1188020
-2528202
1786365
-2750607
3681699
-3521817
3787901
705393
2653561
-239901
691646
1854047
-1525409
4596368
-1645706
2488670
-1060214
1071187
-2183841
1209387
-556302
-981221
-1017015
172708
-29470
-2718870
802747
-1647098
722740
-2492164
-937303
-2526449
1844869
806260
-911421
2049155
250341
1180346
787827
2133781
716995
1960449
109957
-691786
-1293341
-203537
-2012488
-1941275
41562
-778973
793126
-1329906
-882390
-722472
18877
2465256
-75813
-79743
1165104
392843
1729242
1165029
669661
-2085653
1450044
197587
-1364092
-798637
458286
-666812
-2344043
977491
-185096
-1501812
-910754
187782
-1113646
989260
416449
-271498
-797863
660197
582540
348219
1471329
-1492993
-388796
-1323987
12629
872940
-866737
428106
-843967
550402
-123113
1908544
-734154
735256
-186781
-83773
-153743
59857
-482330
-858519
767002
-1735031
-767680
316014
-2319006
-49760
-1749260
917631
-1216071
485154
216882
820571
1897522
253797
208904
-116458
-250815
1909135
131362
302068
883611
-857023
-938551
-786587
-1183867
-703370
74414
-200404
-85190
-199423
173914
450443
1138914
-434649
-349168
718041
870094
-703293
121298
710153
-637247
-1173192
1277535
440476
607991
-13464
-471423
430429
-319404
833302
379430
-143738
458550
-2196004
470355
-1227955
2328655
-1336803
1111630
515974
-680935
591036
-950355
939327
-284644
-65325
-951455
-1263441
1004114
532248
575916
-1489013
1631743
-638774
500687
-308823
-1478053
627429
-1116816
-809080
-1646485
-399063
1253542
66028
45406
1978678
1743574
284669
103689
148471
519338
286685
209990
-1479780
632601
-726977
-251800
683777
-815282
508564
-1472974
1246173
429744
2113832
-521442
657493
461247
437128
2988128
157815
1234222
-4816
686661
206115
247508
649039
-582779
-124109
-1630467
-824944
-771746
1283336
517401
273272
-604469
657518
797123
-329639
1289331
-1367558
372333
1096588
