#SpinCore Technologies, Inc.
#SF in MHz
#SW in Hz

[HEADER]
@CLASS=	RADIOPROCESSOR
@FIRMWARE= 3087
@SPINAPI= 20191127
@POINTS= 128
@SF= 21.670000
@SW= 127986.351562

[DATA]
466494
554025
1737468
468327
977768
2242098
-366093
849699
-148587
798958
-1987761
-77682
-527230
-1412181
-309659
22303
-1825158
-2759604
783928
-1345156
867807
-2202954
2150415
-2134069
3766678
1670243
984839
482302
1380930
1126850
-220185
1006305
-1050360
565396
-174913
-66744
-1205896
369075
-1003994
-987477
1238392
-124840
-1031289
-1165769
801179
-649495
1092368
1216964
2190676
-317542
681315
1483048
364858
-123460
-555026
-73034
-2150902
2341521
-917642
-597151
349499
49861
-1060727
-1896771
2306791
1293695
-178889
241763
87588
-702366
265922
-609041
-250546
-577873
-134445
270704
-422267
573543
2752131
-497850
351381
776495
-293822
-762149
2544941
-1090194
-1072165
-1246927
-873713
-553284
-37365
-60064
191527
-64526
910379
542649
-1016038
985342
1309568
463481
73778
1399774
-827662
187729
-361839
-588250
868668
-1325122
1468816
-715348
320910
-691476
-430454
-1703561
-2040545
-18592
-1295056
104461
-613493
166386
689330
-717372
295809
1079233
1953402
693609
-509433
1406476
-631642
-867138
-474460
-475600
1164346
-893178
206713
-852719
-1151852
1159343
328663
460525
-995962
910960
266364
-1307479
76888
-329674
1893721
-1055755
444652
-13462
420323
538465
-240422
-483656
-960363
-845639
481224
-773208
-1546779
-780802
-7096
1123655
-541088
656103
-204569
899227
269045
952660
1194133
-164772
-727874
563061
976236
-421393
545215
-1394832
147874
-165811
-173740
464258
-1364180
-2221518
-404651
-658039
-472193
-49187
-1241463
-578131
1242392
576389
-182433
-97085
323657
-915370
-1210803
1090872
-1261474
-350130
390126
-937219
728482
-242292
932435
-109151
-1737295
-1977587
-884612
-96153
919347
165395
-580058
-756645
-381954
1158443
-851934
-400545
-1166835
474220
1213249
624714
772543
989014
369721
-825690
1218908
-3342
932065
-410488
863410
821549
509042
-369656
-1041493
20258
636127
-11100
26150
-102991
-169029
-1601042
-943195
1550903
-111314
1136524
687881
100648
-2754
28416
724290
541526
-206592
223822
-1259781
-669355
93354
1485632
