#SpinCore Technologies, Inc.
#SF in MHz
#SW in Hz

[HEADER]
@CLASS=	RADIOPROCESSOR
@FIRMWARE= 3087
@SPINAPI= 20191127
@POINTS= 128
@SF= 21.670000
@SW= 127986.351562

[DATA]
1248682
2060230
2193225
3549316
-59525
3118817
-1996327
3149993
-3479036
-896677
-1635397
300125
-1149340
-2522862
-384064
-1627026
1192042
-744916
1622466
734098
1469804
1291168
-730694
1338214
-1029431
1217506
-2110411
2451760
-1069241
-6237
-1532662
-79897
-587289
-1980881
1527623
-1413369
1796048
-1439278
1479607
-263454
450462
1076607
78427
2098283
-522481
172339
-205754
280615
-1457059
-121440
-1992505
657342
-177689
-562014
423683
-919022
809850
-119655
-78476
-1394565
919033
597229
1069471
1138084
-1102310
-951770
616792
-1612942
-1599024
-95243
-1276375
1015749
499681
-1514113
755277
321800
-1075894
-1140036
-935115
569655
876884
-1412885
-271097
1305649
-419440
-898785
-270348
-629050
1009682
1322875
-1280462
23618
409888
90459
219039
-1959391
135122
1481645
-1337363
-80621
907898
325257
-750423
536866
620375
1128839
-1008043
-599530
-193545
-380546
220601
556111
-1050766
-485633
-135760
196384
-926323
-186003
829539
131486
757493
459847
-390866
-50540
-734970
-299090
-703284
-1083928
-675995
1217217
522588
171938
-455991
-1114833
215980
-634952
-1350344
595706
315861
-1981155
420772
-673670
-547023
-1830796
-425456
360806
11903
-597957
-38034
-346635
1103840
1080268
-1121033
-414501
1352857
741998
317749
495743
864647
1054794
-2577486
-436737
660516
2177538
-1312425
666256
-902213
725144
-44314
-454464
-177473
-214285
-1180940
115752
-780088
-878998
259062
-1216126
-590426
-442099
790920
-839701
1334602
-1264530
424808
71295
1741605
-480571
654636
-830260
1403682
-1229138
-610682
-723189
2044020
-393584
722253
-273175
962369
1704426
-702817
852781
-291253
822458
103377
20085
-651700
1512916
-570013
112860
-290251
646418
215693
-727243
-1835617
804840
66124
229011
596613
-723121
-1006398
343789
-680352
-981415
312534
-829458
1411322
-148377
116017
-1155282
347904
-2393774
785356
158883
509525
-450614
1204823
28167
-170220
-880902
-953064
257733
1315304
835212
1691305
93676
930718
-595031
716102
473386
-901842
-306961
1080530
-510693
1079980
-1021079
