#SpinCore Technologies, Inc.
#SF in MHz
#SW in Hz

[HEADER]
@CLASS=	RADIOPROCESSOR
@FIRMWARE= 3087
@SPINAPI= 20191127
@POINTS= 128
@SF= 21.670000
@SW= 127986.351562

[DATA]
11351735
12408062
892718
16484227
-10221544
12181422
-16835007
4691189
-13673730
-5902604
-6462510
-13589251
3069462
-14794127
11196980
-7836789
14661685
406583
10123682
10088638
1356329
13234586
-5757388
11496092
-12104635
4305035
-10599338
-4656499
-5840060
-8715593
2507923
-11135234
7098092
-6619240
9355319
449722
8887025
5313005
1530334
7808149
-3945608
6609131
-7261110
3692651
-7346755
-1986113
-4754709
-5746898
-861957
-5842514
3548463
-4839260
5312557
-1872838
3947053
1673245
2182510
4542716
108704
5195547
-2822267
2700678
-4518071
1533236
-2823358
-1817897
-865909
-3387960
920001
-2944713
1916364
-1557806
3117840
-105271
2039634
1096503
287969
1499224
-86408
1775150
-754681
788024
-1522950
449653
-1599442
191911
302991
-1802441
202773
-1933311
283022
-956522
1535579
-446243
618858
-641876
-121139
457720
887189
1539209
-412523
965988
-1348364
976919
-1233404
798904
-869939
-1473150
-163203
-1400710
404653
-531381
734433
-227389
980905
940294
1014599
1679530
285064
1887270
-563348
1093967
-309532
493060
-922132
472084
-169271
-1157064
75543
-665754
510909
-433138
632946
412143
934388
-478004
670208
715795
128283
907899
-574402
999615
-1275390
-51717
-75597
-1247146
-1303489
-834092
366699
-41356
214025
-219041
-51354
33725
1025752
161908
372031
144857
-229106
1117096
-1135790
780486
-803789
823255
-50354
-786716
572455
39474
971387
-125274
700084
-466615
152098
-671846
140286
27496
672653
-574193
-101460
125134
-370874
-164726
373881
149662
-141006
-339515
-618984
-261124
509360
-68397
741809
-337737
49985
-1174636
-421362
-624819
-296346
491511
-594474
112938
-167257
329774
145695
-26412
611595
-35235
138271
-36209
-357193
559851
193993
239541
272423
-30873
-17099
203711
93702
714889
880402
358451
-481162
-111372
-189829
-262144
658191
978633
455975
-203275
-371917
238626
-536300
206890
1417607
-38300
-608997
-719504
-672347
494052
-179282
904061
-941624
-144854
-1109438
-111631
-619274
-314904
1281794
-72219
-979243
168845
-521334
816943
-271669
27069
149228
-393684
