#SpinCore Technologies, Inc.
#SF in MHz
#SW in Hz

[HEADER]
@CLASS=	RADIOPROCESSOR
@FIRMWARE= 3087
@SPINAPI= 20191127
@POINTS= 128
@SF= 21.670000
@SW= 127986.351562

[DATA]
-1246153
298235
1045587
-1941080
-524050
-178981
-397834
-668803
854150
838729
-625904
152900
1555124
1669474
-665753
562304
291802
-1299762
117796
965663
-525625
1361684
1467023
874421
-1178182
-185129
955189
-479571
101894
-175747
-718826
323095
1012729
527011
839179
-25963
-6363
-965099
1381023
1299652
-457071
-2027032
666633
-57153
1117069
1268474
530629
-532119
-572516
1997711
-475639
-342628
430953
-685377
86426
-1197725
660237
-1483970
-1031459
-779387
-1269238
604898
198197
-841988
-1683388
362559
-765758
-480384
251467
843498
46327
617859
61256
392552
828437
1046088
-492022
-460855
705737
-1235908
-1008697
-318228
1433620
-849740
1400392
1535413
-1033176
-139314
-1011791
-619885
-648916
-133180
2193427
-419601
-793252
924492
835416
67455
535985
-61402
-417049
374450
367989
746243
-1513544
-475016
-451712
785403
-940305
-538671
-1733093
721874
664364
1415463
-200424
-859187
-310526
-565684
-322948
-883420
1186940
685156
-1796924
499985
419471
375385
1110537
-348791
-1405809
1052917
1712499
14263
-373649
417725
1318532
-1141754
1338349
1244441
95283
-1934749
1391924
677495
-1325006
-484906
288938
-1798770
102893
2130739
-1122141
-353017
741688
1988140
-1788517
813288
-1089173
371470
-202154
1236625
-1571303
120324
2341015
352036
268766
-516878
667924
-195040
-132691
1057661
265146
-1173006
-885116
-1586256
-1117686
385692
-3205
374361
-284685
2113215
-1774242
1643714
77782
290865
1227109
191750
599889
1008377
1627404
-857012
24155
-392731
683870
-238501
875603
1348648
-699526
-1075144
5836
423395
519786
894759
-507219
941054
-453816
1281331
1540352
181431
295352
-246417
1428280
-629227
1628019
-1764101
956902
544679
390128
39716
-1099707
840340
-971263
1281764
1226079
-877903
-211391
686304
-565605
-658771
1453817
217305
-1036476
1519338
-26652
-313699
-284291
-334424
-881971
-30764
164926
1068133
454126
64808
-1235846
18235
2106376
-606270
87749
-262128
-501149
-1002113
-90728
-445616
425831
828465
494837
-92136
721679
809898
