#SpinCore Technologies, Inc.
#SF in MHz
#SW in Hz

[HEADER]
@CLASS=	RADIOPROCESSOR
@FIRMWARE= 3087
@SPINAPI= 20191127
@POINTS= 128
@SF= 21.670000
@SW= 127986.351562

[DATA]
16381487
577728
13865406
8733156
6297955
15838204
-544992
16037797
-8569309
13597905
-14749793
5128138
-15305673
-89835
-11929534
-9319286
-4318479
-14414339
2655970
-13292502
11089344
-11261308
13587544
-4168572
12720594
2389621
8801760
8740855
1552644
11087652
-3877123
9617077
-9633176
7630223
-10215247
1330189
-9406047
-1375639
-6357086
-6179896
-455153
-7856311
2138020
-7518817
7029342
-4593983
8079742
-1747821
6427419
1478047
4075952
5127046
69920
5420430
-2602352
3596987
-4626660
2868660
-4469176
-185253
-4839008
-1467783
-3247778
-2439083
-944605
-2160408
539464
-2869195
2243586
-1402394
3671090
-270146
3880814
-143789
2037423
1664319
1288255
1972656
415934
766012
-1005510
936552
-2246871
897391
-884708
-528586
-2076056
-408994
-1609843
-30382
-447355
-662274
-242951
-447643
744236
-99258
1967393
-1056540
855357
-410623
1901249
298789
1381906
471238
783339
802424
-358907
1279269
-493211
-213762
-1088372
-593010
-1843904
-49033
-928544
-418362
-643894
-499436
-129860
-413282
679378
553085
717817
-89455
435219
584726
639771
406553
1743132
189161
599060
-289878
105670
1149828
-1257569
520226
-806550
-181758
-1036281
-269385
-306836
-1096434
429462
200586
-880389
-253867
1771457
-200145
-272311
-418665
275521
-63097
621958
1101918
357983
-164284
851856
708403
-894878
-414562
-1081898
-48689
-962983
326313
227791
-339984
422566
-634720
-560936
530789
357275
200843
671967
556863
677801
114827
879350
160952
-99471
252150
804154
-1796046
162862
176308
-172507
141036
-364136
-828003
-719250
-144132
-123354
504295
686258
383277
-733682
124741
62443
1072587
683504
159689
524812
-297446
418882
695421
566850
935042
-735485
-369287
-394690
300514
164052
-1113028
39487
138016
-44519
386497
-299654
843070
-314906
-10255
554602
355864
560301
9938
144360
360715
312961
117764
363645
-127926
86339
72714
-206960
-179990
645895
135527
198291
-203959
89935
-320144
-952572
462758
459998
-123631
-318588
-561517
260143
220041
701568
271161
-88096
-592270
125442
787936
218226
-20723
