#SpinCore Technologies, Inc.
#SF in MHz
#SW in Hz

[HEADER]
@CLASS=	RADIOPROCESSOR
@FIRMWARE= 3087
@SPINAPI= 20191127
@POINTS= 128
@SF= 21.670000
@SW= 127986.351562

[DATA]
1631760
-137151
2243283
-919442
1720584
1809846
457402
2151598
-460441
1203292
-799661
2799427
-3408395
1761137
-1233591
-521843
-884220
-281939
-265036
-1396191
572021
-2695367
735309
-2399889
826579
-82578
-744096
-1361265
1599069
515596
314915
-915758
1362030
1175723
583229
512551
-2540190
212814
-1674032
458796
-648262
1259189
-623755
730732
-411952
267578
799281
799426
-326131
-1146803
743333
-1043807
303401
-576856
-164895
86444
2808216
521464
430145
2803002
1622727
-134495
1739965
-1170330
-1493292
534873
-858231
-330693
-191922
-1726768
-3186471
1324815
348762
-803656
872978
379925
218842
732285
1304268
-1798135
303143
-141026
223386
-34034
493789
767948
630828
1324960
1172863
1363029
-445388
108151
526133
-71798
-1757105
-651136
-1356990
-149338
198545
284855
196369
-609560
1964441
748769
1292733
-880719
-175237
-565464
723281
-548177
-1358408
124457
-406497
-211080
575723
756469
556998
376693
568533
-2478684
75641
-294137
-1178680
-1164632
-1710980
1242252
-154462
895821
-1374700
132394
482336
94741
401477
-735111
-591194
-1156496
1451305
-937648
-58382
-1165644
-973078
2291
2060736
1471176
-215218
497988
109009
-1869957
500239
-156350
-1046242
468406
852721
-629718
-410498
1387116
-278956
1914766
623897
1048533
-560053
1912382
-1031534
-864484
-1084800
-663717
-2098589
534806
-1828361
-636740
537498
477615
354158
22921
239328
-727137
1828720
338899
-216424
981195
-150431
361118
-1198705
710418
218421
-58335
546646
288636
657746
-712229
1185337
-278197
82984
-323915
290402
866895
-253892
785899
-851660
1215461
317017
-347494
-914037
-619720
1644844
-1498400
-459969
295397
-1286350
115632
-1442405
301095
724488
2127675
1632292
315582
-704282
-337051
-801014
1158676
524813
-2755102
107680
-565097
-1046290
473640
-1046568
-293953
1712655
-464834
-1869403
403852
-833919
-1042890
748717
138134
-1388854
737770
44695
-626250
-211637
1083157
-1717805
2064246
1490667
245944
1114801
376882
-426575
-854344
415853
-1320391
-654527
-391022
-1076407
762633
