#SpinCore Technologies, Inc.
#SF in MHz
#SW in Hz

[HEADER]
@CLASS=	RADIOPROCESSOR
@FIRMWARE= 3087
@SPINAPI= 20191127
@POINTS= 128
@SF= 21.670000
@SW= 127986.351562

[DATA]
2397835
1781
2268961
1792010
711162
1631585
-1085101
1522861
-848420
1050745
-1049434
-95339
-2346762
853637
-1944787
-1265476
132832
-1373275
-1230725
-927916
2617371
100486
2266141
-434572
248008
-70043
2844048
-475710
1401075
583888
-1022792
1014895
245998
2952842
-1390495
395861
-99708
-155904
-1256508
-261812
-1487152
-1180661
149087
-8333
-465991
-1636959
992403
-493153
977825
-475933
-894454
101512
-520831
1045705
220075
1302199
-88214
-361285
-1521458
-2703
1327623
-730111
-1033674
378450
467245
-57752
213524
-407757
-904902
-675869
442849
-1144318
964500
-902859
312157
-905756
919818
1799241
-41124
-807103
-411087
1394360
-874776
1402033
512142
-1588769
82292
1254271
972892
-772618
287786
-1854649
-1269248
-452808
-1078675
-999575
-455047
-1520133
56828
769622
397840
339511
-538420
1780951
757912
890431
1598292
122052
-484250
-739683
-397603
-761879
901165
75001
-74473
-216629
1092384
-325216
-208369
-326114
-1024876
245943
-278464
-230094
284091
1589736
1340063
904560
-286360
474743
-1015243
-190020
-2260347
-414047
-298287
-580760
-1112247
-1237804
-372977
454678
189326
-429365
391007
1203879
-830164
1400935
-1594582
-516329
-470378
-534841
504069
-1910692
322833
-678340
423409
5633
113206
-966586
-1428744
592612
-2039443
-349138
590793
-264845
-1306316
601104
-1332628
-752120
1172552
464780
7174
-165006
1371766
1772243
-1055299
330388
513706
-1002763
1154427
1193354
-1452498
-1217626
380006
-1636467
281600
2263227
335292
176808
316099
633564
-1343776
-445407
899013
-1284115
340186
-842069
1197466
822771
-187406
766542
-39665
1324492
-49224
758487
684371
364323
226051
1071400
-669043
-360114
-96524
-123396
439094
-912101
-651896
419339
284144
-420660
114165
-203834
-694143
-543162
-993152
507385
-423670
1072165
-1120882
30035
-1343143
1973589
470223
652957
1272380
-335351
530517
-268986
1299460
-238538
860141
176844
-472188
219579
-945938
256672
-176969
744536
-47190
-206806
429801
562373
-1791933
151769
2051362
223816
-464437
880899
