#SpinCore Technologies, Inc.
#SF in MHz
#SW in Hz

[HEADER]
@CLASS=	RADIOPROCESSOR
@FIRMWARE= 3087
@SPINAPI= 20191127
@POINTS= 128
@SF= 21.670000
@SW= 127986.351562

[DATA]
-110441
37644
-693873
-471774
-23919
-1772914
-376611
-54344
999883
-667194
1240797
467910
1195758
-447482
584896
-474929
1634725
1637724
455397
778195
-908319
-430017
259431
-255384
-206669
1481112
1270929
-89541
1398110
266649
-630736
-824512
-123898
-390015
165423
-1248109
-679777
-870331
2076691
2042499
128625
1302750
-1465638
516443
720357
892405
1104609
-635493
-233423
-471530
1379446
-347126
-542788
-273465
-478762
-989793
-775991
862752
380846
541053
167921
364666
861927
-117672
1347481
-288381
27780
1870618
1058633
-524773
1006200
591340
1248696
-622942
-912624
-1508626
-646174
651393
-89724
418520
-580986
-320290
2320105
1276565
367669
-116607
423449
-135770
-380183
-286712
688625
-1212543
962185
-1570480
500272
-1126123
-446895
676646
726227
-818412
-1227956
741860
1074385
-205755
1325633
637417
-1442026
-144130
-168350
-1638489
151550
536586
-799720
342088
-1059148
578794
567222
-1208665
56030
37869
-86004
720267
-1107491
2105
342264
-872875
-214271
-527433
188137
616885
389896
-365215
1288707
878601
273020
-575884
-156264
-496164
-172455
-150778
-343380
-313574
-390634
1640409
-562819
850407
-1038102
-87813
1466338
686425
-931973
574886
-966533
-624197
-1223365
-1120073
-380894
-772970
1633987
-443075
-11361
596746
1532918
-524111
-533669
270890
-1459182
22368
972543
-1351364
-1671208
-911489
157871
-1060224
75557
1338321
367574
484698
1171363
-352497
196052
-1130450
1619489
-479248
561189
422175
-191098
179244
289061
306998
1409641
125538
-1023902
-726473
752205
1260832
380424
-662133
183235
-1467026
48205
-241358
776035
-714333
1465364
933738
1086113
753976
-295105
-533249
-49040
24287
-545193
93620
-1506007
-537711
-618056
404225
-462441
793653
103009
-295885
1935715
906367
-656328
696142
-1329205
2608180
669813
1023739
-482537
739058
994174
-1078861
398376
-489568
-1110288
179954
1582614
205119
-1354665
-349509
304763
6211
-9198
-1130758
-413480
74841
1105735
-784170
-1251960
-616279
1615055
920799
-839189
-557989
