#SpinCore Technologies, Inc.
#SF in MHz
#SW in Hz

[HEADER]
@CLASS=	RADIOPROCESSOR
@FIRMWARE= 3087
@SPINAPI= 20191127
@POINTS= 128
@SF= 21.670000
@SW= 127986.351562

[DATA]
-624300
-1478255
-929164
332146
623407
-1445597
-1342614
-782102
-565506
-1761639
1094981
-1126588
-196829
-115536
-575941
678612
-493649
1068729
-1009398
625998
-1055788
746037
-46720
1455730
-1319457
43458
-43436
-89163
-584590
259522
1450057
-1017709
-763288
533634
726185
-1414989
1903906
1284653
-1083685
608075
673714
791769
-483890
1732954
-529269
-469682
-223296
609695
4987
1675810
1241896
610390
-417834
-256451
126876
846114
-298326
-751291
-1141770
69542
296323
-767219
-550877
134002
-881667
1095649
-1199397
1253125
182278
254600
-437757
651589
-258852
830728
-222672
1927713
609265
-682694
85659
35443
372336
-632280
1086544
-77537
273842
-339141
-47131
-987926
444659
2319455
-1105401
-2783318
-15296
-605052
-949871
-231945
1267146
-227310
-2630294
1137003
-308977
407682
830627
-673820
77211
-225229
746660
2269645
901749
1645706
696554
582576
-86313
1695705
1206163
889604
332342
-513898
1371588
1195590
15976
612803
911682
-11271
-1393486
-594752
-181699
-1417991
666705
568311
851917
563280
-305648
914018
-1534811
1544819
-863888
6111
-280694
262361
-247947
752830
-83276
1506211
248116
400624
464970
1725744
1535237
-616923
428928
-639652
424518
-710200
218856
-245282
-49002
-1093900
-672281
139893
208094
-2256440
2815646
-698741
-1157973
-328921
150626
-328824
-2680928
-361161
-257957
-547343
-780364
313080
-613705
270806
1910521
2039391
-1698772
1213731
955891
428888
-583054
599390
1130991
-149415
1343060
2155150
-695943
-320916
260728
263510
-723415
296958
63877
-2299590
444133
2193880
-143270
185805
-1180192
-180772
-336041
1553726
-779266
-1050321
-826785
-1013315
-1136989
1005413
172725
556182
-825121
644085
-1668715
1469635
1710451
-766145
163137
-1678748
815690
103613
1045338
1204097
-418451
-1184667
-644938
208875
-270112
-599623
1308129
-1179152
-932852
715525
906656
1827108
-1115899
399562
54112
-519855
176754
1443002
2482425
1192064
36622
-179780
-1410204
-840979
-276697
1374476
1673450
-693551
1561814
-1115534
-1722157
1465876
