#SpinCore Technologies, Inc.
#SF in MHz
#SW in Hz

[HEADER]
@CLASS=	RADIOPROCESSOR
@FIRMWARE= 3087
@SPINAPI= 20191127
@POINTS= 128
@SF= 21.670000
@SW= 127986.351562

[DATA]
5593340
-1019238
5153151
2631042
3510979
3619469
3336846
3405279
-1896234
4458099
-4453566
794847
-4002499
2119438
-5006955
1041899
-1437364
-3605620
661302
-2231978
723509
-3266736
3271225
-4408411
2636751
-2949079
1106354
80010
2031708
190238
1155587
3168442
851471
2205748
90088
1269621
-1384356
2072215
-2442830
-1754181
-268228
-274457
-1542808
232032
-1505172
-2855422
82459
-764073
-649745
-360284
425304
-3391032
1005292
862567
1249563
-514604
1069109
1099505
1252074
247029
-2929747
1987816
-285879
1037145
-854426
1122903
-1621738
-245076
1337022
-2537915
198308
453991
-242007
-2640719
493963
-1496050
-46858
466339
-43016
453077
1041159
174037
1093778
459414
1172365
350571
1139435
-867697
102453
476715
76405
-74796
199739
1458703
-677863
2248267
132845
-56126
-455751
1421216
1319945
-87277
681020
-2670228
960581
751236
-631761
259263
-308552
-1524980
-1344346
829388
-1373141
148385
1679773
606753
704055
1814608
-983355
-1356088
337011
481750
-925414
-24165
-1303942
-862983
1340776
1603562
-1005026
648784
898135
-1214644
1832046
-701614
-2684937
-1488278
154217
-1309387
-790025
701401
326213
517625
1974495
158795
631026
646550
510449
-1840493
127371
-1657101
-2539181
905637
-401899
-219731
806498
1510304
746785
2030894
1561096
-552892
2084687
-499632
90031
-444838
297937
-1579471
347140
-627718
-1409138
532250
65610
695279
209107
595439
938828
364408
312436
-1793405
-766207
182251
-228443
-1652655
-1682693
-1181491
227787
1555617
-1614385
731534
1211240
1781440
917833
471255
-518741
-1491582
1087012
-1998404
-647675
1054840
-949673
475180
-698191
964034
579693
2081347
1197705
1435558
719516
338847
-1265874
-1734460
13931
-2137617
-1171026
421755
-851695
1153225
545128
1320912
2272545
1231236
469975
783197
439894
-1586238
-605111
-175028
-1582796
-1316226
223322
-30855
527977
1121334
-553524
-183087
894241
-599188
861140
-764814
95169
-1499692
567955
268966
-856461
551873
-432763
-194980
1076520
-351440
-631414
1211045
-503850
-920301
-146818
222634
17492
1938530
