#SpinCore Technologies, Inc.
#SF in MHz
#SW in Hz

[HEADER]
@CLASS=	RADIOPROCESSOR
@FIRMWARE= 3087
@SPINAPI= 20191127
@POINTS= 128
@SF= 21.670000
@SW= 127986.351562

[DATA]
6819280
-1546270
4373753
905446
2210419
3987533
-299779
5451012
-3678406
5420176
-5026178
3513975
-4900319
1846203
-4141648
-3646436
-1364489
-4339284
-511507
-5203504
2341248
-5425123
3324769
-1617855
4106875
-391222
4383128
2928621
2942993
4977779
510938
3099835
-1913527
2983651
-3434214
1037084
-2618942
-1426260
-4233725
-2297785
-997094
-3881521
71557
-2122018
997406
-1236449
2138968
-1633835
2557260
-389403
1919081
-278684
2073898
857619
-262117
1156278
-690470
2115134
-2592271
2855813
-2436338
1318509
-379919
394117
-1247567
-569839
444867
-2033136
-77354
-242567
1623187
-1622999
1187008
153403
-803723
1101714
381369
-1123154
473166
1905135
748992
-361750
1400348
217304
1610346
1520474
-1730435
-452283
-1443504
1278633
-3205129
149597
-132987
-1376621
-1100886
-811256
-1376106
-1054881
723351
330438
987467
393712
1128109
1980506
1642029
-67119
-230609
-517372
-245866
-99549
-1581374
931492
-1378380
359382
-306913
171299
-851591
57140
-1070504
1429306
1115770
-140537
472173
297903
1763129
834539
1028463
95943
-1263976
-254888
1421248
535384
-640082
306752
-315658
64005
890186
57672
317684
-534364
238920
797271
1581248
-424418
285730
-622769
368908
-721507
-955797
723268
642661
-2067325
1371548
594704
-694472
-288229
709998
-635380
614336
276302
-21246
342277
1054561
1153020
273313
830213
-128140
-541218
400342
717620
-717608
-1102083
371718
670993
-859649
104954
-300301
724303
138908
-768871
70811
838440
420682
1182509
1436503
188579
-968719
-452887
1800968
-302315
548575
-405908
110553
-2045824
-1020942
496616
864766
-116198
-523571
649794
-40127
-529206
-693251
914456
764160
803280
-27070
-676776
-257336
194553
831416
48349
763367
243303
-902513
-113789
-620865
1742365
-324247
417934
-1946004
-330990
-440790
165207
179539
-991418
-770878
466162
544275
-327844
1264852
-205130
714237
255167
291077
10960
-1635585
999881
-744503
88394
509219
-342612
-1266960
-1410537
1583325
-155467
1001795
447344
-1126031
921363
2074993
1363111
134042
-666101
-467750
-1243376
