#SpinCore Technologies, Inc.
#SF in MHz
#SW in Hz

[HEADER]
@CLASS=	RADIOPROCESSOR
@FIRMWARE= 3087
@SPINAPI= 20191127
@POINTS= 128
@SF= 21.670000
@SW= 127986.351562

[DATA]
-4348687
-751848
-5041351
-956755
-4062538
-1865984
-439986
-2795519
770937
-4083478
4721517
-2600655
3719179
-771517
3419716
752472
3172889
2437246
586437
1721935
-2635319
2730996
-4049092
1065506
-3347338
1176197
-2557383
-349069
753014
-2895445
125720
-3767942
623230
-2146561
-1027045
-2577424
1063810
745654
1618218
1755871
1679388
2392565
793979
682147
396099
717164
-568729
52479
-821399
-741203
-468691
159399
-2117781
-682417
-345723
-700802
1535621
566925
655708
116333
1988715
-700647
1423899
-1243573
454460
1008128
1694379
-123137
-254216
1568811
-1200405
1644988
-1203992
1452304
560397
925290
1210207
472025
-944571
-2295074
273131
150141
-713801
-1401162
798527
-810072
-121096
-867580
2076495
16279
273944
109388
-8626
-717281
-536151
-853031
-860142
182305
318755
-493360
-303270
-751581
-728395
-263511
-15093
156597
-804442
161156
1119865
1961824
-456580
-88634
-101650
-1777400
-375461
-1075587
1529841
-104832
356559
-1211022
985810
569087
1921316
-243884
697118
595101
-753399
888901
-1795126
-621052
-562566
545218
-265995
-290415
-1893188
-631536
-49833
-94204
167904
593058
475497
272337
2599589
-93004
-182991
-850294
-520157
-834941
-555816
-171312
-337099
-450340
800162
960290
181287
-666691
-521009
-888265
1447914
-1056184
-729474
-298660
-610398
-233022
-513663
1432217
-647611
-418637
178532
20404
-542126
679522
-27195
-1198102
-1024649
508439
-103115
-453529
185239
-164370
373461
1748635
-472111
-327839
601358
-73982
-195550
-420439
544606
-1880220
12770
203286
-1402437
-2059970
692882
-604550
-411379
1398578
-1525773
1363282
1508344
1267975
-915222
1316679
887976
840201
515130
-98369
-2243270
-559587
-1040742
-1449175
-154810
665977
-1258777
-170523
1381513
286964
-221189
555712
2123778
-240575
932708
209400
-235272
-691528
555552
-106470
-2298535
-860048
-450224
1462357
-510335
2026773
1038852
1119070
658269
-850295
507017
-836494
-518262
-135444
758823
-366639
89569
357228
384544
525653
443793
99389
285466
90599
-792212
1151025
8447
-1332886
