#SpinCore Technologies, Inc.
#SF in MHz
#SW in Hz

[HEADER]
@CLASS=	RADIOPROCESSOR
@FIRMWARE= 3087
@SPINAPI= 20191127
@POINTS= 128
@SF= 21.670000
@SW= 127986.351562

[DATA]
4630495
-811770
4077102
1427925
2002331
2892391
-962869
3854352
-1274190
3880274
-3935147
1573909
-3564670
2307265
-1633340
-2326443
-1635058
-1109699
-867502
-3470585
2192353
-3523708
2526027
-2290013
2172139
-1263041
3096083
-28458
1854516
1396849
-271913
4135514
-578446
2876710
-2831181
3034950
-2631932
989856
-867600
157502
294848
195372
316662
-3771297
798499
-1792240
1500414
-1650543
2882464
253469
-1087251
1914281
593569
-672226
1486113
761785
510731
1401755
-672092
2641442
-905588
476568
-1535279
-371198
292642
1283713
-226872
-1882843
-141637
-1021914
-165279
-1527084
709793
-937115
440472
1672862
-715157
-914119
1246407
852535
-1535396
81316
1809409
-617489
1780194
1389328
622166
-901513
-139729
970028
-1804626
-319415
-1816775
-508059
-1415176
1305671
348761
-1505093
117076
-335968
-150445
260072
2622263
141954
-557571
-538744
1118802
-284129
1235715
-210530
5015
-1367826
107373
512554
-2451139
634450
335848
1171770
-416663
2209673
-935231
-86920
432879
-72846
-794796
647460
2863566
-866342
-236704
-908353
-151587
-702340
-655248
252205
-1519790
744461
191590
-17277
-354989
596149
246574
581154
1273176
647336
1319845
-726878
106032
-601621
-675790
-1857962
321033
-679611
410310
-1291497
909291
573370
525709
-133600
-986056
676284
909710
-867091
726330
-1268544
767631
-322603
512842
-1315038
233780
1479624
346224
-498710
258183
-845773
-1709903
1535157
-68735
-587091
397296
-251415
-484561
-126073
601909
560161
417822
678990
-573693
-471450
645736
-997799
630322
1378371
-484038
-777716
-434107
-13171
-952507
-254941
-387333
-388672
492784
283672
-382688
-263901
-125151
50923
1011286
1037218
-1225080
-697403
1913043
1072359
-24546
-361045
1484302
-1230384
1465559
124786
-1100499
401060
-654848
-739782
-790729
-1176730
507807
9829
906990
-31254
335052
-498030
-440973
1126761
1274237
-98877
-416243
-721840
161538
-781405
898225
-1749660
-1132854
425438
1290617
-490512
-1090157
637256
-1378973
-1416292
1293979
-278346
-831868
-189761
324894
625172
125865
1322241
