#SpinCore Technologies, Inc.
#SF in MHz
#SW in Hz

[HEADER]
@CLASS=	RADIOPROCESSOR
@FIRMWARE= 3087
@SPINAPI= 20191127
@POINTS= 128
@SF= 21.670000
@SW= 127986.351562

[DATA]
7340974
1217723
4934166
446902
1887898
3802901
-1031970
5325300
-2146192
4599076
-4342438
1635209
-6506800
1620816
-3542035
-2686057
-2338200
-5305518
1475906
-5093939
4575461
-4468899
4045631
-1885402
4630732
919132
2812427
2024658
565174
4299307
-2806780
3952886
-3668057
1909972
-2720953
2937512
-3423715
-989759
-1839641
-2371319
-355051
-3645784
1148039
-3684723
3542675
-1566790
2285927
-1292066
1487134
284458
706024
2644509
-191056
1696791
-1234817
1013131
-1392180
1888226
123334
1255389
-2525830
1390817
-831107
-1042388
-961631
-2031803
-869116
-1894179
-70455
-1760346
1011140
-1470229
1754077
-581820
-397189
801059
-650893
1830562
-1739894
106546
2282938
869256
477571
-429481
-255244
1358236
681506
1744272
-542818
-794169
537436
577378
-588889
-2303844
-1028882
-787273
-489300
-1077034
154466
227730
-654837
888800
132848
2535246
1513560
961059
-1374074
1042066
1449171
364828
676113
1453639
-1190746
-1673546
-1481894
-439285
-598334
-1152556
-1055186
-1672855
-788718
-319426
145127
-756405
373609
-60854
-1683961
1139766
1865480
1000139
1196099
1686850
-510593
-698395
2390909
197667
427011
-885654
1555051
-2042856
-162895
-323996
-1077945
-2412090
110438
919321
-2620729
2549331
-133376
-783605
832461
1123735
1281897
-692072
2324398
1313681
-947166
477762
1536208
-1461359
-1269806
-404946
-2085988
-911177
-31536
-797804
-139346
-1224295
-511239
-245586
-76058
2104523
-1639823
-277155
-494406
-434622
-985983
738259
628716
-1532572
-302849
-1113092
833416
549140
537901
37490
-1100059
-387267
1207689
-1245570
500989
-1337997
-1860399
754174
1070247
76522
-125401
-484051
-221634
2181657
1080568
-172363
-707265
-847560
60032
-585754
924348
-97407
802199
-461299
1037328
457305
911159
-783068
-1018865
-342116
1180738
557885
1014848
1641981
-156635
611386
428388
-961950
1140985
-1162028
839264
472581
-104994
1862692
388691
-1280375
-941139
195573
1214033
-383192
434900
274050
2421835
59118
69133
-958165
739878
1258209
-1250452
-205977
-816900
-642735
-559485
591417
-116558
1485793
884120
571928
1297813
1719705
