#SpinCore Technologies, Inc.
#SF in MHz
#SW in Hz

[HEADER]
@CLASS=	RADIOPROCESSOR
@FIRMWARE= 3087
@SPINAPI= 20191127
@POINTS= 128
@SF= 21.670000
@SW= 127986.351562

[DATA]
1321924
262190
2285073
2982482
1617425
1873146
-1211300
1305793
-339312
1157078
-3061892
-637697
-434256
-585846
-637071
-1191603
-2589541
-189895
-182664
269566
-521041
-712977
1258548
-2318843
3741143
451732
675256
-1301025
697679
576581
-915001
-527624
-291420
415570
-1204773
3218967
-1866608
-1614719
653367
1655375
-949548
-1704328
397362
-475619
468805
-913197
831087
-1231471
48051
-509342
-188865
-1047626
289878
46629
-119126
613801
1029529
-305652
768935
1075056
-1311566
-8520
752109
385986
-355806
463327
-284913
-2152564
-634103
751852
200115
-523875
87432
607895
-877027
389074
651657
-314994
-1024108
1363909
996892
-1623164
-469126
730311
-274517
648480
-409839
1696313
-602858
-53830
507601
373742
-296658
-288821
-505074
-490444
758331
194879
1555305
-1216512
-986424
-233969
-88242
899275
-472724
-565695
792367
-398312
-1474846
611786
646908
-1730246
1364234
1508072
-251016
74496
205837
1327944
-643075
1325782
414058
-1946384
-433094
433434
-117658
-189711
210465
-169245
-781954
581988
-588147
-23952
181805
39982
-1016165
391055
814291
-998780
474750
2125430
56303
-627761
-6101
949051
-2089956
-646915
1301807
-183974
-666551
-1372695
-677358
-2242302
302931
-240470
-475842
1038757
-1065216
81261
332941
-283867
-437559
-474378
1055878
888963
-745512
1917013
-953617
-235685
846093
1955091
-211515
-1086556
979283
-38080
-1066380
-176963
644239
-990838
-894980
1292776
185259
-1861172
1618876
316110
-2086622
-692639
769372
-617522
573270
1321118
616863
-187564
416009
-316977
225687
-28149
1578107
-1156184
1921567
113551
-1894546
67849
371117
461118
-297452
1153314
-626631
-1628358
481461
1085669
5656
536379
1824219
-210659
-1044939
-475135
422777
-803026
-666175
799258
-1138212
-805275
740009
-129791
-472224
284432
-1963507
444991
4046
-753814
-1833147
-106652
-414115
-456113
-233749
851485
1417515
600227
1734257
1151657
220079
-322153
-833189
-604610
-489171
-59049
1104501
-1785484
-509947
927926
-727121
393701
733070
33525
-692604
704608
