#SpinCore Technologies, Inc.
#SF in MHz
#SW in Hz

[HEADER]
@CLASS=	RADIOPROCESSOR
@FIRMWARE= 3087
@SPINAPI= 20191127
@POINTS= 128
@SF= 21.670000
@SW= 127986.351562

[DATA]
3798415
-2651058
3789488
3096592
3624034
5169567
1219318
7345461
-2539065
5766819
-1968699
1412612
-4211045
88201
-5451450
-2401429
-2215644
-6659938
-1384270
-4353228
1380190
-4046275
3323854
-1878066
3002285
584583
5392757
1950219
3882025
2077128
-23648
3800154
-2754409
3171886
-3734436
2140463
-5062562
-20442
-2155828
-961535
-2355526
-1877706
-172104
-2653410
2214983
-3150825
3085881
-1407181
3060362
-1431060
1774547
-362751
-163030
-211919
4472
2037709
-340422
3003662
-197761
2345593
252078
2491063
-509427
-138206
-1557996
-1766335
-959359
-1837914
-109493
-3012996
405801
-3102560
-226780
119146
130672
1037361
2165484
2536069
337996
2522993
594015
578340
15478
214553
-1360578
-1226522
-262613
66651
-863853
-444652
-227761
241124
-982733
1366891
13899
-10182
341491
-939632
-216043
9855
1738634
378539
-343063
249273
-801201
176181
364752
207802
-640805
2808084
-1822625
-302176
43401
-223084
163144
265054
1334024
527012
1066562
640089
155051
529085
1005
-981840
-664102
44995
-2653776
-238380
-1347889
-613563
-654542
1237154
328521
-307561
2248845
301450
2375004
1734492
-168084
-746526
-15264
1598762
-578562
-808731
414238
343105
-1494591
313430
-637497
-1694117
63792
1049213
222089
1438759
1420662
-713709
-543002
694452
1768893
-133414
1421236
-846847
-306081
596722
744430
1353077
-609057
192089
-1625786
1312379
8287
-595888
183046
786632
741838
1443563
1498048
-1433841
-603647
1643563
-960105
-94534
189119
174237
-6179
1758523
204577
367045
-636972
132091
-699031
-1449506
1697709
-1588962
-92857
781587
-366611
-368926
1329776
200252
-1102567
1048930
-1407998
-1136042
-30447
-91690
-45886
-988585
1015252
1009136
529756
-98182
1534662
1568270
268860
1567986
584287
-166460
1257519
-369987
1230007
-1529256
-265003
-1707925
650251
-297424
198557
1389052
-293112
251075
-1277555
788800
-828057
-440955
1302293
-700188
-78765
271299
-452223
541426
-492034
-1143711
1537273
458297
95218
-463842
182572
-927420
-176981
2452770
180045
-837856
449108
31188
-2904889
2079423
