#SpinCore Technologies, Inc.
#SF in MHz
#SW in Hz

[HEADER]
@CLASS=	RADIOPROCESSOR
@FIRMWARE= 3087
@SPINAPI= 20191127
@POINTS= 128
@SF= 21.670000
@SW= 127986.351562

[DATA]
2390539
1697796
3347388
2963150
-43909
2544220
-562047
2409290
-151320
1442603
-1369235
50433
-2841509
-253845
-1558351
-702574
-732335
-2336535
352365
-589963
1876068
-1988889
2150510
-598330
2460029
640289
1236349
2698049
967563
1568246
-758739
289186
-976386
-754899
413177
-1529562
-967003
606827
-2826349
892484
-1106825
-798019
-360155
-1235279
1045906
-26758
3178486
572512
1188322
-410223
113284
-299722
263903
926102
-582346
-1593434
-1281054
636580
-1260101
1469525
-847404
-1002910
-1868618
1239962
-66190
260294
2317402
41584
762569
717812
2326841
1239921
1762911
228759
-749484
-1169125
-61511
1192395
749687
-1174598
-682213
-80852
-1374582
132634
-198952
-303721
-1610825
-972221
-742330
-1581710
240821
1730864
-535314
-950531
787811
531808
904016
291384
1788412
447830
-1438233
904880
1128094
616154
1211511
-282636
-290638
-220989
709104
1417773
-946742
-1190718
-2139173
-336989
-457808
916313
-356503
-1194393
-743468
1659853
483478
-554489
364364
1638330
-1100322
-596390
268822
2565128
1031597
1603159
959905
-195483
-736942
1577425
1024732
-836216
-1337988
-231064
1019577
315801
147833
-82820
-1467088
-346802
-1584695
-80322
217623
255662
27462
-193986
-174949
699719
656669
1322477
220129
290652
666474
744750
-1932623
319659
1056978
-923817
661773
1286685
-427245
-791249
-1221991
289314
-2319947
-507341
766836
-1363775
-1756872
1195165
394573
-570994
975611
2073045
-1155152
490694
610630
-1005029
-731972
-99122
2513685
-1551828
165639
1334928
-485576
542739
1921185
954013
-526784
-1124331
365195
-599458
-168649
-374640
-566033
-913680
-102228
1292698
-1244247
1069005
-1281983
781674
-1239094
1658480
810767
128712
619353
614660
629082
793826
968907
557181
-138260
-679299
-1207012
-948342
-802117
-1594750
-716197
360004
301151
-219154
-3184479
1347433
-507303
-938220
-799572
-480325
-1629379
-506472
360999
-130494
588605
3201246
-640189
-1098394
-313071
-273509
1268946
-453886
80192
-449979
-393576
-274324
-1270082
29255
-848682
1495887
223482
-747251
-931867
-661961
