#SpinCore Technologies, Inc.
#SF in MHz
#SW in Hz

[HEADER]
@CLASS=	RADIOPROCESSOR
@FIRMWARE= 3087
@SPINAPI= 20191127
@POINTS= 128
@SF= 21.670000
@SW= 127986.351562

[DATA]
15708507
-2464840
14333795
4810507
9326737
11191095
2406394
14843478
-4720983
13724217
-10542621
10810377
-13229849
2575024
-13593805
-4680102
-8922423
-9827833
-1831385
-12872988
3161944
-12412462
8906097
-7846949
11747157
-2695879
9894827
3530371
7845199
8402704
2428153
11698303
-2759556
10087273
-5776684
6444349
-8186743
2089614
-6769282
-2277951
-5825601
-5083446
-2086570
-6750677
1133576
-6946652
3630448
-5080266
5697637
-2308441
5816504
884649
4624422
3560628
2800488
5083108
288020
4612255
-2366235
4015444
-3405760
2134992
-4146120
-354943
-3613601
-855260
-1672821
-2564918
-308157
-2252987
-234568
-2120510
1937304
-2220592
2142887
-180124
1806428
-1037385
2424030
253032
1285027
1697836
353021
1497822
360192
2010106
-1629117
1042741
-696721
947046
188608
429199
-1451962
-469227
-61041
-796478
-393592
-780213
-207214
-1501237
685122
-1352466
-186963
317406
1571667
-1014277
1049637
699728
1358042
-159364
849593
153643
-579753
1656534
-129860
616391
-644789
589803
-1241654
346007
-360120
-352437
-604316
-1049100
160219
-1080811
377632
-387855
78735
-526460
424438
-647234
682255
359757
-362479
-16092
1011917
542031
418625
834556
-374187
554213
530040
543754
-835642
-528380
-49911
577712
-1088213
48067
-494110
-1150978
-477180
309083
-1043337
-380045
527615
-949275
48747
1308098
-32577
-135230
512248
1400944
-693028
-86406
442643
-107261
453104
1185163
119986
-806780
-719274
402887
-908162
-447118
-249954
-1134962
-673731
302571
373719
-148826
449791
456311
1094223
669668
1043037
493007
-129362
13557
180103
-92173
-927101
-810645
-204719
-491361
-626169
423609
-397280
514837
-1445045
-615689
796961
239418
313405
-285899
605262
-408634
444600
101011
-538020
-130527
326103
-168318
-835254
-65526
-706461
376013
-230954
-371699
-595898
665426
-400305
355159
53452
631593
312029
888490
608265
-123444
300690
-660877
337173
-870589
203487
-72918
-1009515
-164347
-679432
385216
-203311
30158
-550542
91347
1220892
570989
1315613
64924
1011258
1026448
1092565
-30423
-744714
-21226
-306382
363567
