#SpinCore Technologies, Inc.
#SF in MHz
#SW in Hz

[HEADER]
@CLASS=	RADIOPROCESSOR
@FIRMWARE= 3087
@SPINAPI= 20191127
@POINTS= 128
@SF= 21.670000
@SW= 127986.351562

[DATA]
4856971
-1375113
4671772
2565859
3943974
5220883
-1622225
4530173
-2343754
4541864
-5062379
3073488
-5944070
427547
-4203529
-1378961
-541225
-6027289
2444126
-3832364
3541355
-3242642
3871239
-2712838
4032381
-467192
3297136
2228380
976900
3323072
-230861
2203221
-2165626
3112626
-4859803
-40795
-2356774
-450776
-2466646
-1843834
-1385807
-855682
132989
-1163584
770924
-2160502
1511015
57114
2691261
-1071056
3003352
2559504
92111
848522
1141283
2572529
-2494599
-83408
-2381926
538031
-1629929
35592
-843109
-2082993
-936900
347028
-232080
-488991
88397
-1139875
-474895
-949458
297210
1503669
1893842
1526722
-85608
216743
-1009237
1173394
-1707372
415245
12123
136100
-410924
2188644
132299
1801623
688297
-449394
-606152
62674
-857346
-354007
2216746
-372788
488892
-162070
429848
525916
662136
-1158175
504332
-555792
-460815
319455
763350
1482677
184747
576279
-99723
589452
-803628
-90769
-679212
-552639
-1234484
468364
1628465
1679761
329418
189755
472333
-712084
-675985
-1442644
791637
1017737
801333
-699228
736942
-785808
65572
-627781
151934
545608
-171310
-802208
-245233
809197
-367106
-953401
-45051
-148778
-2267177
-589094
1153638
258249
170274
-774634
-596160
114642
1299744
1202528
262320
-2149089
-388752
-1388033
-345659
-320336
615767
1465518
-868306
-62806
-250924
-1037793
-1474673
-136106
-1230064
-1446496
141515
1667889
-1666774
179385
561323
-251202
-1380327
-792229
1393708
-1502177
1076107
621499
-473251
611166
23879
839145
-293374
-467597
1499226
-369420
86008
93942
1548310
71086
1660117
1327729
-680308
-304375
1510266
626025
-948415
-673096
2102201
-1329320
-646643
-243147
-294154
275833
-614951
880252
-1062655
-1853376
680042
-31312
-152993
209996
-737464
1328705
192221
1035491
234868
-897648
-171820
202196
-448012
30480
1038085
223399
683415
-989142
652977
-282080
134155
-457682
723653
320519
403617
147256
-1588845
-539426
-1614934
1507289
631275
-142233
48762
-619312
-47536
927543
-56124
408507
-103214
-465867
-777650
-979002
252599
-1365286
