#SpinCore Technologies, Inc.
#SF in MHz
#SW in Hz

[HEADER]
@CLASS=	RADIOPROCESSOR
@FIRMWARE= 3087
@SPINAPI= 20191127
@POINTS= 128
@SF= 21.670000
@SW= 127986.351562

[DATA]
1282355
-1806873
1805859
-54164
1040014
3334661
-1493743
537399
-1467743
2600527
-3227172
1735047
-2259769
-86937
-1155712
-1770116
1332552
-2510608
1490199
-2077871
1102525
-210985
1701606
-323830
1748247
292713
692379
1604714
343128
7097
-600557
1910933
-865366
2878567
244290
1158499
-749469
-1132001
138248
-1327006
471680
-3042712
-281248
-1815223
-1185117
-2126099
-205257
572716
-617585
1282941
-1576318
1528829
621631
1027912
881447
996326
2110521
648843
242364
178379
-94003
-2320691
98725
-197012
-2090060
-285534
-1310826
-1411213
-2304011
1116940
662758
1120746
1058032
2280633
-62630
746066
1921896
-12126
57083
953943
-504203
-1465721
1018113
-1399947
-758714
-480297
-735549
-490844
-2186312
594847
-4333
2100766
889391
1844708
304464
584666
1635351
-793543
2611487
-1163229
801983
-1542921
1437507
-357486
-255815
-268113
-810982
367562
-968714
-223645
375203
1488097
503210
1243403
1102210
1192511
230228
2515847
551662
-84781
-352465
-623694
591309
-209171
-728995
-1735489
-1084676
-2024878
120330
-820573
-1521298
325507
-163195
570282
-568074
327242
-1242779
1117637
1490014
-112416
1659233
480198
33475
214509
266873
38706
-1711182
-1050397
-680940
-1480551
-621224
-1370292
-372871
-1121030
1296263
1125221
-916300
817480
2532784
961366
1931493
1833180
-209545
-833446
3083317
-1725367
456704
-1716497
-791968
-2102057
72452
1209401
-1206662
63021
-891735
1434551
-548542
2744727
510556
-431226
282871
1094219
1006346
-11493
1152687
-2152141
6105
-206323
-1839145
-1041657
-2367655
-670695
-1081633
-347693
-196168
1827318
38121
1280115
-761788
768069
1665630
-543591
927881
-717599
935933
-782326
-1133675
-1022120
-28395
-1168251
1412013
-914167
-1160981
-782726
-537539
703992
-852527
146189
-21535
1393049
1329236
159921
1925094
-390425
290388
764874
1985905
-879252
-101481
-317846
-888472
-1131636
976042
594367
-1833206
818892
173531
403955
-14203
-17774
110750
727420
587140
-106525
1460269
435644
1586644
-798967
-143508
-885511
354673
-322030
239305
-110519
-2856945
1679855
