#SpinCore Technologies, Inc.
#SF in MHz
#SW in Hz

[HEADER]
@CLASS=	RADIOPROCESSOR
@FIRMWARE= 3087
@SPINAPI= 20191127
@POINTS= 128
@SF= 21.670000
@SW= 127986.351562

[DATA]
3450055
736332
1125222
1464345
2353477
2232533
-1213151
3197648
422690
-691000
-851481
1587461
-1539348
-82735
-43
-241760
-1912733
-2746324
93643
-3054541
-247397
-2154089
-78060
-1441935
2264466
3064820
1373031
929268
-453579
1000544
-1255142
1456213
-996980
716112
714943
1305523
-2332269
620335
470266
18329
-960766
-279261
-20677
-3037327
1014733
-868693
530274
-1220957
-618262
394527
-1289496
-735626
-333102
-257755
-1556355
242614
-43603
1106472
1055846
2067903
368735
-1843125
-1206125
986347
-2528298
-795998
3008326
-1623222
135514
-1608102
1442936
-219993
-396157
1348648
-230047
-1621505
937415
1828667
227830
-2606998
729097
441626
-2320654
-435032
-817534
18136
-1538806
2064949
-267770
190478
445631
970970
-608530
652900
1947093
1090780
615053
406084
424487
528163
512190
-150645
3575146
-1704465
-56264
-398906
-1321187
-40838
27879
-1746747
-948464
-1365011
90983
-159404
121744
668678
-2279581
1016967
-2358596
586528
508129
715446
-351796
847323
1319727
44723
206320
590775
879694
301565
488344
148159
10732
-1059750
863278
152722
789494
-1125560
-1108040
-948032
-440495
-1522644
-697822
-1056760
-432367
-430334
-1062899
199914
897291
1877938
-1457600
1008058
-850884
371640
823662
-890803
2023193
1015797
1819902
892329
-277816
1960091
896906
-1067590
417459
-2658308
211845
231430
911100
-1654168
-688188
-130119
-648733
528916
-984626
-543264
-1992160
-1343666
304670
-541224
-856425
223420
73699
1329483
-1915406
1353669
292943
214840
-141466
-294234
1013056
-221159
768037
152719
467417
782145
862042
-1278411
-1071601
-374923
1356058
-875697
-159463
31809
-1666253
-107902
-256566
891431
-15204
-1391317
-1017796
-50587
-1542889
370869
2211484
62133
-521608
424400
-865156
1686221
1412370
1158764
304051
-1139073
3459840
-930002
-319369
1661745
1586518
-1652910
-12575
-1041810
272040
-1170117
993799
1330
-1184743
418258
-363157
-987500
-2539867
-2188578
-1642340
91620
-884810
1153223
-1349375
83286
-1081115
681414
358549
131983
2606515
620815
969500
622033
