#SpinCore Technologies, Inc.
#SF in MHz
#SW in Hz

[HEADER]
@CLASS=	RADIOPROCESSOR
@FIRMWARE= 3087
@SPINAPI= 20191127
@POINTS= 128
@SF= 21.670000
@SW= 127986.351562

[DATA]
1406940
157759
1520533
86746
1530337
1594875
-1335329
1610901
-565658
1484361
-3080516
714691
-1919578
-1627734
-234610
-669183
-304960
-651308
1061857
-2080487
3090881
-1401695
-176200
-958345
878725
-1027683
1017619
-760132
1547646
243583
-469444
2258531
-1822062
2462569
-1980866
-232024
-2475646
-1049131
-246794
-389467
1430217
-665689
47814
-1303057
739078
1253578
310828
-1936669
399093
-2043187
1740825
-910827
2057899
-602143
-1683984
1798876
-704190
1026441
-1075795
-703225
-1904126
-617654
1531096
1225721
-944790
659318
-1265174
-776917
328370
403867
-848328
-754328
2706813
91576
-72535
1037668
1024033
485051
-86766
338567
-239189
-1162457
159023
783471
996377
-517776
1860843
-1184589
-796792
-307439
-401817
833112
-303303
357106
-792162
-254608
-215492
763095
-108743
-38417
1390845
-1147272
831392
638960
709561
-507838
693879
1059952
832782
-597368
1440506
-1176520
-900249
364819
48601
-401259
392283
-65240
15001
-1358476
-377880
823808
-533060
523470
-931921
-44696
-26596
812907
1446175
460288
1339869
569638
769950
611757
1202305
922161
-1011697
236757
400732
-1759077
-937292
-1242462
-659017
-896961
-860195
866496
-2059215
734237
-306317
1621103
-1163179
-979476
-317480
86129
695067
2784227
948953
13492
-1007700
1369743
837377
-666715
1084442
675841
-197666
-185469
-392602
-773615
508960
647852
-1668925
-587230
-1617933
-1218967
-1898677
-287341
-562711
-1696561
132167
1001382
7454
440811
135139
1017468
-443987
1673057
-1198825
1762914
1324030
-229160
633015
314695
-112829
-446944
1370962
213838
218609
-558338
-60
-1252261
-22607
-352630
-743281
-516931
-1806418
-95106
1025007
-7758
-1895964
-1437589
-796512
1900270
-241107
769531
418594
-559933
-671018
235831
265810
-713842
1159627
189333
-1494343
-375813
-529209
-220543
601303
1277563
-2175262
-1484002
277896
-144596
-1403374
395957
197127
-405091
-1148093
187825
-463641
-81826
-77012
302380
156906
492146
-251430
2341502
1262353
427637
742427
-403410
507113
-100331
238853
-324029
631421
-1009560
