#SpinCore Technologies, Inc.
#SF in MHz
#SW in Hz

[HEADER]
@CLASS=	RADIOPROCESSOR
@FIRMWARE= 3087
@SPINAPI= 20191127
@POINTS= 128
@SF= 21.670000
@SW= 127986.351562

[DATA]
6816424
-928250
6257879
3644994
3215516
3133782
-782687
6051140
-3432871
5720097
-5412786
1489513
-6451544
-174770
-3690644
-2469689
-1146013
-5721537
-53597
-3696005
3579500
-3181980
4045015
-128594
4103221
484991
4050515
3234652
594086
3938690
-234701
2746772
-3932058
2446923
-4887297
799889
-4404490
415887
-1191284
-3110671
-31740
-4328397
1460648
-4721181
2545259
-1077652
2871639
-53160
2580960
2242688
711697
2415379
-367090
1100290
-1684998
1284052
-2485232
1253943
798183
824179
-2006503
27178
-458411
-830038
-168167
-2307582
-164364
-1294846
-709559
133340
982883
-2151084
2083308
-657561
456757
1540652
813961
887295
-1977143
1071633
116595
367225
1797756
258867
-453249
1108783
-300768
-1206560
-713017
-481717
-1053984
712721
800508
-845059
-176175
-2407408
535851
-644636
1260378
-1638935
-1309047
55174
-294336
343443
178568
589207
-1157019
828505
-487518
375618
528377
231281
-183729
-310786
542671
-798513
-994089
496513
968236
-1472520
-27544
-485544
-1086910
-248933
-401369
904665
-1024978
445828
-62544
-121016
1100729
1168348
8065
276107
73855
-223222
604778
1890362
-1824126
-318032
831607
-996954
-1561033
-282645
-648389
-1760003
472584
-2247
-1124244
998914
-188209
1990733
-1080133
1622316
30769
-1564988
-1156492
-2251249
-88509
-1898013
1391778
-98408
500802
1411127
72761
-1451406
-1001834
208937
-768692
-1955176
-318409
-730389
-1154861
869317
141691
-256198
289996
1364204
-2615584
642064
326936
27593
-1300960
-1309843
-714012
-1813361
2877223
-565450
-500661
150965
572895
553552
1021173
726328
-2875367
-129213
181661
1970695
767859
633959
-106202
365635
990704
1989067
686582
-494794
1118739
334721
326272
429854
492746
-1225058
-356747
656520
-287489
-1943513
996793
-1820808
-2341473
1687186
1837965
-244708
-1042738
1402663
1150595
1604749
865527
178588
-665953
-155307
-448683
378562
1300751
359498
-745036
-933962
578272
-1050898
-1476985
285406
-2108660
699603
865402
-84540
-2268127
-82306
774327
415101
1229299
1956829
1341559
-290797
1565024
709112
-271917
247349
