#SpinCore Technologies, Inc.
#SF in MHz
#SW in Hz

[HEADER]
@CLASS=	RADIOPROCESSOR
@FIRMWARE= 3087
@SPINAPI= 20191127
@POINTS= 128
@SF= 21.670000
@SW= 127986.351562

[DATA]
3677550
-292102
5245473
1658371
3567297
3956138
1359318
3804908
1768730
2862379
-2619408
3174845
-3766428
2067512
-3851535
920839
-4244089
50178
-2466698
-3051081
-475887
-2505727
2747727
-3928012
2671979
-2478833
3196543
-1694794
3780126
404916
1592525
1603383
-653152
3291136
-1642882
4986659
-2623492
2320491
-2310184
1888303
-2382321
461066
-1276662
-2333207
-2598528
-1382387
57157
-1967449
1797995
-2656534
-1107810
-755030
1503176
-444486
-200960
505547
75661
294959
1350656
2236959
238778
1578136
25363
1079585
-526903
-73850
-1739846
354306
-23148
-270798
-1313386
-1199203
-112929
-1071853
2203000
-272647
484771
-728877
386311
-1309667
545048
222822
822636
22135
-862098
-1415772
100539
-723622
-904515
-23268
-735894
655520
98973
2462437
317062
394162
207987
1062969
-1091797
-41263
1342164
-429897
1012409
-64484
-1853912
-918268
1087959
443478
-973768
731464
753008
1010082
1232717
1630479
-467455
-13657
2213784
-834481
857664
1599459
-858439
-839522
1336975
896396
319980
671614
70576
-1575315
526013
1257512
-825911
-952666
343247
775959
633314
1328550
1084035
-60
-1428595
341775
-2207106
-1080985
1747611
-238085
-446026
-908723
711793
-674664
600643
2296112
-1681415
-403913
104570
1005429
78963
300149
241369
142579
1270948
961196
596477
-1762616
-1307761
-19505
-20038
582520
-969850
1334358
336800
344406
-1784793
394089
226626
-824473
-224185
253222
284052
-87648
1022746
-38060
-295382
1415129
-799332
1650501
-558847
1030897
-1741507
-1535678
160234
-934632
619820
-847643
-337345
-781875
309631
204228
401700
761046
371629
-735829
1423786
884169
201207
-459329
169942
406825
-183039
1302250
897809
-653746
-354425
1878977
-1408165
-1325795
-366293
-1127585
-766375
541082
453769
-1359814
966422
-111683
-17345
385254
-480739
199493
424895
-171354
-587584
-238731
239030
-944727
-1070803
-816138
1024473
-510272
-140578
609357
113873
840488
1820083
463421
-990072
-596523
7962
-1390686
-117484
924938
-609862
-74741
-757755
844723
-489890
1567054
796950
-5036
