#SpinCore Technologies, Inc.
#SF in MHz
#SW in Hz

[HEADER]
@CLASS=	RADIOPROCESSOR
@FIRMWARE= 3087
@SPINAPI= 20191127
@POINTS= 128
@SF= 21.670000
@SW= 127986.351562

[DATA]
2087011
-1023282
2523377
224185
1427239
3175557
-129608
3307528
694081
1674661
-1443505
2419161
-1520999
1189310
-2440740
-2094518
-2902913
479224
-2667216
-2766929
52235
-2419346
959523
282461
2554457
-988335
2253692
1981217
3106831
-785978
1692535
-348321
-58881
2268929
-1070758
-1750402
551178
2148251
-347105
1958818
-230405
-1142508
-679473
1152024
-235319
-909853
235006
-1791664
623321
-703172
573912
-1637198
719294
220997
1434973
45818
-130900
159382
269863
940060
167075
1167430
606185
-595410
-879195
719714
-175677
547833
88338
241380
-846851
864974
819787
-1981217
563840
-1738117
-399360
-841201
919716
-963525
254764
111921
-387375
1162398
416224
381339
-873909
262530
-561409
438894
351552
94224
-608662
863849
511212
-658174
-297566
1247701
-206048
1001408
505218
-1114637
-229175
421491
-390919
-1860351
-27831
-975556
-508451
1594791
1064750
-1044086
195571
1376060
-1151310
-739613
-266053
-1828724
-933429
746009
-1479899
-309060
2095363
295947
1392006
1262035
215916
-1993541
1460742
1283747
-947785
756811
-364118
83086
1114850
1774101
-1469393
-202926
1630755
-398444
1126739
512380
16071
474773
1590553
-164373
-1096875
1119597
263390
-256326
-838615
624485
-1991917
427171
-292158
-99200
-219051
1060709
919599
-493355
369558
-918331
-878488
103963
510999
-624503
71774
354172
-419071
1088946
334757
-391754
1002787
-482854
414762
-1747618
1748986
-482850
159226
-220207
-999401
-296408
-67805
504858
677832
-242551
1348242
706372
-267422
-427613
1456
-1069345
247612
-911453
-1183723
-1173676
-54048
801220
1293801
1020241
241130
491004
1236552
-915838
279794
-345719
-2185370
-435981
499721
-806333
-1097475
670983
-1102969
-86603
543861
-1197634
954199
596227
605178
21889
3032183
515278
754942
-469623
-21577
-326967
-25538
801214
-2180594
937217
253600
118506
-229630
36221
-349944
-345169
2059444
-727087
-1197018
-573831
691874
-268413
475212
-328685
-1112342
452653
639400
1063487
-1221315
637758
349212
610017
1006143
1474968
-563284
-602100
