#SpinCore Technologies, Inc.
#SF in MHz
#SW in Hz

[HEADER]
@CLASS=	RADIOPROCESSOR
@FIRMWARE= 3087
@SPINAPI= 20191127
@POINTS= 128
@SF= 21.670000
@SW= 127986.351562

[DATA]
5182463
-251952
5176526
3630230
3004743
4051566
2829592
8267488
-1921026
4464647
-2840481
4117837
-4223551
1474722
-3909802
-3729767
-2111451
-4758020
-1060354
-4463572
2454862
-4174929
3709176
-1318551
4304136
-391379
4415122
1541480
2055687
3859851
583356
3215962
-1427679
3639657
-3135433
1421717
-3302661
-838405
-3262464
-1779864
-1523664
-2783293
-838181
-1845921
1477742
-1702656
1929630
-985942
3001247
359313
1935247
532688
2236986
2449150
411734
1004152
-1540835
-481320
-1330913
2044841
-2105261
787144
-462283
-259259
124596
-48664
-551492
-1255942
305193
-522277
1426715
1514441
1503763
-1558196
211056
485041
-26834
1056078
-526648
-1634642
208986
432338
-134467
-316182
-1040776
-591206
-313573
1987651
-916864
-450552
-2186413
541298
499719
478049
689065
-452204
-228966
-787239
-252670
-778822
-206249
-885326
-461563
547089
1505853
-548738
-920319
-24021
-651331
-236820
-453757
564856
-424648
-24888
261524
1174246
-489673
460148
341164
907423
-710565
-30112
1303209
-209061
-789076
-49562
-627179
-1660856
198878
815884
-135526
-671196
-1101212
255891
1331168
388679
-836613
824180
849317
760009
-190012
51970
231413
-1253681
-390340
146725
-1273930
124994
-383300
-391937
-1288906
-858182
-246413
-230602
-460265
651418
1943874
524721
945681
1616057
-1334215
8418
427420
313231
53834
-836110
-463515
-361215
-1891460
1713893
-901667
-590818
159978
1471863
-866304
132682
780247
760455
1346130
-507527
438499
-823175
-395557
51108
-458434
-1665827
-280607
-1264079
-927413
1276678
433209
-769764
199807
1814595
-537884
1413030
2016175
-233849
-525936
928065
845289
-865629
1543562
-1164118
-1238190
1333137
1380266
-1901672
-1731594
-1114436
-794052
426112
2058117
1707051
-2556683
704668
282031
1066457
72458
-467427
-1824373
-612985
1329119
458357
-1193313
-1107881
-783051
-607606
875356
1348940
-2090281
846578
684775
258687
25202
1398169
1115932
-1509424
1224941
-272968
344156
184187
200048
-1271101
455576
1424341
51475
-1241227
-881480
690948
-2600906
1137176
-336545
-749004
1763030
553642
