#SpinCore Technologies, Inc.
#SF in MHz
#SW in Hz

[HEADER]
@CLASS=	RADIOPROCESSOR
@FIRMWARE= 3087
@SPINAPI= 20191127
@POINTS= 128
@SF= 21.670000
@SW= 127986.351562

[DATA]
3775747
-1814591
4220447
-543943
3078132
5094252
23817
5105180
-1537151
5661987
-4244762
5741026
-3557478
834639
-3963662
-545616
-2073669
-3836687
1433298
-3229863
1259392
-6037069
4900580
-2047512
4289995
-2190830
1878191
-326036
2968409
1823693
-911571
3508896
-2010005
3045726
-1747663
5018697
-4733268
279736
-1869076
-777525
-2002553
-701184
-526916
-2874492
977094
-160262
1306858
-1570010
1903409
-2131093
985858
1499797
3670035
-1236514
1390992
2297624
-51242
1870211
-1195840
1825885
-2350197
-155399
-395017
633190
-108026
235926
242719
-1250060
-961936
421784
-425815
-1755462
-271017
-1454695
-249811
127117
330671
-756543
2850778
1330381
150847
1499294
-933286
1336582
-437030
509399
551507
-1365946
1186836
984083
133547
-978191
-772239
-78929
-2350521
-43362
-173966
-1114351
-863388
938595
-1918748
-1298932
863468
-587076
-765558
-954788
1453004
-552641
-331624
499880
1168928
-234557
1161783
-537882
195500
617477
1146823
-304232
196739
-1100083
-1110461
-1252158
-1181775
-9223
-529544
7858
1456388
1033072
188280
-476213
1704882
537888
549550
-70435
574421
163834
-616519
941015
53550
714234
803795
-1370549
1109257
-163984
-988569
-1597743
-761695
144257
-709971
856304
240356
1058061
374125
1062228
-387512
976613
-834949
-1685602
535692
-73261
200706
-693710
-502162
-17568
1242030
-511388
414204
793666
-676916
-200105
1250840
-799142
-1777999
-504863
198694
628475
943966
1994998
-323452
-149528
-167383
601695
-817690
-1511793
1844534
264027
-1072130
-824795
1533603
-1564
-1446329
1197143
-1068338
1377872
212679
-1718349
-2599030
-665980
380144
712038
-191735
908540
1339848
556595
526483
1655351
854874
819852
587406
-1029978
141169
-1649296
1545182
-642887
222208
919837
-438207
-458844
-643068
220008
-821382
-815058
451752
357535
-315848
970640
1095795
1062843
-794337
1614012
-180030
388417
1992061
-763432
56291
20776
-298855
128617
77358
-1819670
200082
-1252437
-904465
609651
-789449
1344141
-304344
722642
-776660
2396041
2108237
442717
-891237
-367429
-424285
419649
