#SpinCore Technologies, Inc.
#SF in MHz
#SW in Hz

[HEADER]
@CLASS=	RADIOPROCESSOR
@FIRMWARE= 3087
@SPINAPI= 20191127
@POINTS= 128
@SF= 21.670000
@SW= 127986.351562

[DATA]
5563491
540705
4190501
1963208
2491827
1554214
-461658
4332632
-2000322
1713376
-4272617
2332265
-4313479
1239029
-3569862
-2300007
-1171937
-755763
-528020
-3001351
4045249
-2508631
2992901
-2253952
4372076
567534
3365039
2140463
-88991
619114
-696699
2930946
-2204044
1761456
-2262575
-159152
-1642907
978555
-311407
-857797
-457592
-449604
49753
-2721627
1323818
-2258202
865308
-3035048
2011927
573740
234688
91371
226171
2415259
-1885805
712221
-2377183
534482
-1160064
-925586
-1069016
-262829
-294616
-1099918
1434302
-1831024
-312431
2725
-366327
-1705062
1166904
-259211
537491
-1567069
1102989
-727762
124134
-1289353
-696210
1629202
-769554
537652
-81352
967605
-2810517
941323
580104
1622589
616738
-127701
-408228
-579948
1104497
914737
475732
-1794514
-1361460
-1060397
-859380
-293005
688571
-1622000
664699
528300
-575771
2161009
-586327
-579722
-1995614
1289471
-1141551
1074579
1395419
-408371
-29599
172336
-130313
-570677
904556
25588
-1449555
-217536
-50516
-889290
79619
-498189
-383777
-671131
251739
2186073
-1218683
471331
-374715
1529489
-507427
1131736
-121567
-1565831
2022569
-1382835
1266475
30092
968070
-741286
-643557
1493581
-1629740
-2259454
-81509
-428780
-392541
-366328
520460
816942
352041
1975438
-1103945
2255689
534420
968593
1058027
560461
1089122
-459804
314798
948199
803819
-840364
201487
-1191374
-1220487
1360702
-456576
-691837
-1093381
15171
-1037971
-380677
1822781
-58975
-1991129
885735
-319728
795031
1050594
652593
-778367
-179339
1641557
-217912
457779
-776856
-701142
-379333
1061498
1677127
-817659
-866634
255875
-588169
-887023
1428074
-339640
357761
56175
147346
-940566
-599498
1536448
583940
-596928
393558
1178249
-455602
1040159
1617427
222037
-1347139
224758
910332
112847
-103925
18272
-52485
-1466305
1002010
-390075
-967878
-625181
296432
-1407346
1004274
986571
-237745
379572
130699
207997
-940766
1129283
-152444
108630
509274
-405750
-559408
26986
634389
-964876
-863286
957355
1161242
-1117381
-878280
-1271436
-707955
-683071
2277286
