#SpinCore Technologies, Inc.
#SF in MHz
#SW in Hz

[HEADER]
@CLASS=	RADIOPROCESSOR
@FIRMWARE= 3087
@SPINAPI= 20191127
@POINTS= 128
@SF= 21.670000
@SW= 127986.351562

[DATA]
530294
-219257
987013
-513290
1219369
3073418
-570104
3373293
-981250
2538039
371339
134068
-2462547
610776
-2196318
-1248346
-78532
-2881434
1310741
-927426
894310
-1584300
1468052
-1015064
1736204
-497164
1320181
1421776
826262
1900806
158379
1761397
-167387
2488769
-179925
964837
-1178520
-456994
-501812
-86487
-378694
-1018630
-480264
-1323286
-1717325
-1187290
1290386
-2292609
1147764
-761929
-1720292
-971015
-3
312437
-470669
-956406
-1174898
-558764
-1276695
-1484829
-105882
-913318
-1329204
547991
-891178
-154813
1438536
-1363588
1157766
559282
210774
-1465919
433271
-653989
2299373
-600306
95584
-787667
302185
815564
1312476
509153
-203544
692225
-246426
-275872
213177
-208700
1691993
1034256
703205
2024371
-965367
599963
388917
229481
-733428
1363
583716
-427712
603386
272998
-310846
-587657
778739
128289
142060
-345121
661220
-803455
584240
-42790
-426056
-117843
-1563422
-1072822
194434
418502
-1582389
-266168
-892214
298272
2607
-1406743
89469
-1341112
-602453
601440
-1528603
268906
1646062
-1612377
278883
243367
45321
-284325
-368707
-350003
899171
2278085
-413896
577449
-225939
135524
647604
641580
450586
-301451
-46729
-898803
1112377
385533
-506265
337072
-298337
229143
1989178
907107
514634
-66883
-355934
420588
506000
-859124
681798
1055185
-1140097
435190
357862
-136803
1549984
178443
-31470
1581938
210807
-291656
-642293
-76516
389790
1070233
401963
772775
-310175
-54179
59332
767040
39880
430676
-833754
-30890
226703
-387255
-732872
531086
-611871
-71392
1060470
-91692
67493
1048481
564567
-142323
1044768
-1231663
-252009
-432906
509019
220178
-573833
-101285
517074
-115103
-503796
456938
-1230678
1027127
356080
-1260940
914396
473599
1270113
-49906
-8955
454344
2198129
36809
903287
99114
1118520
1304696
3017
-302138
798853
1146043
368256
705391
-346313
-569510
462749
-261900
-844142
1532874
-567820
-1594727
-2045920
-1031124
730756
367080
202614
574910
-209289
862757
1166852
861705
-242618
692135
