#SpinCore Technologies, Inc.
#SF in MHz
#SW in Hz

[HEADER]
@CLASS=	RADIOPROCESSOR
@FIRMWARE= 3087
@SPINAPI= 20191127
@POINTS= 128
@SF= 21.670000
@SW= 127986.351562

[DATA]
-3078417
-200336
-2220847
-1621163
-763039
-505147
657540
-2481549
1405333
-2033428
3050809
-1638784
476622
-544589
3202093
686121
1624826
1072981
284886
2984804
-156525
3162308
-5153919
1398757
-3019419
1669583
-2305554
983500
-1692011
-3391903
113748
-2423633
1024545
-2354195
2589304
-1709441
3708788
1036886
818201
338296
1062564
1086217
-1034068
2660049
-556759
-326938
-526577
1114929
-1577052
271616
451913
903361
-1601229
-12629
59136
-1813636
1478892
-391116
-1205457
-58070
133383
-1662751
295115
725809
267283
-1063453
1163111
1102892
-1534702
3441358
-775320
-69648
-366674
527486
-652346
-903936
-74730
-1365638
-1060964
-155950
-1225680
-1276933
-785379
144030
-1321576
904276
416749
-810671
172058
-132535
125908
-869351
702065
-736787
2552633
474568
-899121
-2271696
174494
2076876
-1342855
1478063
-1185503
-1267913
584387
346511
-1401325
-1288365
266632
198409
1020858
1361978
-246106
-170513
908511
-1048524
-545625
563637
103996
-1261751
933810
1130933
-702264
2069993
1536197
60880
-1018676
570988
-344198
-1076615
7506
-542806
-1510647
-691163
1588124
-1958658
-797664
42351
360704
-1499532
1061412
453131
-1138281
700626
1078879
381892
758769
782310
-601919
-760180
1015419
306658
-1129002
-966871
627812
471639
351941
-1061627
-1245181
411550
-640445
968882
223260
975358
-290
490820
1658804
-1539738
23915
-682453
-1611155
-2628958
547755
77477
-512691
771727
-1652853
441914
-451194
3158824
-1302887
-217913
-110493
-1358971
2046351
1348301
-431528
-2008000
2795510
-391228
-90437
568203
-1635330
-766499
-582780
3029133
-1835325
-169120
846356
-911022
-941820
-654544
81917
-315917
1688601
-1162296
302974
906932
-29974
-445333
-126100
561856
-1357418
-193885
-98554
-895237
-1089395
1798624
869906
-1270782
958839
212928
-1985874
1591848
1883126
-353287
-51375
355220
-1013752
487265
1292756
-934618
-713296
-947376
-228638
-142231
1554962
1093390
62338
-711249
753565
326667
-401029
-288045
-716002
-402564
704137
1581356
-176241
-757980
536407
-1172153
907458
1124556
-965336
-45911
