#SpinCore Technologies, Inc.
#SF in MHz
#SW in Hz

[HEADER]
@CLASS=	RADIOPROCESSOR
@FIRMWARE= 3087
@SPINAPI= 20191127
@POINTS= 128
@SF= 21.670000
@SW= 127986.351562

[DATA]
4446633
-1349247
4152966
807390
2288847
2942949
-1040490
3453164
-4008949
4155625
-4883741
1920619
-5620416
-1079494
-1484121
-2608255
-1607497
-2921703
1345543
-3131046
2220680
-1072569
2529661
-2064371
3730430
2534702
3858187
1696567
402084
3231905
-2943418
3129772
-782906
525511
-1645464
1416947
-1325578
-901542
-995770
-388815
-1125689
-2129666
20968
-1423594
1832271
-935750
1242465
12891
708243
1418062
1248451
1254205
643906
2328040
-975571
640971
-246087
1198942
-2022131
230114
716651
-498487
-947585
-1017214
-894768
-1677944
290810
-1470113
451160
-1781579
510812
-285821
-235721
-54022
615397
-75415
284891
1273055
734724
882801
-87750
-273719
654994
-382366
-465684
382042
-103701
-740258
96172
-192779
-36720
-1314178
-646691
398748
242582
-1543149
-594546
577914
-962076
97223
1093154
504438
-50576
500518
-687669
-998967
426958
399236
577407
-1026130
-1057851
876277
13583
-318354
599360
-2569753
-315321
79416
-151388
1035128
169870
-124099
-953144
-338662
-1116552
1053136
-793824
262098
756454
-869039
-288118
1736747
-900700
299940
-1744907
927924
1213524
1564853
-313159
977267
-878314
521840
-1023193
-458620
723862
-718949
332601
-314823
1655714
1080417
471964
-1918159
857563
-312310
-604100
-1577698
-655033
480977
-286410
-1082004
-641035
1172454
718844
-812567
802531
-235040
-1072728
-163711
1845493
-471337
-149123
-69676
-53877
-1051195
401167
329924
559531
-152670
42915
51073
-156406
-100977
1760260
854867
-342569
-761393
69764
428839
1147069
46332
2451492
-760603
9245
288598
-1366713
-1548325
-754854
-502498
-1484262
-266726
38350
-679266
-1386272
-327352
708363
188648
-2016833
862622
-356970
-1205866
-1437010
580657
1550668
-670136
1177945
463095
330006
-215622
12682
-1437336
1372081
-216014
-162419
-874791
692218
-620059
-1768196
-298509
-169371
-56711
-103191
503007
232058
-1390316
892774
-468483
249608
353385
465684
-481769
-68011
1279146
-220807
-493787
1546704
903326
-602875
-1020477
-27453
-368526
1188128
-735553
-701242
-148748
-2313116
-77951
