#SpinCore Technologies, Inc.
#SF in MHz
#SW in Hz

[HEADER]
@CLASS=	RADIOPROCESSOR
@FIRMWARE= 3087
@SPINAPI= 20191127
@POINTS= 128
@SF= 21.670000
@SW= 127986.351562

[DATA]
5580160
-1442922
4905455
2269502
3336545
3782432
268177
6187285
-1915291
5641816
-1880282
3526923
-3376847
1462004
-3349947
-2444567
-2288599
-4766764
-1821960
-4308389
1140245
-5783870
3286620
-3118437
3052101
922170
4951284
610061
2617101
4938012
1842534
3827773
694316
3492840
-2135319
4103070
-2022500
-685791
-3528748
-1076665
-3889995
-1582773
-1379948
-2741628
706865
-2293977
2751804
-2051168
3815477
869621
4075005
-62097
1748104
101369
1048201
2480165
-271279
-467221
-1256145
1560802
78533
1754356
-1088128
-650882
900626
2261872
-1056733
-1034410
-341497
-3943863
647186
-214077
-1399897
-3344339
1547051
-225362
195513
1088789
1261525
142157
2188969
2251337
-104228
1751609
-1211491
-946588
566831
226785
-422969
-2133025
-977663
-574931
-28901
281518
-242729
219067
-160265
1136018
-96029
-452526
-195878
-1072064
139012
-1484505
2657613
-1324052
-305118
-720029
-193681
833501
-403116
758643
-1911976
376992
12546
1200362
-1780053
-315369
1209825
1637334
16745
-35357
905932
-800424
352758
-446484
525759
-1353496
35886
59910
-569278
-452836
506213
-179714
-222601
1994743
265323
-463308
1014327
-603388
-445384
-1070146
-423525
-1534024
36956
473985
-1742725
744684
-130176
941537
68072
2020344
29568
944746
1891332
-437692
-309767
-2297256
-703003
-1347219
531583
-883928
-1637528
343316
32433
523850
-214738
1209082
-899351
816865
689018
367240
1573102
-873231
209209
-2201895
1571063
-1448708
733805
-1093227
-1458243
107207
132456
1092221
-293627
1022558
-881634
-55249
1776195
315429
436341
766683
502712
-739755
1508025
-1252324
-585263
-224253
-2890419
-758186
-54467
-593903
-2254414
-6806
1868298
233499
375821
150677
1214199
1423723
820607
-651375
-411487
-181667
-594807
-446779
-276575
-519405
272101
376564
-108478
99650
651972
-186716
1198988
1005359
-23573
797485
-777487
-773670
-1893658
837431
-1793178
-864034
89836
-1221387
-926761
1012686
896966
-1249795
552767
2114454
-1277062
743291
862831
-70067
-496138
-421035
-583539
-1031628
-1736622
-1181869
350154
142236
-1520808
850622
