#SpinCore Technologies, Inc.
#SF in MHz
#SW in Hz

[HEADER]
@CLASS=	RADIOPROCESSOR
@FIRMWARE= 3087
@SPINAPI= 20191127
@POINTS= 128
@SF= 21.670000
@SW= 127986.351562

[DATA]
-6428340
1769479
-1819519
-1820768
-2217665
-3165227
1029782
-4028776
5591400
-3095884
4124922
-4151610
3935500
-219492
3207155
2438831
-883262
3894298
-561441
5152496
-3019060
2133104
-2697113
1469520
-3177747
-586964
-2331685
-3434357
557725
-3477095
680273
-3363379
1433719
-1189157
2393284
-541560
3555975
1375652
1566734
3800573
520843
3697622
746126
3422378
-2958071
665860
-362504
-596085
-951076
-1271377
-1360206
-1827889
662336
-953044
-913987
-1646254
364819
-977119
1552119
812209
1098179
1619418
907245
356896
2127294
839288
1567470
-384339
407071
-571759
-407403
-1192200
-496957
-1387137
-1364732
-1965011
217547
-314377
-88633
1362536
998330
2640646
1340796
478845
806393
922395
171790
-1340673
214853
-2491002
-228791
-879067
-82306
-935526
-873665
-99891
-1516631
1469343
-1069566
1466887
52474
1201660
567
-828344
1473320
-1047186
793183
-224664
-3794
-332589
842808
68605
-1583077
59115
-265844
170110
-521150
1413453
-1131860
-97999
595817
788657
-199625
1150142
1728361
272183
1029780
156316
-1746034
-71350
-151329
-1569102
-1527813
-1346670
-1550499
-339672
601733
1421266
560597
2098173
610947
-969493
150656
637596
-627211
-2099620
2523742
-2350768
488642
-2226838
-832685
-4330009
-1046130
-428855
-2166355
769512
-333104
1065176
239540
827292
-178005
-114458
646891
1527885
85568
156640
421254
94304
-759174
-1502615
-775276
-1923731
130098
-105779
143718
664023
36482
437533
-834237
432588
302041
520158
1171662
1439226
111034
526193
847300
-1417942
146317
-1034899
-969606
191669
-1115729
974148
-1475347
2184690
91258
1095630
791457
-621433
1485012
-345387
2234297
-1083827
429986
-808840
97738
742994
-1189019
-1018722
-560407
-601933
-324393
1470588
-298897
1257532
311633
776462
36220
-731747
1420550
29008
1076332
-844255
3850
-470408
69652
356766
-402562
-162337
-1362260
-774813
-904173
-1156540
658417
-64575
256486
1664135
1417455
16908
37612
1501202
-64385
980403
-71889
-2050012
-107071
1446224
-98135
-1474647
895675
918731
578913
12480
947426
1200502
