#SpinCore Technologies, Inc.
#SF in MHz
#SW in Hz

[HEADER]
@CLASS=	RADIOPROCESSOR
@FIRMWARE= 3087
@SPINAPI= 20191127
@POINTS= 128
@SF= 21.670000
@SW= 127986.351562

[DATA]
-1340670
534742
-4081251
-1787700
-2358133
-1549103
-268392
-4054193
1467606
-2356171
3230760
-2174539
4254977
-305543
1397958
1828568
1178512
2219088
-167741
2428618
-60091
1795196
-939800
246766
-2216491
545370
-1106687
-976488
-220707
-1018883
-376179
-2476533
1297550
-966202
1077752
-665157
722768
-927055
1457827
1889038
1820858
590595
-86355
1800589
45682
1287694
-1879623
417029
-2265022
1309725
-2274880
18836
585090
-2108497
-479894
-1342499
-105210
-711179
575999
-496766
748039
317147
-1214556
-271895
580936
-735858
-573255
1937185
494347
-2697647
-528691
60963
420941
1523986
1886462
-1302366
-39306
1219971
-865783
393528
-270777
1075175
-915825
233104
-76389
-2581626
-111983
-3047012
77494
145671
1198719
-357209
982488
-379845
-1587593
2259445
233657
-1021058
-1227564
-146088
129421
-103816
354653
-1454872
414045
330099
513042
429833
442431
-293272
-776605
1747142
-1122443
987862
-407395
318939
-508797
-253206
555296
-476335
-357007
251483
331489
-1027057
1774498
-313911
740528
93036
-273150
-1193681
-1229777
378339
-1478065
-425139
585828
-827670
561492
-1024234
1733090
1041604
973805
-1140087
-1260578
1244640
-710212
203139
-1010101
-582005
-1141103
-506526
-689136
-624657
808256
-45889
335346
300182
-63326
-1734
1662351
516032
-468386
764098
541948
-706524
-1115213
71003
-1105884
-2031298
-941858
205641
258423
-649482
786276
889993
1212371
1413309
488318
-400810
-331177
-637241
-1374057
849054
-836323
-2440722
-1591410
1387370
-620479
-316098
1791050
-289535
-181858
1671307
669613
-160760
-921917
-451453
-1832004
5893
-425229
-2034844
522909
-407413
410953
-163706
1762743
373651
441811
745397
734848
1695780
-157016
-682442
-1930606
-1096203
-215395
-1067186
-1300092
-116503
-1165238
9203
-416036
2103255
664327
806994
131446
594327
78192
146259
-507372
-759037
-1327532
-426754
1105022
556211
-434323
-108363
-1314625
2318667
-892788
408949
-1526630
189440
1099237
429975
568620
-1225855
695419
-108454
242126
236747
298046
65342
322785
426682
82282
-52030
