#SpinCore Technologies, Inc.
#SF in MHz
#SW in Hz

[HEADER]
@CLASS=	RADIOPROCESSOR
@FIRMWARE= 3087
@SPINAPI= 20191127
@POINTS= 128
@SF= 21.670000
@SW= 127986.351562

[DATA]
3411427
-1686456
4729527
2300610
208891
4072473
-1592812
5237180
-3296151
3763316
-2886038
-166588
-2260406
1504500
-1857555
-3059844
-1374912
-4773593
-791016
-3710856
1818513
-3143527
2707909
-1155571
1845901
2226089
2746684
2721183
1162491
3092931
-1070830
2454940
-2477336
2530922
-1300556
1199730
-636006
-1267319
-1741507
-1859652
11525
-3381019
455476
-1953907
226444
-1392012
2134102
-328412
2132810
710075
2464825
1487759
640290
1612867
-682355
319591
-407162
-889886
-1608325
989983
-1134670
296445
-281871
1130147
-938324
11006
684072
-1389917
2357695
-1073896
270562
-275094
1222952
588377
-61758
2042419
-185939
-1728364
893380
-77331
727290
1051457
-858570
421966
1199112
1079347
-1216926
-441173
614675
-624515
615260
2535641
556690
-1621370
-898381
-878916
229101
-942732
379148
-947700
-1017302
652101
-150583
1030256
-1191556
486169
781682
-890155
920985
977406
-334921
-967884
272447
-183925
-151009
-1128858
-985069
-2180031
-1033934
1202511
-1409808
551363
-52181
-30
776249
1334995
1303392
-372305
1604661
716151
701945
-1404275
522775
-188688
-98378
208850
-414312
189711
-144313
-855753
-1053830
-59598
55944
1424828
283924
424148
1191062
3233757
2586738
972306
-83914
502387
-729457
-535499
872654
-291185
-1396447
-425660
503419
-850962
1444741
1365487
-690060
-126399
-917923
281592
-667943
980636
1889087
-392301
1825254
1119596
514219
-1865439
2320630
-806609
-1161964
-7751
-141792
-2398479
-1358105
1196401
-1172238
108913
-233979
-562713
-105376
569706
1966696
-1196743
1043744
1681978
-510217
-1495880
575727
234671
-74377
-2072407
-141078
-751216
1653046
639628
-263845
-1927489
-461573
190132
29315
1590727
840843
344830
134607
1339548
1562871
1618368
-1400920
-2440328
999205
649838
1293638
525718
-1349046
-256907
-2020651
1566535
-2141786
-565240
-656868
-420990
-343399
552845
522911
-1103670
985455
915280
834516
1620358
-19759
-436209
408354
245604
575543
-2719739
-803074
-282263
-806845
-129048
-693131
-1036922
-792169
644198
518389
-338633
511271
76346
338511
-2203741
