#SpinCore Technologies, Inc.
#SF in MHz
#SW in Hz

[HEADER]
@CLASS=	RADIOPROCESSOR
@FIRMWARE= 3087
@SPINAPI= 20191127
@POINTS= 128
@SF= 21.670000
@SW= 127986.351562

[DATA]
-5506970
1042712
-4809548
-1813230
-2000479
-3292566
-310839
-3096164
2095272
-3945675
3027082
-2896160
3632206
-417823
3102137
-667133
2125683
2827279
-1402186
2791036
-441378
3926486
-1518775
3176376
-4049364
200611
-1963430
-291699
-3247621
-2505149
62696
-2831634
161315
-2210553
1479762
-2432769
2750609
-308487
849016
-65576
2927700
1917661
680404
3897266
-181748
1568418
965325
2262065
-2159865
1598163
-1666954
-981147
-1865640
-557253
-2425677
-1838738
-599908
-1237402
-1137848
-251067
790394
-675128
532815
136172
1811441
462185
869237
-305118
885907
387520
-1536442
1352041
-1095287
642589
-100179
1542263
-1358741
190027
1329625
1243095
-1190091
-313104
1229866
-1085003
1513285
-176994
-824834
704274
809962
-960674
121536
1774574
830313
698141
459535
824933
-364258
2420431
-153846
-840942
14319
392045
-881578
16817
-574838
-1818641
1264328
237579
-514919
-1910262
-75035
650752
720774
493600
785175
-152620
2277381
150727
183711
-913924
2063037
-793752
334009
261033
-2410913
-415353
447410
818075
-1016723
886456
-635041
-90079
1523492
403200
-482148
-1079673
259388
-1363882
-873505
55243
653488
317542
-679705
453481
898557
221238
360995
320169
-160702
-737813
957473
1426951
-1920171
-777974
329975
-632319
-991754
872797
-1163643
311333
-600441
-796475
184865
-894968
2784436
-696987
-397738
-618055
-593241
864816
-81928
513929
-1524992
908067
163196
422711
1836899
464209
115707
-726950
834629
-880163
-340322
996162
-1418948
-741815
-1476952
1136174
-811751
780209
-617910
-613574
1163511
1854905
1412901
436234
679533
345723
686634
1397464
-250482
-1218141
-2037835
892712
-1909494
295976
47238
-565149
152697
2000613
-241147
717365
473940
-275276
1606157
303287
-284477
-165967
632292
-789654
-298814
568106
-2365516
654595
-322893
-1161261
1134400
638486
-640259
524702
1592938
-71647
456617
1275216
217292
-1071155
723043
-1802336
-1361395
25009
278949
-244337
1396708
1564942
57830
-60092
677328
1124283
259650
1028920
598974
-1171905
935743
285474
-1341987
-675646
