#SpinCore Technologies, Inc.
#SF in MHz
#SW in Hz

[HEADER]
@CLASS=	RADIOPROCESSOR
@FIRMWARE= 3087
@SPINAPI= 20191127
@POINTS= 128
@SF= 21.670000
@SW= 127986.351562

[DATA]
-1885903
-1518189
-3424766
-2504378
-2079610
-2318876
611450
-2087413
383185
-2453891
3426702
-1524704
4186795
706238
3996839
2790358
985891
2793244
-1412707
2966024
-2679667
1371929
-980668
784512
-2869294
-1792296
-794624
-1998932
-1181056
-1455593
465403
-4461631
1900779
-488163
2095445
-996860
2474837
1239007
1269630
2333702
-272527
1003405
-1316453
1744422
24001
263266
-2082050
-698366
-1283789
-1217303
-901209
-319192
1081187
-2465251
-921824
62891
1051162
562842
2569431
1733889
2884875
111231
1404977
2469462
-1133759
1916760
548601
62488
-726794
729490
-547383
-656049
-265860
-470011
-1293236
-1693871
-1062413
-1054829
-163092
5205
-127745
-854311
1188632
-677581
1457909
1673476
744190
-282457
-735949
2123627
-567369
-966255
2159838
-851694
-1089472
12633
482709
-1362991
-643301
-475160
-1186151
-1827880
287859
1883085
707923
-985986
-308360
782495
-464011
1881291
1123411
-98690
-1315126
562941
1442335
1076515
469551
1172720
1196290
-366190
-1256073
2881580
293316
-221262
-1586127
-558357
-882438
-727748
88378
-39319
-186924
-222499
899009
331468
-1189192
-60028
150788
-73391
367500
710961
-798027
-722451
288757
320514
-465240
-27444
-1317349
600951
-18377
-1450159
-163857
-1063511
844319
-76564
-872264
1256789
-568591
902065
-451242
64704
-426431
453089
433991
1442090
650096
583654
958056
60716
600255
-3971
1213905
-815383
402496
-798875
1004704
-619326
551642
938888
-689235
-1184275
-812343
-113874
-68822
1333081
-341445
49070
-168476
1353525
747320
1042670
224325
510964
852048
1202083
2295925
258258
792225
-460086
375840
2696458
488146
-1218073
-217527
-4532
191974
-2034726
1174998
-244258
-2300114
-1861852
58983
-612076
-955223
1087436
129184
-1293886
-1259351
1501824
911006
567911
1737886
2359665
305266
-1474311
716952
496791
182331
-1708375
2193451
-1553139
341771
-942948
43573
-2257161
-1546050
191559
-726519
142694
647851
4545
-172414
-46988
386666
285367
-144132
259465
835002
799171
-712076
-195109
502933
43452
-1017400
-1127759
1661996
640009
