#SpinCore Technologies, Inc.
#SF in MHz
#SW in Hz

[HEADER]
@CLASS=	RADIOPROCESSOR
@FIRMWARE= 3087
@SPINAPI= 20191127
@POINTS= 128
@SF= 21.670000
@SW= 127986.351562

[DATA]
7002307
86855
5234842
1191591
4462301
3477784
-368453
6391284
-2193669
3997542
-4554534
3036629
-5557480
273347
-5235471
-2371784
-2285215
-3513562
610921
-3870416
1785822
-3904618
3545834
-1927750
4963256
1000
2331485
952360
2806412
2000497
1038845
3398010
-1458491
4221786
-2762895
1564929
-2600184
2027009
-3384444
-1821174
-902090
-1767324
201981
-1629909
824185
-3136280
3233197
-967708
1131864
-68319
2120015
-744235
2380303
1551633
4398
141593
32239
2543836
-1314480
1750817
-797311
1102144
-1553218
-397703
-1534303
180546
857668
-2015147
878531
-1031683
1525614
-1003414
1520043
1241351
-5702
-654930
1411728
200000
-869726
892373
-541428
-591640
982502
1999844
-537511
1482735
171652
-433492
650630
2139421
-2155499
-1130875
-94585
401787
-1404997
-846277
-636692
-1409089
647070
1035831
-195865
147511
482409
-540718
1137396
1351385
1456234
55901
-627765
786002
1386516
57384
1773910
1079089
-645116
-664317
750120
-184220
-2164324
707055
-1076703
-2686927
1800901
27182
-344426
-682441
1418604
-1374755
17571
1582360
-1271525
-323265
-171431
757678
-1463286
49691
2401330
-2332023
-624417
844220
415140
214460
265801
-527330
-1932104
-390858
-688116
-1037169
-402639
54634
-758893
728093
195409
-486959
-1120035
-75806
257383
893500
493536
613089
-134162
-1608420
89781
-447229
67226
-782366
-1096088
-92224
1451513
-344680
-1080139
1313136
-765647
-77890
394853
146652
-298623
202534
1437549
-2274985
1133901
830462
-1245783
-703645
1435888
659404
-697038
-266577
-1320652
-1933054
119766
1455102
631053
1151433
-721157
-604114
46764
178795
906841
-1211240
-1803515
-807509
-519037
-415862
1261680
-6897
-1406384
1143036
388800
-703280
361911
482887
172932
581811
1224162
-658293
1267509
-423341
-299759
-584121
1721178
492816
-1312881
-1487895
67897
1082385
1789673
1623914
-974159
-425812
-450347
609203
1444173
699338
110869
-3496945
580959
1765740
-380878
-556498
840410
-447818
-467573
2572148
281860
-806969
-736605
20237
-279228
2886981
1692191
-2047561
-1225445
1621399
-691272
1313263
