#SpinCore Technologies, Inc.
#SF in MHz
#SW in Hz

[HEADER]
@CLASS=	RADIOPROCESSOR
@FIRMWARE= 3087
@SPINAPI= 20191127
@POINTS= 128
@SF= 21.670000
@SW= 127986.351562

[DATA]
-1346776
-142952
-513734
935602
-1342267
347378
-211966
-905574
1494286
-1126221
732710
896336
516925
-838594
769905
-1518473
-145761
2567069
-336572
40720
352118
804892
-706307
908565
-464945
-804306
970232
590682
-720900
211588
-42663
-1381559
1431106
363420
-645982
1397278
44756
-1677895
1566137
-495400
-723980
569794
-1232650
-1662360
519716
367661
725541
1603606
-266470
709225
651482
-61431
609854
-68529
-974804
102793
-1057449
1814546
-500403
1468770
-627422
-360625
-657920
-423929
-606565
-82866
-2882399
-1812082
-143418
1075825
262925
530879
1185941
-111292
2320443
-888951
-1177315
653366
233039
490955
-959143
758260
-518913
1823571
2255443
-1139199
-1005614
-435640
-250709
-666256
-422430
-1690676
584979
1889448
751590
650229
1344856
-432885
929631
1448551
-1254188
-2385912
-1300800
1949077
-883336
241666
-977264
-552469
699125
520309
-617981
-2457916
-942927
-1173923
584945
-360944
-327162
861180
-60969
1432568
63076
619135
-532604
323307
582263
-914456
-599840
-153435
-1323592
-730696
-200901
-1714853
922573
542321
1427318
-784504
-152616
-518838
637389
-33812
-866149
-675168
-1316146
1078398
1160616
635151
410941
808695
-1354528
302602
586151
-1456381
-492108
-1531761
-972833
-739699
-840733
-692814
911886
879600
-446218
-153533
-1671334
1540508
-234308
190315
1374049
173894
446158
-438721
466393
-573189
-71408
-927274
390327
328031
429106
1138257
1103035
-1429210
1207760
395839
-453787
571232
-186800
-741173
53584
1021750
-840624
397546
385294
-789284
-572613
1132143
-1935409
-133936
584741
-1401770
-335528
-495654
-339695
92992
859601
-1615677
1018115
428752
274780
1053397
175256
-761661
529935
1472885
-106647
427532
-844644
803314
-178924
302121
-156742
573632
-538940
488299
-316654
-1680033
1673847
1053698
1071695
-901377
-974995
884475
1326369
-69873
745430
773138
87145
-84757
747124
491324
105493
-1297162
-1172857
-389741
-1313020
908405
595778
-1299203
872268
295988
379355
133869
-438197
498890
-838752
1026083
-1278998
-118433
