#SpinCore Technologies, Inc.
#SF in MHz
#SW in Hz

[HEADER]
@CLASS=	RADIOPROCESSOR
@FIRMWARE= 3087
@SPINAPI= 20191127
@POINTS= 128
@SF= 21.670000
@SW= 127986.351562

[DATA]
4138812
-2231289
3579672
1462124
3625158
3396334
117600
7220352
-1188278
5863441
-3331594
5675458
-5600754
1823797
-3784846
-2994364
-2205232
-4749791
339517
-5829706
1360162
-6425565
2774220
-3267794
3086068
-1611804
3279116
4186269
3014263
4503485
567063
5657835
195931
4236801
-2299901
1058149
-207297
1486592
-3209405
-1611784
-1442226
-3180696
-2112345
-2961591
-591904
-2448569
1980498
-2470370
906375
511979
3072783
140779
2530977
647968
717092
766387
953797
283875
-638837
1874263
-1047722
984292
-636368
-153521
-3943644
823958
-848421
-1053863
1020026
406312
673372
-744488
999770
360232
1652842
624818
-362932
-1575344
484132
694128
898455
-739729
-1334918
617315
1497055
146878
-276196
261579
192554
140778
580310
136053
-1383552
1543412
-599018
-1245783
41437
858405
-399638
-1425825
398511
-657745
794964
749765
1167315
-247701
1783011
1650238
610530
358672
275089
599124
-614873
1496796
-92745
-1733010
1454850
-338509
478728
212719
253258
1470238
1426530
391878
-1001405
786611
578224
-1402507
-530970
46201
277381
-1480004
635280
-1772184
346317
679287
808050
924257
-358313
810308
-416590
531798
-1167848
268038
-77290
353749
-660205
-306575
642083
-858947
220486
-501286
563557
-14531
-410370
-774695
1030200
195166
1227960
-439892
673143
-28724
-431751
940926
616896
-783875
-870838
-154775
370024
143435
676347
-619240
-665143
216177
-568406
899391
-269726
1740862
933114
-423319
474739
2013879
-280175
182994
-1743147
-93980
1600942
-278252
836102
119700
436678
381112
-953547
-1316551
-461824
877953
155224
398364
-2093760
785321
5942
577287
1873896
-1458253
2375741
-306220
1099815
36248
431700
-1410237
162656
1538001
570487
-1878173
-1322956
50964
-1545295
-1269836
-330267
-276899
-220381
1374431
692452
268986
400243
390453
-368526
1257521
240931
169650
401835
-642078
-1042359
113321
2187601
-788140
-1769684
405889
29969
647703
-45335
-47989
-1284561
-1033282
1508349
-1238440
179780
238092
1043085
931545
49686
504025
528632
791464
310353
414542
