#SpinCore Technologies, Inc.
#SF in MHz
#SW in Hz

[HEADER]
@CLASS=	RADIOPROCESSOR
@FIRMWARE= 3087
@SPINAPI= 20191127
@POINTS= 128
@SF= 21.670000
@SW= 127986.351562

[DATA]
-4046451
1842771
-131669
49803
-2687736
-2229984
-465250
-2882088
1896797
-3638886
1304299
-2513087
3273193
-1235027
1712374
2999060
1727979
2115625
218149
4646712
-2576548
3831041
-3342427
1416186
-4001748
-1044787
-2490657
-2486081
-1010256
-3901995
923502
-2756030
1335913
-3364913
3121671
273466
3311820
1250126
2792987
2373603
-890106
2491207
-58539
1407016
-1472828
122149
-2096669
423618
-955160
-1310605
-1328773
-1826066
2367294
-99852
-250158
-312036
901296
-568066
2272657
-512110
411220
-1058050
1691551
-1281569
1042533
1127792
-768246
-275946
-442809
1737251
-1233209
458850
-809953
555990
1473465
1836685
-1165341
-919646
97586
-1681956
-619438
-1169938
-49400
-2488088
994734
-285601
-1816485
-654308
-64754
-382250
1363839
-143558
-843801
-349834
140574
845065
529078
-1070284
-533250
-225844
1754903
-685395
-1075152
438250
-1105795
-131371
-688376
243912
-475508
-1256623
-1493435
-484908
1312762
413090
500870
243995
1425930
269613
871043
-1277838
-599777
29126
564704
-54945
-1418093
-66906
-744806
1125337
-280596
483543
1183051
-437016
1591842
-242451
1653546
112337
-72352
-435328
-1216498
661774
112877
750737
-1247177
255012
-160629
85386
-612711
-947640
-592257
765990
1133540
1008680
1179800
307055
-546540
1590068
963158
-1413437
-1970373
-743998
-3151514
346548
-735302
-1334638
-1999062
219476
598617
-327292
298320
3783
-14277
-132382
41868
-196502
1013759
-248236
-688069
-500910
-2017333
-523406
-513025
-946728
-987792
1544040
1170497
947885
1466322
1483189
933490
-198891
2195102
44308
82925
-670808
-1225069
-760295
116768
-614059
-1910917
204245
1185296
1010777
-550721
448890
954057
953362
978614
1004892
17449
-912859
45788
-680143
-641698
-161406
-1047390
-979782
-768374
993377
-401706
96416
-1140725
288931
1035564
1048963
2111876
232854
392004
-902642
-257158
-672864
686844
293479
-2230494
683292
-1241417
-224706
-611376
-1084981
-1375769
812986
919532
527450
1984377
173709
1369911
665095
1648446
-517678
257478
-1185529
-1080722
-647837
-1577626
879249
-1270497
-249997
