#SpinCore Technologies, Inc.
#SF in MHz
#SW in Hz

[HEADER]
@CLASS=	RADIOPROCESSOR
@FIRMWARE= 3087
@SPINAPI= 20191127
@POINTS= 128
@SF= 21.670000
@SW= 127986.351562

[DATA]
6764071
680932
5742282
2777196
2156472
3896856
167555
5524210
-2455505
4130936
-4492660
2314958
-4538682
-1127352
-5077172
-2581712
-3218318
-3002238
-505314
-5293028
2873727
-3833169
5258821
-1597638
3980291
759634
3002229
3149232
1344626
3507501
-810958
3559717
-1830515
2353115
-2779293
235939
-1437348
-2019723
-3307230
-3039270
-2213224
-4562551
-203411
-3538619
769046
-1382559
2668561
-298128
870009
883263
-335932
1046145
2068327
2703549
-81375
1037187
1982767
443659
-567329
1308090
-654723
-698780
-1301574
-1736298
-1144819
-2060741
566510
-977389
-683396
-2915077
-346084
188083
-9359
2263158
622849
1609329
-27605
2875990
1208535
76877
1755208
503690
-1061671
351606
-151866
1030191
-2536895
539753
-290021
-116233
-553379
-918036
-36537
-675686
1004527
1033901
-94426
-1212406
1046295
-576604
116488
-1198682
-7702
736210
-1581184
277591
187444
149692
133355
1369042
309083
1034764
-1191363
821579
-532148
-2446294
1106998
1058139
-1513470
-2929090
1237300
-1088458
-1043153
624377
-1509243
-2234220
-973823
1240273
-221173
-1199152
1912830
-858462
-1872918
1864288
75895
-94112
-1207603
1966705
-908946
-719349
1753780
820167
-706011
-178649
453616
-1110288
737050
227295
-1025458
-1321618
978969
-1620092
50374
-2091430
538517
-261601
-3563107
1618429
-1187187
-709210
-2156396
1913419
192304
-31888
682767
1126396
538130
-187351
1476392
336715
875217
-1182252
-782045
-1098093
223222
493397
-133705
-813341
882183
-402961
-142269
-185014
685331
683748
-973656
304643
-1206805
1666440
19917
-400266
587683
1112475
743585
1488781
1322075
3375670
-700412
-203865
1038889
-681395
693292
260923
1263387
-2280046
1218695
407384
-1727763
-532943
-352612
-340953
-1125824
518073
426088
-2601435
2120845
2105553
-443220
440309
1677509
2348625
-302348
1180375
257055
-1399398
638641
-435094
1288297
-1282357
1156713
390564
-650517
1713478
133388
210289
-844184
-725188
-1900545
429445
-7399
-289632
-1183839
904955
-875534
1509285
139531
878186
243303
-422567
972180
-453011
596169
-612665
1157121
-361982
-2089352
1296687
