#SpinCore Technologies, Inc.
#SF in MHz
#SW in Hz

[HEADER]
@CLASS=	RADIOPROCESSOR
@FIRMWARE= 3087
@SPINAPI= 20191127
@POINTS= 128
@SF= 21.670000
@SW= 127986.351562

[DATA]
1503592
98253
1723690
1411701
1620459
1445223
200688
1033384
-2508176
1529226
-3054661
681282
-2133167
-1028733
-2110457
-731328
941566
-2179036
538511
-2079001
-242102
702929
1693637
-1310756
1321695
-1345104
484900
1067242
1854047
1316768
-487537
2096959
-80041
1855206
-521029
-591774
-2497132
211677
-70653
-1525922
-362224
-2592471
-1112784
-1251264
1401491
-127248
955738
-360440
186529
2087144
1221590
526328
-93006
-158158
-67776
944698
-625949
-69976
-340666
-847260
-71765
1066087
681471
478503
-562517
312104
-59207
-665319
60364
-27063
-155179
-508077
674663
-79783
1261293
-1402308
1344240
652346
516393
-802395
-336138
-634909
-666526
228961
-509788
93477
-527267
1702019
22406
-434193
-393731
517530
-105818
1095543
586349
-860496
-284176
870148
873331
95567
-31254
-569994
1494782
-1089513
-104777
-903889
-590365
1124687
-794088
21630
-450575
878928
155015
-488801
1001407
339613
377525
-113460
889764
-260816
1308205
486454
-1042188
217167
-1221237
-842805
-61100
-80937
372089
769448
1857822
1226555
1954799
330405
-1057307
226699
-1403215
123898
324498
-2288133
-350856
-82737
497606
792171
-313697
-2003132
-415927
967056
870638
662405
-1491538
221654
43430
-489833
103752
-1126721
-197001
-643756
447278
320926
2063357
-419244
854311
1254415
-1655519
-556645
-962048
-989450
-727983
73373
-137472
-1620247
34837
705712
193014
-14962
-18846
-294368
-1022155
1323000
-1011153
-934897
919032
377545
-1139287
1060508
-430160
-1009584
280725
408355
-1588253
632780
-816785
696780
-1642423
-174288
1361803
-331984
-414254
830615
465685
-151945
510918
845197
214239
-191441
-144418
7429
-714848
-465686
215316
-166617
113693
1051165
-861170
280434
1125567
-33034
-506923
-736310
607793
-1064231
-1308187
920331
1118918
-1709124
67434
2329917
-1159452
783371
-83943
191818
-564576
1469194
-80252
719551
622768
-37419
-463659
-285740
-528850
-1653116
868795
-110444
-1678398
-193486
-754151
-1047126
-421670
-285873
432462
-127487
11922
397575
-1114248
81050
