#SpinCore Technologies, Inc.
#SF in MHz
#SW in Hz

[HEADER]
@CLASS=	RADIOPROCESSOR
@FIRMWARE= 3087
@SPINAPI= 20191127
@POINTS= 128
@SF= 21.670000
@SW= 127986.351562

[DATA]
2515246
-1278663
1706626
1487943
1111124
679274
-1401661
2205678
-91320
1629431
-3262799
443156
-830163
1914470
-1451975
-1277209
-883087
-731324
111699
-136087
531108
-1859040
1375121
-238871
1159902
257944
1322784
1607977
2177482
1527890
-748893
504127
1325708
1010498
-1496461
-1271856
67806
-286445
412794
503608
165103
-1909830
843705
251262
-665672
-858169
419394
-402159
833551
-1962244
-490247
70480
-623742
159982
-437670
261590
238712
113310
497890
242419
-540265
-158716
-1141471
418919
-440212
809900
-659346
86846
-1150915
-917618
1320673
2140893
-180579
-753571
48451
-906718
822215
-124724
321308
1651604
767376
842971
-598787
293380
313294
-302975
-1253929
-867669
54717
1357494
955337
-931132
-222421
394354
-884532
202590
441362
-873476
1371691
142920
199715
1426981
-187363
802061
785167
5965
-339265
146689
-419218
1505531
-392204
-611002
-641299
-1222581
812100
1591990
-830902
-303095
78051
-201703
751029
-581732
263146
-167038
-723000
-473586
383190
68611
33504
-132152
-1322558
728983
-462756
115911
620481
-242036
-528837
-915308
426751
-840845
325596
232729
800751
-1063906
740421
-372113
-343960
160073
842575
-1898093
378833
826937
803808
655318
82104
-1709553
-405407
-37584
900634
-360102
-1344824
593993
-1705425
418742
100619
413288
769781
111039
1060784
-331795
-508358
-8143
-1087620
1035589
-36251
1023603
370937
1304974
523965
-475947
1300572
969816
211067
-58366
812718
-393426
1517613
-1607092
904006
-489537
1405729
-285896
462480
-272604
445564
-1032037
-1512796
-1258366
-1750374
-1460716
-791748
4252
1199961
-300945
-1608107
631639
-846045
274726
-419908
565501
-601176
667866
-2168510
-459997
819342
22752
1035030
961650
871291
-438799
744587
928034
1534814
-300134
992160
435566
408755
-1841061
-878024
74319
-858082
-23421
-463787
-816782
1162230
-662762
260173
-657654
-168947
-2359071
-66215
-769945
-1962654
561497
-763154
-3667
-771135
-1025371
924742
3102475
-1747959
-538514
-603334
-1761916
1094558
629613
