#SpinCore Technologies, Inc.
#SF in MHz
#SW in Hz

[HEADER]
@CLASS=	RADIOPROCESSOR
@FIRMWARE= 3087
@SPINAPI= 20191127
@POINTS= 128
@SF= 21.670000
@SW= 127986.351562

[DATA]
-2520687
-2113180
-954667
-2178870
228226
-2115657
471550
-858991
261456
-334777
881834
1666693
-943085
813680
-1858987
712038
470421
235207
-1756593
969513
-1965807
-2471385
889521
-2180207
1808341
-1095080
1055089
-293297
1783501
258996
1157267
784898
-785065
1822743
-973570
412147
-1684319
564812
-1204782
-16970
-913986
-889453
87388
-1026306
196484
-2268461
1285542
1981765
1175930
-1075222
357315
936269
-303079
5766
-1675653
-655982
574798
698146
-1720606
973858
-86813
182581
382065
-632713
1666204
1349772
-102807
584988
422919
1525662
913598
641768
-314781
630336
-732343
-1121005
-2019999
-1113298
-717107
-205076
-1403904
258609
915328
-1744828
368589
105436
-1256973
-790950
-354481
555683
301798
190416
238325
-81476
-437194
-365983
-289519
-1601519
669939
442627
521591
1298232
435454
520359
586175
-119010
-1217064
-357232
402290
458132
-359342
269266
-672875
1945843
-159601
-86704
-939804
-166806
-1636821
-1143246
-2245330
791137
801897
474074
1069387
-273410
1179313
107222
-951131
-707592
2618315
436199
275884
999308
245907
907599
751676
869429
579038
1423303
-238502
942576
910270
737645
1341054
42097
-1304561
-710049
-860618
-1014843
387925
-1289003
-48798
577427
-1714322
-1794944
-436736
-418868
832058
-1639228
353860
-181682
239393
-1598746
1381325
-292149
612332
796458
111397
93690
91882
-1168380
-64010
2143183
121283
453121
-176823
223656
1917952
-469504
-748322
607013
-503118
-928543
-286278
-1053422
-798862
1484069
-799056
-735135
-185693
-1961484
-151756
-343904
241985
1165788
614901
-787266
886707
1335108
1225826
255313
-500045
-1451232
941777
958541
-752759
550078
925804
253893
540309
-847505
775906
781230
-711060
588957
-748740
-210294
1536208
-918649
-281767
-172097
170403
-614735
-68240
-458700
-612828
856953
-265443
-630747
1000715
460475
1084115
-336756
752787
-182189
-203335
1069143
-107357
-1348871
-26284
-914734
24088
138726
-1789181
690808
-403417
642329
280770
619725
-533350
1117783
53065
-823925
-334633
-270490
