#SpinCore Technologies, Inc.
#SF in MHz
#SW in Hz

[HEADER]
@CLASS=	RADIOPROCESSOR
@FIRMWARE= 3087
@SPINAPI= 20191127
@POINTS= 128
@SF= 21.670000
@SW= 127986.351562

[DATA]
3662632
350537
6189707
2572642
1239097
5861106
1052123
2912442
-1336483
3403730
-4263878
1455365
-2250384
299623
-2831874
-3016058
-1701404
-1566655
-1121702
-2334277
331697
-4287383
4210143
-2066974
4175543
2248008
3737247
1255303
2400550
3237146
-877109
3001406
-1011927
1188154
-2519297
83023
-2738132
-2288639
-2328624
-244098
-2601153
-2582070
44753
-1047381
1608804
8916
1722214
-894987
1564688
329715
1735454
159720
1669911
256704
143261
1408546
-191393
336355
-1413324
1318267
-2346993
1265127
-1718427
-129407
-663584
929399
673616
-1172441
1097854
439142
334746
-1157484
2825813
1018045
115894
-665520
605870
907262
611828
568010
-315538
762354
-385574
1552195
20183
1731717
1549994
628468
523089
1374072
83202
-1398433
1496731
-1335008
-764552
-369247
1033837
-701687
-812812
-740300
-193060
-49114
544000
604640
-1696224
1191781
-53177
261035
132089
-353884
-67723
-2696831
1498808
66152
335618
530507
-430325
-2534633
1435495
-1214709
-1630851
-1770958
-1447542
-840047
424913
-513219
-756138
1194987
1936566
2036259
-944595
1204799
1406030
496225
1574420
190594
-311973
-624915
1154505
-403062
951648
-790451
-1119317
40880
-1227860
1641449
-2168572
250789
-461285
457827
-1554944
-342647
848192
-192777
-26151
1263531
-895613
-381694
1211899
-215398
-135514
-430092
1019559
-1388625
-516724
1624390
-485000
90276
183020
896704
-1710959
-517002
699338
-107321
1183228
-940572
27572
-1288328
869711
-45199
238451
685030
424420
1172455
-853887
402718
-933378
123030
524634
535134
924343
-944899
1246991
999195
2024566
-164254
-406428
-393435
-87819
-1474354
45515
-390832
-459113
-1278131
404704
653078
619989
1507274
24111
1455563
-395161
1114839
-364062
-467412
1025183
-926355
-1722257
638235
1099925
-1489462
477969
497308
404547
-537705
576080
-78350
-1537818
-286358
-281914
593389
1463227
-505360
-1009662
-219412
56323
1826861
1013565
210420
-383910
-562490
1126585
32906
915347
-1571975
1194180
-807946
703823
11854
-280629
-437620
-563240
803921
-216292
682975
1325495
1054789
