#SpinCore Technologies, Inc.
#SF in MHz
#SW in Hz

[HEADER]
@CLASS=	RADIOPROCESSOR
@FIRMWARE= 3087
@SPINAPI= 20191127
@POINTS= 128
@SF= 21.670000
@SW= 127986.351562

[DATA]
-2178338
-542505
-922194
-1486320
-1096792
-218427
251073
-184276
1215118
-290304
-330693
-392517
464891
76185
1070474
-53836
776952
443549
867169
1404937
625048
689432
-1550557
784683
-2996
-356135
603657
-312845
-422191
626900
279606
-1299236
-692712
-523719
308080
479525
-230948
215744
-708184
970571
-1010542
-514639
-1065830
-63367
-14832
-395717
-279196
695926
-1143728
1205873
761707
296772
-1040067
213861
486281
-1299596
1098159
669766
362076
233056
419006
1527994
-8452
-211326
435090
191565
-1152
1101209
245168
702012
-456574
985193
-803914
-175990
884236
583886
-1682604
-221332
-633054
-391204
27420
765104
103961
805161
388667
807608
30268
874555
1842
-8202
-181033
632768
-720364
-369554
106994
-1457602
-448517
-600142
-483406
-387057
-1465826
-1693856
-916251
-424624
390651
925617
-73938
-427547
-1066201
923137
-229662
892259
488282
308688
1331437
1419083
357137
-716711
1008966
-391496
-1302353
747733
1142994
-1924315
881111
163535
-1291297
-611430
204838
231731
-1049166
284294
-1654343
2341302
7371
76757
-577680
-1124283
1289747
194065
157945
-1964
436383
-654162
217256
-57646
1098352
-1275702
420754
-671456
-157721
82861
-1404783
-936624
-1163152
-962820
542716
-140442
459189
1099892
-517349
-92980
-546865
797207
-308939
999852
-95546
607703
891091
1379104
297055
36677
1989484
304895
601115
-626241
-406679
-963426
661473
205173
-1307559
-1413110
-864955
-416367
-847968
192031
965154
1503747
-1738470
521205
652147
-748012
589486
160068
412117
-1476799
2247941
284519
-2410192
980363
-183332
-1769907
410655
-333896
-791286
121497
1364619
1169517
-290290
1544003
569902
-218344
-612083
-618226
-728727
-953679
-446437
729423
-845665
-506343
303915
-866931
-766531
-781711
11743
570476
-321301
1262075
460765
-263099
833941
-249708
16025
-335428
2377863
666591
-1592806
1089555
-859919
-731149
374053
-1043554
-71691
-1904861
156622
-192402
-1491011
-137204
-1189494
594984
484909
848798
-248268
-2162782
1486486
753538
