#SpinCore Technologies, Inc.
#SF in MHz
#SW in Hz

[HEADER]
@CLASS=	RADIOPROCESSOR
@FIRMWARE= 3087
@SPINAPI= 20191127
@POINTS= 128
@SF= 21.670000
@SW= 127986.351562

[DATA]
3519883
431716
5214291
1563936
710166
3488913
855628
4725663
-2814190
1955171
-4007524
900606
-3672692
-999472
-5182333
-1223324
-2089293
-4503970
276987
-2444798
2358252
-2631188
3469742
-1018068
4705990
751541
3143387
2076868
769570
2673943
-1345604
1903679
-1860317
902112
-3075572
2974199
-3492027
942460
-1581081
-2376914
511267
-1172265
590561
-3081006
2078526
-1494027
2015859
563749
2180534
-317024
830297
1895596
939329
1144697
33614
135486
-2613214
745204
-971285
8767
-2617768
678587
725874
-403308
-262999
-48551
288364
-2296448
1748932
-1314258
1863159
824368
1714062
-446044
1704884
1550305
325650
1323083
982896
275946
-1480124
-237321
907062
-318028
-159917
1091851
124122
1037969
-299722
-1260956
-1724472
732637
393081
-1003355
-310147
106750
646163
-698275
2291773
25054
-101658
49805
-416257
-245867
501609
1115953
450865
-1885963
-1455753
129065
572196
211088
-607476
82884
-1039436
-1089045
-1865964
61464
-527440
-401018
678711
-1399206
1676987
-911475
1876477
579526
2140838
456552
541261
566985
-769458
-154318
-2241047
-1360214
948894
-864168
-293889
448067
919010
-413585
209151
114674
-315123
-149446
670823
1077221
-1149378
116534
1548345
-2561807
369028
1308359
178463
26703
-229528
563464
-2549289
1023200
-76594
-310466
-876924
632941
-2116947
-54788
1225407
-230911
-1171882
-36863
-1651710
576477
849788
-154118
758011
-547326
-123057
551322
-1224665
-1396628
684110
-1178040
318275
1086559
340041
574673
204075
1477230
-844349
289548
2130977
96780
650278
-170895
985342
59296
521759
474452
-854747
413214
-1903287
-542346
-958581
-764818
352994
-624603
-342775
-205055
-300485
-1046304
638446
551034
554461
-261812
138807
335824
7885
99766
777248
-1704259
781698
898020
-399492
-259651
772015
-494733
-1925399
-337227
-1032224
1091749
-441116
-825046
-361163
-613219
358584
-664323
-314620
826508
603677
94129
-60865
149278
-917158
918892
-2192228
-1131247
-1988042
-1854366
1321726
251825
80394
-912119
-1245185
65550
579967
1029489
-1592361
657312
