#SpinCore Technologies, Inc.
#SF in MHz
#SW in Hz

[HEADER]
@CLASS=	RADIOPROCESSOR
@FIRMWARE= 3087
@SPINAPI= 20191127
@POINTS= 128
@SF= 21.670000
@SW= 127986.351562

[DATA]
2954541
-1975884
1075884
-221378
1443639
1578531
546632
301346
-50175
2609909
-1248693
1785167
-760536
388012
-2021061
-280344
-2037922
-254675
-1842870
-2626129
458741
-285634
149431
-1561720
1762908
-3284960
3385978
-1203264
1884996
-747640
-368748
-160883
1678046
2122329
-1106066
3546418
387055
1118573
296644
793558
-1350327
1385655
-2006261
-2976546
-1023384
-1701363
-624625
-521640
312157
-3296093
2535730
7956
2614573
50421
1954552
-91375
1360324
1134560
175115
2349873
-2063856
700380
466742
801562
-2247251
1410181
-1199968
-1488348
-392526
-1152269
-615175
709206
-1153818
-430516
1804720
-1150683
2329525
212448
-1910055
-148315
964510
598979
-96531
4136215
-188624
330361
2135686
-278557
-1798954
718633
-1922124
-1997913
855537
751145
-369487
1463287
-592318
-1006578
2047696
282743
344933
827263
-1772100
-359331
-71586
502581
-2102042
2149416
-756134
-37443
662383
-1453138
1518031
-77568
-1658244
-1477570
879884
-641834
-1318128
-216774
-841419
925972
1191412
-632520
905479
19020
-618912
-1421273
-145412
-1668559
179299
1081680
-728471
1540091
774207
626531
2256502
1324911
-933146
-1320420
477636
-2236981
337609
831459
-312662
1019190
238439
606949
1024044
618303
869623
563184
301239
-62106
-418353
200956
-228143
169857
-1288352
437669
-646020
-605070
1265590
-451298
153921
-440368
1197119
-1932012
832193
-13033
-513933
241294
-651040
1374616
1119752
1873781
606096
-78265
1416660
-308325
-1050908
-696496
-822133
18069
-446883
201732
209251
424093
1317808
-66944
955407
-1561017
812608
-183048
269583
-641387
222062
572880
632733
3241180
194066
245307
793946
-1078130
-712901
-289199
-1591967
-2115349
-25551
-1230768
313973
939626
-475055
-203893
931770
-202109
529041
576033
-1003006
66749
-1382440
1036786
1445705
1963613
-1301097
-326526
36313
-1508229
-1619359
238304
-1299444
-1334346
25169
116384
1000126
-309303
674430
516682
702889
-1659758
581983
941557
395
208545
194744
-228700
-910963
1229170
-1503015
-92087
63884
333024
474151
506676
-492974
-1130169
