#SpinCore Technologies, Inc.
#SF in MHz
#SW in Hz

[HEADER]
@CLASS=	RADIOPROCESSOR
@FIRMWARE= 3087
@SPINAPI= 20191127
@POINTS= 128
@SF= 21.670000
@SW= 127986.351562

[DATA]
5137192
1506796
5820884
2350787
3661315
6556268
-1134886
6290479
-1002526
4575752
-4189827
4920292
-4718998
-1511587
-3453150
-2864249
-3605425
-5173026
-139028
-4613638
547839
-2992962
2953650
-1521284
4933532
1121487
3071938
930947
3024260
3885798
973279
5239416
-1705586
2322504
-924473
343405
-3416936
-1019061
-2200715
-3208364
-995617
-2399750
-2476914
-2298908
1769687
-2523160
1248784
-734805
3616423
2111815
3664265
2493836
1246963
2760300
766596
2657173
-207891
-136408
-1704456
-199800
-2413865
276204
-2042372
-1339075
-2484566
-819261
1173688
-384694
-1243572
-415145
1084768
167146
1932330
-466051
638275
1761106
1815541
228745
724432
464978
1076762
-1330922
135279
16513
-2476580
889476
-928576
-490489
-347669
-495296
-1052225
1843742
14420
76263
-614136
-60936
1640919
243123
775363
61834
953957
756447
284887
-328056
-140221
-110829
165430
-496627
-2125269
590392
-1188308
203903
-677666
-1988116
-1107287
161644
7449
971263
993955
680495
-2577649
-606921
1805413
-1189708
1013239
-203273
-887993
540385
-278445
1445024
-764056
39687
-743231
-930680
2240445
382934
-1196735
-1326456
479986
1561452
1670839
1667131
-235518
-1596640
-1456773
1227726
553220
-720503
1793734
-560743
-710767
2348337
1777660
-826379
24964
-343977
-1110204
181890
-165697
-48234
37324
121174
1082735
1359032
1187122
360758
-460761
545668
231298
1312306
743963
536426
992899
-83052
-448287
197060
1154579
477862
-47731
-784378
-1035988
-1461628
390466
-290168
-469032
821755
-279864
1890679
703302
509709
200699
1049139
1040755
1976130
934671
1175524
-553719
-48827
426162
-903033
1423956
-901156
-492714
-142698
-69393
-643147
21279
287390
-1440312
-920343
-421166
-221554
521041
-217214
-729695
-847472
634465
1395185
298900
1477714
-500460
-332869
-1145105
653030
117691
-701521
172789
-1082107
163366
18490
-475023
129088
-1254591
-295401
-1716967
-506978
222759
-336302
1579628
71352
993073
1531
1420148
312500
373363
1123474
-162948
-809060
172782
-624138
-309472
-932343
1383167
751889
708368
1696969
