#SpinCore Technologies, Inc.
#SF in MHz
#SW in Hz

[HEADER]
@CLASS=	RADIOPROCESSOR
@FIRMWARE= 3087
@SPINAPI= 20191127
@POINTS= 128
@SF= 21.670000
@SW= 127986.351562

[DATA]
7045660
-1217097
7063227
1440023
3513039
5694679
198900
5082992
-2820187
3650102
-5790364
2466104
-5573384
3077549
-5633083
-1858171
-4405013
-2986931
-744323
-4759147
3002508
-4902616
3181096
-1632311
3969415
150068
4643032
2000858
2281973
2347660
2239853
4144558
-1847621
1510363
-794972
1072442
-2620891
900820
-2874750
-1447486
-3259381
-2626336
-1878866
-4609520
140274
-3005570
2090790
-2005557
2505406
-916658
1629183
1449844
1460969
1095465
522612
-144692
-75552
2248010
-429303
481513
-1425231
1073151
-1965424
-908265
-209424
-864225
12886
-2254141
-763372
-3257898
547606
-1614606
-1080362
637663
-183255
472428
1803804
-553388
376823
2051434
936280
830238
-77072
1085752
1263192
904629
-104030
589973
-2015119
172861
-1276233
848018
461633
-961944
-965677
-1847219
-556269
-254206
-69728
268938
702971
-831854
-870222
-508640
711637
-177255
715018
358416
153960
-874754
534620
1018675
-539277
1935484
-1417882
-555575
-1056045
254338
1032417
1035349
157888
270242
-455095
572848
1085131
1189128
425137
-549943
-553981
142735
606092
48582
843542
-493818
-366364
-961384
158402
172279
-553924
383874
-803312
-295097
-658157
-332886
229076
-1647968
1273702
-870880
-309311
356541
-175546
959766
-391528
-18318
-1412931
-1624104
519683
458004
602140
746539
-1508210
98619
-2566989
361937
991738
966891
513727
701234
-193090
151788
1110036
1095830
-1085575
-2167934
-868685
266053
128772
297222
862243
-449164
-439719
736834
-684467
1695623
929979
920859
-1185640
497679
543029
-1337811
-62584
706544
-185522
-125010
-214936
1187802
-856542
-1147081
1843154
-1417733
64651
609678
272252
55133
-1090768
787321
-855188
-944167
-345004
272517
-1564067
-397242
377981
-1178821
627978
-38281
-31507
1514125
-837482
90647
162532
-15037
-557284
1362370
381983
-480240
-32374
-236944
125624
-32330
1006832
101158
1135685
-577310
-354480
65018
614137
-730815
68659
-501325
-1750561
-433438
116377
-2328804
-564172
1090180
477804
228189
999326
-203059
-127791
484396
905780
567204
271037
-304008
