#SpinCore Technologies, Inc.
#SF in MHz
#SW in Hz

[HEADER]
@CLASS=	RADIOPROCESSOR
@FIRMWARE= 3087
@SPINAPI= 20191127
@POINTS= 128
@SF= 21.670000
@SW= 127986.351562

[DATA]
2389132
-1141466
1889822
-19169
377946
5298
301064
1465280
-955376
1948444
-1440639
891336
-1226736
-196368
-1574097
-85782
-1010663
-2468439
134656
-1699146
954794
-389896
1029699
-415186
768475
1344264
222558
413175
1810291
-233150
-1000489
540181
-822595
377732
859793
172783
-144918
-1053771
-890742
-1123831
-290754
-256599
634261
-1779402
1205432
663129
-76915
444393
1750644
240957
-879874
1531147
-811279
-72862
-41324
2259671
979
422713
-1635525
-1267820
-806503
1014727
941959
-1232829
-527750
11606
-2111446
664499
-267426
-1065853
-309366
369550
-621976
135442
540138
267429
-435120
1101248
860065
999025
-578996
2396599
297844
-1281724
738005
-1238144
-1000568
-1618626
209405
-2043073
-703170
512943
-616366
-935054
-1362398
970742
-2095988
808690
-306006
97196
118781
-520579
-730559
64117
1981375
-959051
1025040
799350
-9496
1656144
-312944
-1469223
-1316889
-19424
-843913
-326639
786828
588392
-1190949
390469
1389405
1002898
-119723
1926044
-781610
1645060
-457334
-336910
-771300
-528517
1476397
-1298155
-486701
-1572309
1426020
-964649
-313314
58558
-1218506
1472162
-601752
-1079349
-51470
-199723
302357
-88824
2017809
-887716
877557
-876832
753168
-548563
-564036
668384
-2018768
-857645
256909
-324478
70873
782581
334331
440791
-352148
2103714
-869736
403948
-1150085
863991
-1539299
183357
1377448
-510018
755891
-853024
340980
1489402
-298151
1640096
-2064511
-478353
-809628
437997
30518
-15531
832040
-1207923
1073380
63017
1119404
-148502
-534522
123551
573684
-178704
-367805
-1412967
465473
-227906
1730582
-1271386
-1188519
-620109
195802
1436225
290302
1195177
-85165
-506356
-634775
-220447
655845
-1363376
-80340
-13289
207177
-65082
447307
-547641
-229783
2186875
-1167438
-742730
384912
1113783
1293882
-1569152
714540
168490
917985
1027912
34152
-2291622
-1013621
521937
-1235004
-1183045
-884531
-1355999
405585
819781
887432
1410586
-1088385
1687861
-617484
399543
1910177
-425125
-75259
-2610243
9976
-567973
-188796
220540
-972349
468117
