#SpinCore Technologies, Inc.
#SF in MHz
#SW in Hz

[HEADER]
@CLASS=	RADIOPROCESSOR
@FIRMWARE= 3087
@SPINAPI= 20191127
@POINTS= 128
@SF= 21.670000
@SW= 127986.351562

[DATA]
1708230
-702193
3381735
335688
1231805
1746050
-155256
4339358
-1022775
845831
-1811492
909379
-2161603
101918
-998036
-620712
-1721185
-2187022
-491349
-2602024
688126
-2433674
875709
-2781964
751998
468323
2989683
166962
1541460
2026631
-1128577
2008669
-863065
-27737
-1180971
1508455
-3107540
-626210
-1543848
-1461093
-1680899
-40596
152191
-1935822
-77175
-878853
-162433
265273
1023843
-724160
38442
49090
824611
-324531
1192216
1459080
-959862
753624
-624706
1898044
344081
-79614
-835349
-1006542
381798
-567284
40555
577155
-439112
-2892825
-380585
1060705
583104
257418
-1705121
-2025867
2188526
1892011
1590096
218650
474813
-1332578
-28079
554075
153889
-215627
-1675541
-589241
-249906
-713193
742609
-980561
1875695
1713248
-1359042
771861
-686197
250425
-802999
-1522494
-504949
131200
1002704
980760
-309864
-972621
-1023064
473035
-999622
142609
163592
-1731891
92980
-1095660
135091
290454
-214106
1493788
-826123
-163595
-1171610
-1542331
-985496
-461278
-674467
-1598490
-1500794
134061
-825098
1202947
-289785
557026
-1003328
-1266847
635178
729012
454015
-500311
-379850
620122
25585
1733144
-814380
-1254307
-1958664
-1413194
-849397
-291142
-1104149
372016
-659107
351369
-1762322
523626
510731
-703873
1597192
763917
1269453
54499
1828662
1111066
393400
-707371
890916
445145
-950108
132900
693169
-2372831
-1024968
293297
168802
675633
-1952762
-235981
-1594642
-2057843
135806
1528211
607709
111094
429894
-189274
-808593
1662401
-1379703
-1132730
-1380776
-485158
674450
-1779455
1979977
1745646
-941315
2322434
-449704
-1331581
869571
-892370
955197
-956978
1395155
1024454
298069
1349100
688314
524729
-783470
315605
-2544013
-1210720
1350971
226195
1438054
727804
-180162
1301137
37582
1930536
356817
-80014
811374
-317351
2072965
2111337
-367437
-772959
-915479
1228509
-723461
1504562
-354624
-964635
-711972
-398156
105725
438266
317615
349050
-902247
2394627
537001
-325628
681282
-788973
375994
1007374
1835647
672506
-219387
1544042
-1379931
-1409901
498590
59890
