#SpinCore Technologies, Inc.
#SF in MHz
#SW in Hz

[HEADER]
@CLASS=	RADIOPROCESSOR
@FIRMWARE= 3087
@SPINAPI= 20191127
@POINTS= 128
@SF= 21.670000
@SW= 127986.351562

[DATA]
2092744
176878
2389163
531882
1812269
660756
1133462
3016686
-2566349
2113640
-1403115
1947606
-2404589
2275237
-1449204
-892130
-1253822
-2515331
-781658
-1982613
262776
-1089700
1010765
-3080629
577833
280337
1206114
-542274
1450145
838223
1053606
3365381
583858
1605985
-1817583
1708858
-1811715
1804372
-2666989
-720561
1135913
-1670053
-143214
-1588914
1222862
798397
3136144
-1554468
1137473
294691
772828
986811
-524688
-1038738
-847157
2031978
2177961
560732
-580050
-109372
-789012
195434
-1431012
-563991
-227762
724554
-210428
-1513446
-959775
332724
-83308
-908431
696937
-1299486
-874345
-742298
225450
106607
498991
-279007
2243040
1520696
688909
744368
419181
2033337
464355
246137
-156207
1691150
374631
676288
-54693
-743431
-147143
-522853
-741195
-850856
-514753
-658394
-12450
638295
-626814
-1646696
-207693
783598
563961
-422407
-237339
1372517
-345552
-497479
251920
1414936
168135
18149
-872095
-81952
791938
-57964
-109610
1096250
-178590
-1707179
673002
-1293978
1455631
-96321
2022971
-927569
804992
1606318
472126
291652
-42908
-561700
-162851
-712274
-517952
-510241
-1143283
-768208
962404
1757521
-1429907
709126
-183710
-467588
458404
835704
1157997
908098
1005623
443955
834089
991078
-797932
-194430
-782023
1410572
91481
369714
-1106419
-260276
-175595
-1151802
117404
643940
1146829
-1235406
-195010
-498651
540010
-607145
-314198
-1313205
77819
-5197
340719
-413640
-343084
-550650
41596
670346
-270159
-910481
-904732
-258383
-1661918
-331677
-688103
590629
221615
324153
-1870193
-1065807
939003
497073
162483
-861295
-857862
453441
356787
1497903
-421953
901552
-98352
-1322288
-581781
561600
217108
139730
-989028
-419012
-105977
303889
687392
-162785
79756
-206306
498981
605040
104849
-1614240
-81340
512880
-163815
124236
1511322
-178175
-25771
125472
-524574
357594
1202414
-969039
-823812
-830453
-546937
-118465
-663709
-186957
-348050
-2185558
-680248
174356
-422387
66059
-234545
-665049
-1967355
574997
653765
-588971
-490229
330980
