#SpinCore Technologies, Inc.
#SF in MHz
#SW in Hz

[HEADER]
@CLASS=	RADIOPROCESSOR
@FIRMWARE= 3087
@SPINAPI= 20191127
@POINTS= 128
@SF= 21.670000
@SW= 127986.351562

[DATA]
-737567
1632274
-1890889
-778671
-1087539
-777691
1003480
-271300
708645
-1239157
996812
104935
-820459
176686
569227
1070335
-270416
313402
-827643
1368715
451230
1139769
532309
1805555
-1409171
-46336
-543806
865897
1784563
1469203
-699017
-851224
-397575
-656460
-170036
492349
247147
29753
-1034096
271878
-126319
429320
1175454
2082781
257653
496939
439924
-339052
-798781
-197104
-19534
-162839
-369198
-395604
-1293036
-1206422
-416753
544316
-11183
49311
-656691
1072708
1219016
319279
1512306
1529226
-780556
435818
-1106655
1219130
656777
-847485
-152129
836976
-23695
306147
-354034
408267
-532608
1128217
-220135
39961
-1620878
76451
439405
-1023994
819461
750242
-49182
825836
472992
88811
2159386
-475054
18156
-51912
-588239
583739
-747629
-1598555
-702020
11464
-671010
811393
192282
-489880
-1948505
-258785
586183
372906
784788
-36630
942770
341186
447986
187001
-1001129
1527637
737049
-387974
-861281
-579709
-954449
849686
-1060864
120834
-884290
-728596
173545
1401464
1282152
1354266
200644
-538082
-89388
-701563
886539
-1247482
951285
-1089362
517694
33510
-29629
-327413
-12994
-557242
-1002177
845143
-1364045
-839600
-1173080
502071
-775267
497640
1383628
882186
-403184
624046
1079954
-394106
849258
-584867
-1223484
-163896
2473007
-569184
529654
117409
-2061022
-746535
556677
956316
69895
-994806
-278061
604824
601817
935532
-172747
1356143
1558490
281790
733193
996204
340293
-850558
578115
-827033
-308255
-5740
-639900
-27295
312604
987912
-168195
263428
-781789
1144832
-265874
536784
1702547
-1001400
1229459
-646243
-116521
-603689
1281447
-583872
-867916
-668056
304155
616381
-581150
-926770
-1392810
589593
1000117
-552246
1524264
802525
358194
605932
1428723
154615
-131473
-513438
-266860
453510
996268
114305
-462361
218232
-262900
210290
-70943
948122
13117
1332902
640349
1256888
266672
-243479
-226244
-22840
330545
-645209
-501063
-128757
-81590
1036313
-909819
-494553
602702
98376
380411
551310
