#SpinCore Technologies, Inc.
#SF in MHz
#SW in Hz

[HEADER]
@CLASS=	RADIOPROCESSOR
@FIRMWARE= 3087
@SPINAPI= 20191127
@POINTS= 128
@SF= 21.670000
@SW= 127986.351562

[DATA]
17078076
-2662187
15598035
5351397
9923597
12843174
2890095
15961800
-6390916
15896254
-11925370
9400644
-14431645
2028943
-13787354
-4568547
-9208463
-11801647
-2141561
-13496434
4689663
-12295429
10113325
-8910779
11407088
-1991316
11032187
3323251
8536039
7800338
1022645
11447348
-2721068
9506537
-6822504
7233326
-9593335
2580138
-7605034
-2393936
-6849388
-6119068
-1355903
-8085137
2218494
-7440593
4146608
-6350870
6688486
-2462484
5826580
1145403
3568491
3781509
1838565
5138110
-660113
4997678
-1599394
3887501
-3772210
2317918
-3162298
-458967
-3026263
-3149847
-2456254
-3348469
-928887
-2270243
1923
-2503547
1063643
-1756870
2709441
-431068
3206145
-535661
2039357
1308257
1573893
1614612
679882
1876376
-309830
1470184
-1187417
950879
-1902481
1028607
-574404
-313068
-1217750
-396764
-1484524
-697888
122154
-787189
-513016
-949188
920750
-1309495
2271522
-657174
1216993
-606854
1719491
-235453
358684
699481
-887460
222044
-139903
798899
-1348762
828440
-1224839
1174633
-657673
581991
-626757
-543312
586747
567884
635186
-807793
403250
-1416458
699582
-659655
-148321
45885
857609
-641323
-222004
416471
128868
286974
-41143
1399044
56917
1242160
271538
434373
-258078
628268
-678836
-1155516
303234
-1044059
-592216
-1269422
541614
-1147686
-404418
306501
-365622
113481
141036
1116372
-455482
1986154
445612
-40678
1155230
614813
564146
439709
-316858
-509226
732786
179338
-109035
-1345835
-784386
486193
-1543710
-69382
-484706
-626637
-358047
600486
-236622
489802
1500703
943243
366672
295037
667395
-904641
-550433
-83524
99721
-473392
425940
-796099
-1163839
-199312
-16550
-540255
-151519
-285670
14519
1460608
346557
608576
-544649
536769
694782
-78611
174712
257368
-303663
147734
503446
-519042
383285
-122924
-345446
-42661
-407030
660026
151044
23350
175961
606450
485297
626049
250617
-1252259
561043
363301
694862
-749575
142541
-576600
-289331
376528
-140104
-578148
-816749
-381210
-811775
-239232
-226892
-734510
-43929
590395
-668714
-16448
539402
-463217
-470000
-255174
-616871
-351025
