#SpinCore Technologies, Inc.
#SF in MHz
#SW in Hz

[HEADER]
@CLASS=	RADIOPROCESSOR
@FIRMWARE= 3087
@SPINAPI= 20191127
@POINTS= 128
@SF= 21.670000
@SW= 127986.351562

[DATA]
-2193631
-494597
-3709067
-2642892
-317632
-2147517
548260
-1839960
716481
-2292625
1845082
-488785
3054765
-393921
3019275
1347788
111644
4686151
-475528
956990
-644380
561965
-2614966
1819778
-3004930
-936113
-2335503
-1383968
-1811966
-2188752
2446672
-1308413
1496242
-2942225
3088383
-2462403
3584355
242109
-87890
-61025
1892384
92529
-1330904
-104948
-1426460
-1123659
-598687
542168
-1292933
-65947
-232272
539355
531179
763751
189567
-1699109
1985897
638151
2096410
-276331
1091008
-816156
1439690
1422524
1138113
1514249
-764695
2926305
-1352867
2079838
364888
-1022699
-919643
-76649
190065
-250925
54468
-318129
-2396129
124437
239517
826162
-910498
202249
-693124
-926275
1346347
-21215
73079
276665
-701428
1391308
-922880
230666
-501488
-486411
636765
-1725338
-1653456
-529839
500438
-2595484
1304861
-505949
-1323897
735097
458516
-10706
-1462382
-282784
-176371
-585106
1917970
53130
482441
-166169
3108842
1716598
-590129
709919
-269590
-509373
-483192
192519
270257
93317
553117
1514074
-188598
407179
378413
92830
757383
1997300
1648073
-460866
200059
-128131
-130727
886966
-765136
-21243
-1159664
1027997
-1995343
-57803
-666478
-367722
-513889
558110
337362
-305522
-113774
60973
386878
-375466
1176158
-1453098
127705
-1436096
929909
-775630
-738745
-272770
-1227835
-906687
-842843
-350363
387795
-772056
-2039542
1534236
1554498
650018
-364580
-499842
-560723
-157124
1093951
-1407120
67397
-1453844
557387
70368
930658
152427
-92283
-91032
-1433953
1621446
-216043
372978
-1059604
-776443
1572244
1195195
2516649
2037803
710998
1063890
-512328
879942
274021
514186
-920885
-852318
-1870
1098056
386007
814907
616529
27652
-2126806
2013502
-702736
1843312
-179047
1330569
-1456543
647309
949874
-82420
1601025
-1012862
130224
-2072448
1135855
615394
-2223852
604650
-1637878
-411150
-919879
916061
-1849390
-1896888
1673642
2168348
1011336
1571490
1203719
369029
-659417
2230086
-984787
-1007244
-407149
-2365455
613923
-1483255
2153521
62347
-270212
1329851
827417
1956608
