#SpinCore Technologies, Inc.
#SF in MHz
#SW in Hz

[HEADER]
@CLASS=	RADIOPROCESSOR
@FIRMWARE= 3087
@SPINAPI= 20191127
@POINTS= 128
@SF= 21.670000
@SW= 127986.351562

[DATA]
2488121
102482
3645830
2031397
3617066
2277601
1979751
2715715
-645560
3014374
-3195905
1733960
-4116450
-540209
-4509479
-103548
-2899311
-1799442
-977646
-3103836
1753445
-3937349
2869245
-2487361
3919202
-1061942
3364706
991443
1344869
1540471
1526084
1759914
112052
4303891
-1480476
2813218
-1093982
622829
-809127
-647056
-2976579
-3277885
-1530422
-1600599
-4613
-1211551
804750
22163
2557502
-197277
799439
32775
1636665
-2016306
1286651
-678643
225507
-564647
-314070
1127419
-147817
1182033
-998386
772623
650422
1287777
-1608826
898806
-499503
-1318924
-988305
-373491
-382484
-2164339
535378
-753409
1503138
-465221
-748374
753953
320181
1190664
-345736
-872851
-530998
-425860
727598
-1546253
274440
1059055
201391
510419
-358220
81626
-1324841
-222481
594475
-516263
-641075
604882
-185049
1584494
-299421
-2115690
40163
57136
-513322
699145
394446
-341616
119504
1159877
-515839
-1133986
-585596
197031
-11717
2441267
-266890
883468
-1310877
-76035
327213
-1107131
192943
16371
1192417
-135485
-194634
-1143199
414804
181635
-23309
-218363
-1347871
869856
464825
253422
-620593
-104849
230211
156210
1260116
-1367817
-211561
-931250
234172
-424302
-237809
648425
-1073484
1685224
160389
2138079
970245
-219161
-129897
-1022940
370412
-913777
410777
-543542
-1785585
1043693
-460572
656933
1286278
499025
-205530
1744064
1844686
1734461
-1376859
-1324145
242779
-1399921
-340927
816106
-1336753
366587
246714
114564
-667124
583134
251818
320599
1845710
-224825
-753013
-1223772
694961
-1571804
289287
146995
-1636519
306985
1467481
1345079
712882
2612896
-985201
-773285
1095445
-571255
-956303
336435
-428852
-897832
-569094
-1194181
549603
-1373634
415742
444260
-1194717
1112182
-94149
375107
2480728
-112444
-729030
247482
148397
120689
-816841
-1173273
-346606
1140659
-1752798
149413
-105241
60123
3138159
902592
113699
52544
1415994
-2134259
423220
261542
-533948
-318571
564351
97672
-1136754
2226461
-977868
278237
569232
740453
-1174434
142140
-975563
-1559014
-572245
-522492
