#SpinCore Technologies, Inc.
#SF in MHz
#SW in Hz

[HEADER]
@CLASS=	RADIOPROCESSOR
@FIRMWARE= 3087
@SPINAPI= 20191127
@POINTS= 128
@SF= 21.670000
@SW= 127986.351562

[DATA]
5128089
-36918
2207447
2933818
2825672
4526874
664098
3085268
-2882768
3843170
-1551357
782460
-3535969
-177437
-2204944
-3094520
-1196371
-3700493
915507
-4885562
3319044
-2312914
3904649
-999419
3155927
-353491
1461567
2322315
2027436
3881595
-1787804
2561729
-3674329
980215
-2303144
616680
-1949623
-1939907
-1794674
-2981478
64585
-2029112
314947
-1090308
1658827
-2503191
1462123
-392183
3573395
-15820
352877
306149
-1285154
1228936
-1277244
2726005
-124073
-827756
-1170196
1560968
-1354220
232510
-1419138
-493458
-1721027
-1036988
638597
-883401
784547
-1148358
614478
-567911
1314560
521019
580142
-1580887
514420
-793918
1356221
1867839
-752488
-169217
-781510
-34662
-1899724
-1002011
243370
-1242310
139189
-987295
244269
-160469
414903
469331
1043045
-1867213
-1322660
423549
1723706
-767536
-512514
1617836
-931760
-67544
592776
552024
-1359095
362345
157522
337092
-813841
834769
238670
125662
-621795
-207205
-170735
386961
-813305
-844240
1090555
454189
-286669
-219066
1729229
-299699
-366725
1412182
373312
-1220947
108229
218811
288975
-63973
360674
-29765
184115
-1979590
-597791
168445
-972466
267682
228648
-596339
-1583849
-713919
-1553576
-144847
-287154
-206557
-1291609
-828740
-279900
1367991
-916415
300409
1359590
185407
-84863
-864731
606919
371528
573515
78065
-1766101
-954301
1017821
277250
1277297
-747549
-992296
-760397
301962
391585
29272
-514701
1216096
-776173
-653367
-1055967
1428373
-67636
378989
82600
487561
-964275
-887793
-1119276
278203
-157836
900818
-255528
-1372140
-61427
-559413
-66966
-340587
685239
-1630575
-971027
-977788
1062712
2709686
698628
-748221
-707977
-660802
-11077
1072096
-808491
-9721
-1615076
-1668008
1019677
-474380
480904
346115
-435986
95853
-834909
-81198
678534
670172
875197
-493864
500435
-597253
2200241
-512246
643476
687806
281229
-94371
1107425
-195527
1745829
109761
155542
-1681446
-120568
-1849716
71755
394852
-512113
834229
-712204
-110035
648688
-415841
980984
-334603
-1749267
-1348890
-1035839
545318
-1308130
