#SpinCore Technologies, Inc.
#SF in MHz
#SW in Hz

[HEADER]
@CLASS=	RADIOPROCESSOR
@FIRMWARE= 3087
@SPINAPI= 20191127
@POINTS= 128
@SF= 21.670000
@SW= 127986.351562

[DATA]
193319
1540957
-935582
-126065
-1256339
1204232
-321261
-1585264
757670
-873779
-798578
-140154
1903716
-521309
668034
1281304
785859
-572943
553317
1221253
182716
-454912
600166
-211833
130340
1462405
-293838
-1100239
1970884
-760004
-2778133
676317
1150640
-898607
128312
84776
773417
-446059
1921195
445485
-630215
1259059
1587038
-827119
1339806
-295572
-582763
-309143
1429682
194898
-1501351
292247
973629
-995497
502549
484692
-20981
-787384
962100
939220
162437
982234
404038
-381766
1074056
-411184
-925778
-429479
426628
806163
-902137
-933111
-1182949
1083344
60753
1050802
479259
-1230595
-814504
-524381
1336568
-767561
403652
-834665
-299202
-534641
2285570
481398
-729719
158204
-1012789
-400043
758812
1395908
-1104324
-807823
278913
514480
907581
947210
-89967
399565
568742
720149
-1524199
-2100358
641047
74732
-427358
1120955
479721
-72461
1988636
464741
728304
616
2281244
-64574
-604704
226865
-298885
-1426727
-645401
-343815
-504728
-1287568
-411670
-409490
-1017581
-143477
-443996
1203059
588126
1794644
1572917
-1654673
320542
513498
1493072
-740260
861883
-71183
-783500
247047
1273590
1301324
-2299369
-634829
-1485215
879285
1419590
634999
205968
-1158157
1283450
360235
1008979
346914
-1811437
-1273751
-185894
593677
-2018669
-2275832
-1073638
-601594
580003
39939
-364384
931658
262433
1159816
364268
1769421
718973
-677408
-508835
-1316882
287864
-1475258
-104134
1179569
-612926
28665
901403
1239804
-2481282
-68320
638890
-918323
-1929165
-128852
598302
-239076
2065723
-39547
-30695
-1175476
-324860
191571
-168937
-15853
-320375
-882191
-299948
463250
-1243038
255843
1008437
385047
706221
177655
259088
-452642
-935776
-1180880
-140194
-310293
550884
-899185
-1240981
-1544532
-366449
-498221
-451105
-1143108
-2271295
-936554
-655419
2061656
500962
566494
2024478
1204535
224585
177077
-1304755
-503226
483853
-1812138
125776
841004
-699866
-66365
-1234468
195027
-1868805
-580937
268237
807311
1286957
-902020
958243
-624739
-360444
584635
