#SpinCore Technologies, Inc.
#SF in MHz
#SW in Hz

[HEADER]
@CLASS=	RADIOPROCESSOR
@FIRMWARE= 3087
@SPINAPI= 20191127
@POINTS= 128
@SF= 21.670000
@SW= 127986.351562

[DATA]
15527147
-2945038
15676820
5094056
9656164
12097960
3504101
16043895
-4601837
15210783
-10891224
10866552
-14765945
4393086
-14431521
-4474713
-9517573
-10253452
-3767264
-13446788
3189453
-12913704
8775453
-8721869
10975028
-4686578
11979643
1212974
8708087
7091060
4379587
10262136
-1426968
9994436
-6727604
7173579
-8731122
3837418
-8637616
-928993
-6620642
-4557251
-3163040
-6615039
536833
-7516203
3888213
-6247515
5855739
-3748543
7217386
-617441
5599108
2558716
3079455
3398516
676356
4720666
-605985
4179840
-3508716
3004473
-4399554
1791201
-3874859
185662
-2327203
-1867250
-1399409
-3335237
-226632
-1657011
1826655
-1767648
2554635
-1740156
2407876
-1022670
1899560
624895
1774095
1000135
839935
891800
-442002
1637730
-460674
1658421
-1824987
786219
-1644053
340259
-1954660
1031742
-1493436
-367673
-714772
24661
-409443
-823121
10140
-906343
193273
-1253206
1114852
-1211951
1672852
86222
663813
545514
339481
661472
827623
1598186
539369
1353624
-65598
612126
-348485
437025
-635491
94966
-820180
-287352
-581338
-799498
59212
-592153
-244572
-863130
430123
-258444
1189195
233631
97200
-446987
-55604
30481
405494
259332
-110583
477465
-273371
830101
-570653
124715
-516507
434740
-1022574
21226
-595396
504763
499555
467673
264555
-163268
455661
-488402
473612
-259404
719436
303233
-976848
-164144
282272
-317430
647298
-39095
-1154806
797674
-352951
637748
-778586
-277956
-576591
-36829
-196386
837756
441096
-1249229
242861
-107964
662450
446551
584167
-456536
-1357300
-773385
115463
-179943
207464
-744099
-732072
-576885
530895
1092736
-27257
472771
-38119
23717
-334355
157279
1093422
132047
-399793
-179325
-961401
-427499
437326
-123016
116109
-1912760
203269
-697185
-342359
1065517
-209687
-1410921
-41269
-575247
-133186
17023
1451159
-120895
-348462
-127753
-101994
117150
167954
-241389
-788591
-783057
159320
116672
39954
696596
-911514
-646565
140947
190388
282617
370443
450955
28171
269768
-427772
787744
247856
274556
-177284
347342
-387597
-263200
280888
-219838
-433501
