#SpinCore Technologies, Inc.
#SF in MHz
#SW in Hz

[HEADER]
@CLASS=	RADIOPROCESSOR
@FIRMWARE= 3087
@SPINAPI= 20191127
@POINTS= 128
@SF= 21.670000
@SW= 127986.351562

[DATA]
4529251
-10534
3855889
1894232
3553453
6525940
-1717079
6096585
-2057565
2805801
-5487926
2883064
-3459539
-1657368
-2786861
-2690401
-1055091
-3404543
1182022
-5272575
2259632
-2180760
4787687
-1014388
4392632
1243685
4407762
2608627
1307118
2520899
-510222
4795938
-1528487
2460914
-4275837
-868030
-4134041
1521546
-924519
-3719081
15128
-2185306
1010395
-2852195
2835249
-1743963
1538181
-878187
2715787
781860
1318822
2739120
-330286
628219
-31670
2979973
-1716909
169259
-1024660
1128599
-1151082
-874697
-1913838
-2166911
-2082861
-1919113
2080182
-605336
-121138
-1825371
1523841
2192087
874462
-231389
368330
-74065
-111176
1064048
-1520771
-1801307
-742877
911940
-185001
470522
502365
982006
201689
303468
472024
375916
-732819
-691741
61754
779895
294209
933084
487974
-14366
352192
-536897
1886961
-822385
469255
303743
554025
-126635
673713
1503435
74188
-140449
-1531825
1364756
509678
13830
-294740
-983695
1018207
-1336598
2418513
-323537
-2611922
841457
835179
248927
-1099490
-797959
-447839
-793104
1241204
909580
864898
530897
1176200
-422142
666648
221628
-1886810
-176052
-95546
-683453
134459
-243185
-2551578
-62819
-101920
-161506
-273295
1683430
-146849
-1056480
1676056
261610
792027
203948
795573
-182389
1119552
2254116
-239319
32289
-754469
-551140
-854734
1087802
-921529
-1248325
-397202
663701
91935
-355572
362666
1707462
-305152
660003
783605
444532
320202
-1583920
-536810
-1200192
445657
473815
1912667
-494807
-1797482
1673050
-1151881
72177
-1321308
65007
1510305
-552218
-153039
69161
-32148
-1032984
1355198
223835
-1523648
-2137681
717604
-656572
-925617
1515046
-1091342
789705
-373213
963633
-212471
-657615
80843
1062978
640925
-225378
-306586
381225
-338191
216169
33232
-1012003
-598685
1207817
1051736
-55173
341111
564455
536546
580326
10921
-298594
631973
-717794
-705778
1680148
-506589
-1236379
11483
-721694
-689592
-39930
1338332
1263208
150169
962461
810329
720504
712528
1556304
-488556
258847
498035
108942
-470233
-1651653
-1156912
-1142448
