#SpinCore Technologies, Inc.
#SF in MHz
#SW in Hz

[HEADER]
@CLASS=	RADIOPROCESSOR
@FIRMWARE= 3087
@SPINAPI= 20191127
@POINTS= 128
@SF= 21.670000
@SW= 127986.351562

[DATA]
5209152
-1676271
3464770
2784728
3395799
3590666
1998351
4200143
-1300454
2307170
-3238592
3716633
-2701439
-1760145
-3245524
-2933586
-2411796
-3664656
-1040746
-4173343
2512881
-2806029
2317575
-1501688
3180272
408446
2786645
1683302
2024682
2962306
3868
3552064
-1757064
2184407
-2224847
1045648
-2042415
127110
-2106098
-1367307
-2387061
-2973110
-522847
-2839140
298050
-1770468
1058123
-923617
1778722
-228457
2165343
293467
1139973
2017887
-770540
-198836
-2058316
-42712
-2191913
391220
-1061558
-1809456
-775378
2567284
-773360
-273051
-1486667
484019
288970
1365536
1034333
-1047566
461741
-1875553
1995040
800179
1977866
-2229561
-950455
-492515
-1018366
1506687
-729680
-715831
158851
1377334
-525874
676117
29332
-515821
-857459
746332
1152357
-828536
-666011
140576
-1208509
-1004998
423479
-593069
-33148
-719672
1034811
1112743
1070123
974465
-2029047
104964
100551
2013798
-208205
250012
-575547
-1294263
1415880
-727368
644300
-1531488
-595397
673606
-584184
362776
-898181
383809
623558
254614
229106
172286
732720
-855522
699299
94090
-60406
862334
-2077705
-228606
-870286
1199281
677631
-177517
571063
-404322
-420494
559196
144261
-1073879
1071973
664791
858349
52191
773093
-1097437
-980802
-260188
1058383
-1581357
-572807
-523857
-1546443
2640557
1928947
413981
-828991
1367927
1222128
115020
423742
1478487
-1235851
744808
2022331
-885787
-76809
-453981
-70596
412627
327114
916228
-2089213
-1817793
586348
-568449
-497941
-1727140
-217408
-869354
1108822
605713
1224331
158499
-376540
-644790
503376
809999
-311439
-679506
-932173
-1503602
320805
298319
320826
-710052
596531
-486872
1112856
549085
338646
-563728
-773982
-446152
-612595
1078790
295728
174113
-143086
-372523
575025
-212105
1351689
-79092
67180
535645
147809
-550686
773929
-680926
-1555286
1251388
410940
401595
-1403714
241049
1502725
-175303
1651505
-103992
-330833
-2492667
184079
727561
-1427991
1960550
-1518135
-2479349
-622972
161006
585077
395714
377977
219226
-480506
1924862
-67118
-450916
-10118
49396
