#SpinCore Technologies, Inc.
#SF in MHz
#SW in Hz

[HEADER]
@CLASS=	RADIOPROCESSOR
@FIRMWARE= 3087
@SPINAPI= 20191127
@POINTS= 128
@SF= 21.670000
@SW= 127986.351562

[DATA]
5034458
-60453
3120611
1620759
1952407
3830551
-765869
2957748
-1957214
1870034
-2970756
2262005
-3098454
-506835
-1702186
-2951056
-1820283
-3324951
-545676
-5345662
1236844
-2470851
3798517
-1018722
4214180
380070
981789
3169518
2467051
3083775
-752907
1859511
-1426200
1848597
-2288470
932342
-1365494
-2440966
-614358
-391979
-694122
-2396446
129427
-1626299
898730
-1188133
2220289
-555997
1233052
1193162
893326
-124085
106968
2535886
239502
1783503
-592295
486516
-1663365
-1551155
139816
679884
-1199914
161437
-348390
-41414
-377719
-886112
-243102
-765214
623001
-310866
692382
-670211
1729056
439220
-279254
2338312
-1379387
1210284
-761167
-1079692
193114
-654654
-95241
225019
108401
724057
-288649
-641827
-1826398
-973512
-1005637
653275
-1420311
-3058836
2015386
-1739482
-269266
292706
1219140
903846
-1417528
1625499
-375295
-329080
791886
1185970
-718009
-802495
1174470
-496317
1900593
1307935
-2031172
887401
-297100
-147966
294529
-1319134
1089734
-30601
-638149
640798
-14866
472975
-614079
831109
-878536
1997091
-714048
-195244
813160
-1410460
770708
924643
206142
-490186
364320
352925
-398930
252452
154283
-250157
128028
-1274842
849788
-152221
404085
240192
-954871
-260131
419805
528683
1102460
-2993224
-743901
-467716
-879538
951914
1994071
-545544
-1128934
1462009
1385663
873595
-344897
1225345
-1100551
-1825910
2627421
-634085
-1560081
674008
246871
615706
-684763
1449838
421981
-1252750
1699562
-189508
-274413
-724644
2142184
-1530558
-871593
1499203
-57968
66278
220647
1134625
-1015449
-2033087
1926048
730810
-1579064
231921
1812748
-327321
-623776
1282599
816396
-1048932
-1235756
-13566
165569
-1276890
1351292
-1045975
-2430260
1220149
-347225
-1187070
-1131041
1227458
-209083
-197220
1782815
-79037
-238527
673490
924485
-555795
754992
1173822
-1207475
-745990
738003
-584739
-142494
-1296883
160862
-1603586
676079
-1500888
229118
-883300
70518
-385814
-2052170
535094
-247001
15181
823575
700795
146292
115681
-353845
789071
368381
-864255
21536
565573
-493567
43880
