#SpinCore Technologies, Inc.
#SF in MHz
#SW in Hz

[HEADER]
@CLASS=	RADIOPROCESSOR
@FIRMWARE= 3087
@SPINAPI= 20191127
@POINTS= 128
@SF= 21.670000
@SW= 127986.351562

[DATA]
2712842
-59916
1527621
735039
3567344
2785963
-490414
2579402
-2248502
2001787
-947548
559738
-2157645
-1545310
-900003
-606468
265010
-1149642
-9560
-779906
1197410
-1833707
1936696
-1553766
1184842
705637
1383523
1701087
-436992
1369070
762584
670481
224476
1752252
-2563362
13728
-508208
-848908
-3219090
1002637
-309228
-537463
362645
-441972
80730
-95280
2423355
-1026252
2097096
271987
-17918
-524357
710341
1365534
-1948993
857930
-2032460
1897736
-892290
1188586
-2541768
10227
1330574
231926
-783338
56906
783818
-2502040
-251974
-121224
-762590
-625853
-916090
-2472210
-213464
198296
648677
377956
455954
1891605
1436254
290763
775130
22393
-214093
139245
-77667
-88722
151030
-1746744
-344012
-58030
-348976
635301
261585
583689
-2319012
760995
-701345
-535379
1511283
620534
-534742
1436573
811125
242212
-45624
759854
319037
297470
219722
-866911
-1393276
463022
-1562
-508477
-1234248
80183
1008916
-163327
427439
-19716
-124699
401361
846486
-452070
-412228
369910
-329430
-478998
1758452
182075
478473
-825580
988398
851529
43278
288058
-1181940
-101561
1242086
-405069
-716322
-738028
1144653
-535481
-968140
84776
-285585
-926849
-166928
537994
-332172
1572120
969357
-2303872
1435386
-963188
-930319
-332791
903503
421084
-1550741
483991
-363683
677440
-1223976
263560
-1737247
-1747261
1801201
176183
164231
-758601
303260
122111
966724
-1296118
-2295235
778599
-1023145
-221870
-323221
513841
908016
576818
1481553
1038876
382822
764149
777894
-307775
796610
-1351926
-1568216
-382394
-804144
-2017635
-1266125
-504149
-829951
865899
1167856
836065
-649503
2956252
1743313
1006842
933331
-27294
-1595148
-213734
1205303
-2513278
-917905
440032
-2547128
514694
-607850
-1084376
-1293264
1414540
1975117
714919
1903896
-99896
708856
-2257976
718945
-540555
692522
-792873
-1428419
-27058
-1351492
760796
-451526
1571017
720768
635552
473724
690783
1347746
-743326
145545
998001
16655
-286425
127693
-1233968
-943548
670315
-1317028
361243
-548695
-590368
