#SpinCore Technologies, Inc.
#SF in MHz
#SW in Hz

[HEADER]
@CLASS=	RADIOPROCESSOR
@FIRMWARE= 3087
@SPINAPI= 20191127
@POINTS= 128
@SF= 21.670000
@SW= 127986.351562

[DATA]
3736514
-3609009
3188651
1564016
1309730
1652891
626651
5275756
-1359290
3615260
-2247447
2613633
-2276233
1447277
-2585613
-2573853
-1536638
-4146986
-1654693
-2830397
1154448
-2356635
1482289
-355484
2340941
1083773
3977930
2328758
846498
3184034
1613949
1659187
118612
2561169
-2181236
727750
-1523054
-1189935
-3730816
-1207540
-959578
-986872
-1826227
1330300
121347
-1825067
1708142
-134840
2509214
377023
2335905
-336408
2066908
1069606
1540145
622872
292219
1008378
-1959582
770436
-1629541
315476
-2102606
838620
-217351
-2400020
901826
426614
1318583
-892852
2920972
-1701477
1396583
-848784
-160524
-1596287
-1557420
-124068
-1422326
2867081
671117
-1295638
987859
1234566
110443
1690632
-389608
318757
414312
348322
345451
-1170087
1217530
-1368106
-1857717
-263786
-2038513
-423019
1528605
-77576
-363783
1827551
1511892
-540818
1674433
-265189
-286448
-2026715
1688380
-1610608
-1371123
425055
-596956
167182
-869440
1449074
-1493542
1321733
1036155
199933
614331
-1482716
1155006
-1346031
580965
-1138885
-1248842
-630870
292632
-1218979
554096
1934354
-1109216
-96024
1387427
1071254
-516770
209699
446708
-1065353
927942
-936159
460843
-844426
-105968
-452825
-703974
-30431
-476020
-551802
-592968
724891
495944
967
726849
1243170
-288717
-635976
-618946
2212728
437928
-713094
-199526
-1095542
1066113
-274856
-1134813
-1578917
-1202335
726634
-953953
-16069
-63397
1023968
-2299958
1663638
82365
-729783
695708
955550
-219253
439408
176340
-1993850
-1736870
-122637
890553
-854682
-1040137
-2386880
-1748904
1179575
713276
-281764
995511
682834
-842399
1019523
828475
500814
-162543
-278675
-222094
-1867979
764960
-634941
-1430154
407107
-594690
-1524034
-2312741
1626054
940187
1030491
-775022
-1278032
80033
260865
5288
841552
994371
-305924
-8694
525316
1593387
-903983
166733
1093003
50553
-318603
-49827
-282554
-1683149
-1356889
-1030820
-462558
1864370
-1111081
1216090
126576
1712154
326967
1829824
1135463
-1115627
536386
-290708
123629
-1894763
-395640
-1073963
-237865
1542750
-1023541
2192404
240441
