#SpinCore Technologies, Inc.
#SF in MHz
#SW in Hz

[HEADER]
@CLASS=	RADIOPROCESSOR
@FIRMWARE= 3087
@SPINAPI= 20191127
@POINTS= 128
@SF= 21.670000
@SW= 127986.351562

[DATA]
-814431
2034073
-250326
-1183441
36119
-765852
570208
-1042116
810193
-2054421
-388929
-790464
168861
-185197
-655885
370809
-48317
2379854
-446047
928992
139010
382798
-689762
1322005
-862580
-1227715
-152355
990627
-1757445
771368
-127988
-228688
-931927
185624
-1029468
94892
1726634
192494
928516
1905559
587717
-1697521
207629
226030
-2369102
-1206310
-740598
272780
-996688
1185557
-368322
100439
898280
1912510
-1548412
1729614
929471
-754569
1342543
284745
-1057643
-1870828
-203390
-1943795
-1110732
-944225
-737873
-1246176
1270306
3161439
-569729
1386311
-88098
1273676
854106
1040916
-493777
-1644434
813940
-65328
-564082
-63786
-511340
-1151795
-296301
1347779
-2089663
-154499
-1276479
483747
-818056
-373845
-266642
-1200940
1814227
-46757
1746372
619083
-228985
640725
-73437
884627
-676702
-123650
-186040
-303152
-646806
1772649
-689846
-1544833
-21480
319575
200585
1142858
225975
-1440765
750507
1086495
-353323
543639
783259
1497135
-743491
359605
338135
-1501379
626979
-299290
-1520666
-869007
1143345
377057
447345
799929
-151834
1199293
519004
341035
269163
-213980
1348868
-982452
-627622
-500577
1283580
478741
-652610
-128570
-248168
1598713
723725
1388775
-863903
690035
-775634
-1369136
940071
-656316
-1194901
-170126
-366015
542492
-971362
1185008
482425
552919
-315332
1737448
178352
619190
992844
-973462
575378
515566
-242667
-1189265
-377941
150194
229211
-516851
-836334
871805
-1555726
116623
767335
259836
280600
720048
-1007957
1056099
-1646311
1061623
652186
300504
-1258162
-979620
2260246
-1691494
376981
771258
-799458
842092
1410114
-740561
-957198
677403
39030
1192467
1508584
-391612
-1579900
63211
1666589
-1103110
552492
-596252
-344140
-118873
1748470
2448081
-2271283
-49367
1051420
1375854
1019468
212493
-1865406
-2233320
840925
119497
926439
-1472952
-1031627
-1051594
1297070
1649677
-860375
-592283
-317649
1487132
458806
521115
849057
-1288040
-500836
456857
-1164670
-577495
-2189570
-425021
-1604773
1852411
143803
-1345118
28140
577142
