#SpinCore Technologies, Inc.
#SF in MHz
#SW in Hz

[HEADER]
@CLASS=	RADIOPROCESSOR
@FIRMWARE= 3087
@SPINAPI= 20191127
@POINTS= 128
@SF= 21.670000
@SW= 127986.351562

[DATA]
-3477381
1490628
-2230811
-1347178
-1688887
57345
-1038853
-3379912
1805325
-1595982
1822792
-1378944
2834602
-1975713
3606352
999490
1029621
893119
433922
1450747
140224
1855470
-876895
1172155
-614549
1842610
-1189438
-1614048
-1035766
-897666
317923
-1116467
-2394226
-1719754
83542
-1133023
1346531
50176
1045648
-600547
2626135
44344
-665556
263563
-918242
1275238
423390
861631
-1089242
2569095
-1728707
931988
780971
777314
-1605759
-94693
-231173
-2225722
-1231149
-1691722
-667214
-890866
571781
-1526187
2341445
809524
1532808
272748
1463529
-123978
72320
-651344
682181
-944478
-692616
-799740
-190333
-322777
-2006093
152843
-484952
2476406
289050
412047
590861
719111
309716
1194413
-637470
-1202131
505534
-776588
-70542
-1055214
263130
-216417
583374
558427
151676
1696983
630060
507194
401676
1172196
-80286
953662
-459812
-1223734
173220
538671
-1233897
238954
355294
141951
-61185
431058
-109707
-1371499
6218
95597
-1254407
343880
579404
-909169
-407676
1131944
-771194
-1003315
1110485
506989
-310293
143513
-923547
-1120562
728293
-322436
264903
-1517513
380790
-20676
30739
57145
794604
-810040
-71997
-262705
459694
-261924
157161
-848843
-403502
225838
423543
-176258
-1316295
1047251
901722
-132200
701413
86991
-180550
-258226
854552
-852215
-876
-242394
-39100
-598894
-1454380
225990
-792190
1909787
-384636
1895209
-146392
315656
-10258
-25832
-1032960
-1642098
387077
-830917
-845767
33398
-1015390
-166671
-500652
-538194
577498
838585
1264446
-93344
1332611
-893984
592177
-709296
-956953
-700128
106722
-293630
-68804
364984
-983068
819927
181387
32351
916547
241620
1319572
-544947
1343704
-756405
-919419
866409
80591
-617268
1455055
302274
-797901
2060929
-69072
-671274
1708860
-196332
-1380405
474924
2599683
-1557700
1162060
569179
-1648252
-506763
1280492
196455
1404596
527436
-1044396
922593
-241057
-893624
-1266828
362494
610373
-1340269
1217501
-1707899
-2084859
-805048
716442
-1434802
704373
2017343
-348009
594233
910261
-690247
