#SpinCore Technologies, Inc.
#SF in MHz
#SW in Hz

[HEADER]
@CLASS=	RADIOPROCESSOR
@FIRMWARE= 3087
@SPINAPI= 20191127
@POINTS= 128
@SF= 21.670000
@SW= 127986.351562

[DATA]
-348134
626859
-1341443
-324411
-683070
-1036181
1525160
-1500857
-1006018
-623835
642775
-2666464
626437
-327478
-618137
1419685
1315147
-1672767
943242
898919
-50131
-217227
1696890
-1036401
-1374583
738660
-1239024
810700
-767693
-714804
-1087892
-457060
-227944
-728548
-666142
-544464
442888
-425125
-71719
-402050
377589
758141
1439462
144516
476396
80123
-85126
449809
-1867102
-727108
-925931
514563
-602186
501848
-750895
2085566
-863190
701187
1127538
-853511
168495
242090
-956504
-1131289
49576
-392627
-148014
638497
666690
320589
955386
2117491
-501333
-423660
1418857
-728111
787751
624857
-1754196
-534591
-480465
-220236
-1058283
1965820
-1021751
-442999
849897
483450
1117618
526069
1340782
-1243345
976349
-261179
-2056916
52773
-1337067
254767
442519
-500029
-300794
1246834
1670673
-659561
2534599
-24265
285168
124893
565586
-1488018
-1334577
-305362
-1508438
739865
-765960
-208840
-194137
862969
1278536
-494165
730185
-415943
680641
-327733
-672413
-1861413
-1561246
-54745
-1661544
286887
743981
-656430
602995
721737
425657
160320
1304880
-359732
111882
1335061
-1246972
-350381
-521090
-291060
-2665337
553535
-99971
1450250
1135843
477769
282821
931273
1859287
-42966
413381
-236504
159526
-116114
233962
-734250
-1448799
1231081
618353
668821
-582379
296478
525955
732657
1899873
105145
-715956
729003
1426537
439977
1475592
203686
345205
1020432
118619
-203368
-84319
-27581
-1941297
1552452
-917500
-871930
649781
36325
226305
1537602
1558233
-845346
-511495
814075
-638588
1148562
853121
-550285
18755
396936
49566
1041
1046930
-726912
712424
999072
2527788
-340227
1392816
1112952
-334776
837558
-520743
-1771556
-188493
-361953
-321131
-981586
464242
-21019
1061749
91804
611248
-668558
1107560
-231330
132995
776108
-856988
-41042
-1959458
198794
-1518370
534346
-570590
-1958883
339969
977630
570268
524676
2182860
-751448
-617610
351368
204252
350083
-1126614
1104709
-664912
1506244
-718869
305502
1309832
-194864
237152
-181027
