#SpinCore Technologies, Inc.
#SF in MHz
#SW in Hz

[HEADER]
@CLASS=	RADIOPROCESSOR
@FIRMWARE= 3087
@SPINAPI= 20191127
@POINTS= 128
@SF= 21.670000
@SW= 127986.351562

[DATA]
-2973095
-53787
-676088
-1502395
567122
-194147
395057
-1692298
1790669
-705666
-214503
-821050
680302
-1476577
1175934
488327
-137042
-171307
95129
558011
-1032797
1273846
-1516807
78798
-1237634
1342146
-729803
-870763
1491373
-1276744
902796
-1238465
1959949
-214399
-885862
787768
-981630
1295065
1134717
-799714
-15412
1042342
88094
72351
752539
1676043
-1499388
802377
960648
352927
-893595
-474759
-13038
-1756261
1830319
-469251
35053
1279635
689685
-60696
171343
1496792
-1558423
-903918
177849
-1154226
603792
460310
777541
583434
-326923
499666
-2128187
-286467
-102555
953189
716127
-260287
-231442
-1362737
912914
641308
630443
312201
824805
1180637
611263
656552
-1066699
268706
-1342815
-783036
1862310
-148920
-509147
623475
-1065224
-126123
-1641900
1375145
-1687011
-201811
-779767
-811477
-454714
265338
1871601
-786757
823332
79016
617007
518863
534366
-912614
-2958407
47514
83062
-810228
1643176
-938495
-271450
117136
-671777
378369
-171106
1569836
-1570884
-878241
5439
-353346
-1086661
-539610
-1293114
-971756
-115344
-33278
294314
1483890
-1260453
-1158453
-205649
13608
1181860
-545870
927858
436973
1747256
1137799
-179891
-267692
-453762
-557761
-176144
-911893
483650
-1836095
1622048
-1442166
1485637
720376
630928
336590
131677
415907
-651780
-482982
-507184
-413953
151719
-294201
-442096
-146231
-992132
997787
300361
1850870
292331
348726
366165
-219158
-517488
-1322259
757839
1202241
-1159248
2077808
143492
-686162
1102794
1904297
262258
-681041
-869859
579868
-945850
-1495529
703706
-1086832
-100035
900759
-2021297
-1164216
-426713
736500
-1306129
672633
587037
-248373
435424
562839
-673824
-1062871
948758
188424
-393427
-563879
-254136
-257453
459180
409121
-854802
-2109916
-38296
255606
-1688868
-3213583
722100
266984
-1122183
588302
1125975
-737927
1339864
224952
540511
581958
217012
-1205302
-1755349
195791
-1168129
-1533727
1317030
-126142
-579716
-351357
656802
471664
-1009874
982504
-345093
-539102
451785
-481355
-1168719
-294038
