#SpinCore Technologies, Inc.
#SF in MHz
#SW in Hz

[HEADER]
@CLASS=	RADIOPROCESSOR
@FIRMWARE= 3087
@SPINAPI= 20191127
@POINTS= 128
@SF= 21.670000
@SW= 127986.351562

[DATA]
5269572
844003
6918682
1808874
3416679
4272936
1532510
5361512
-1674851
4965023
-2439063
4084671
-5696703
1030161
-5045422
-1835033
-3089730
-5445551
-1508924
-5935887
635925
-4051406
3912840
-1789598
3468579
-1189319
3697365
44969
2737515
2528457
807182
2658668
-2168796
5023395
-1346347
2253828
-3182273
1502044
-4022826
485651
-2026239
-2001121
-363909
-2234367
2419128
-1935877
1214419
-404620
3328325
-2562213
2107802
-71157
3382740
633583
3452687
2090506
-1028901
1381073
-1756118
787664
-824290
671400
-1678094
-781919
519151
658376
-979148
1711880
276649
-2320914
-1356707
195294
1275987
-527487
152261
341582
2124342
106441
110107
-20005
212267
-784175
-260750
571238
-1013832
-644351
689946
1641141
-818660
86870
192938
318967
-618489
252020
1548446
-1032722
401944
-125370
-72778
-405991
2182753
-306099
1057776
-1829790
-222757
1199513
-946779
301934
-1182754
848053
586478
-381246
-1121184
-243156
-800862
862522
-1581903
481876
-1061679
-140669
235391
55816
-411411
-416314
804970
-1099533
-652441
885246
863372
-57125
6083
591295
224605
542026
638503
971305
347605
-1133415
-13464
991357
544048
769613
853628
41333
-1026172
163017
-285307
-1117875
-466854
351347
-780047
-2267241
646326
31701
-267585
-323127
679359
-138820
-1067933
428159
-112442
-1277550
343636
-39113
-643280
445895
-121963
637681
-804866
-743810
-2981
-386873
1111527
-568307
267395
-407739
475817
24628
-1010944
-1842553
-2023707
-221479
-1488145
-1454088
692675
-1064900
-1164735
862210
-126442
555432
-724753
1478745
-952868
658016
1715285
1116709
129528
-796732
603249
-379034
1083739
434414
477450
-619371
-116878
-536811
-225355
-524190
1418765
-1368953
-1114925
-293421
-368553
851471
627428
1535862
229144
176047
123447
1098748
457811
1093842
310259
355732
-580880
539800
714150
1130196
826420
-1276793
-826804
-1524941
723053
1251057
1333848
-2134003
257794
854526
-228305
1543811
-836963
-632683
-953965
-643080
-18112
6286
248533
1354943
-832004
-8536
-772504
803524
-1094956
115493
1987114
176817
