#SpinCore Technologies, Inc.
#SF in MHz
#SW in Hz

[HEADER]
@CLASS=	RADIOPROCESSOR
@FIRMWARE= 3087
@SPINAPI= 20191127
@POINTS= 128
@SF= 21.670000
@SW= 127986.351562

[DATA]
158724
1119063
-2050296
1176009
-17479
141410
470269
1362540
-993467
-1380593
2366612
-303922
1621458
-1598518
-108917
-178686
515777
768228
-399292
2018794
-758749
955535
532073
1100077
-973533
-923694
-979435
-2020221
934600
320309
-1503388
-1795932
1823321
-1124892
839337
1080981
313356
307460
1358865
-183628
-1361858
32860
240132
-107494
-286233
35681
-1711994
2175324
-274884
-1006371
534519
145883
768578
-564966
1319337
-695402
-283363
219641
-31914
-709473
-763272
1473877
-1025732
1104691
-565531
-1319493
408615
703993
2418220
-891105
-416600
-73131
-537709
282062
-7016
434025
-384525
-372130
-264285
768851
984398
303554
1131753
-1748330
1482273
-458024
-678203
104347
148664
1092087
810227
1517356
-1289074
701497
2360436
-332151
-126756
1223629
-1653422
-1710094
1515774
90531
-374722
983421
-542551
-1132208
986726
853341
-2090929
1274735
1006453
-514979
373075
1393959
509196
258185
1137729
-3131024
1088190
-110011
-2203620
-722395
1297854
-60320
-671065
1669104
29823
97995
1508728
-403425
-682580
921639
-239278
-122179
1480546
-244032
-1706254
1502506
-153818
-948989
1217675
-500821
46184
554537
-1001338
-2356221
-888612
-885067
-1573822
1015308
-948369
175214
-967855
2029927
862850
-25999
678914
-949544
991513
886062
-195735
-1400178
-1778109
-398951
-332681
360955
-960343
126919
439999
1288868
2214780
1051019
451207
-1104869
417710
-780054
1298216
377306
-735704
-355937
-3094
789894
882229
2134868
-600644
500850
701370
2040297
1237065
701191
-1960652
-2929982
79839
-1385081
-2579842
-180738
-234667
-1516830
2179208
1353195
1008625
486695
907838
-897793
776805
58796
-2540545
-2018656
189261
-1370710
-1188104
639651
-1829624
1976972
1078010
-90764
1152885
320079
2561636
291919
143763
-540135
292917
280392
-2557738
-834082
-905786
1543735
1312632
1218911
908117
-79142
294469
-1015657
741129
-2354300
-1451904
-550752
1464703
482087
-1118540
1538833
166851
-231877
943147
-694217
558397
-1041628
-156898
-1929898
-1449049
-299302
-1318992
-1170671
169919
1773157
