#SpinCore Technologies, Inc.
#SF in MHz
#SW in Hz

[HEADER]
@CLASS=	RADIOPROCESSOR
@FIRMWARE= 3087
@SPINAPI= 20191127
@POINTS= 128
@SF= 21.670000
@SW= 127986.351562

[DATA]
-3330421
-398826
-3626937
-2995002
-1209849
-3099089
-525056
-3670334
2665273
-2328150
2090699
-2459424
4148247
-346821
2992432
302372
176086
2363156
774339
4676583
-2850721
3834855
-3498724
2552702
-1459530
194457
-2019964
-2616108
-1254622
-2490261
14739
-1662075
1816880
-2823566
2614098
-277143
1913689
533551
7967
1075863
265897
4242268
-673102
97705
320592
1364160
-1131035
363750
-225072
-984917
-2049323
-327795
-1752830
-568271
-490742
-1878574
-943776
448569
-1003137
11416
2314034
-492507
-157335
177209
1547422
1424965
-286814
560699
-889230
249817
-682391
788969
-1695089
204003
-1070719
-433751
360768
1839724
-253384
-2204956
813539
-3955
1157467
-439428
1006950
-1737963
-626115
725812
-1462722
-1215731
811174
105583
228509
2141106
511723
300459
-83458
745152
839202
1663553
583044
-1302419
1122316
429688
-274967
-1378906
-567789
-1374279
193420
-126101
-939696
-386336
782033
1032655
442528
993986
-1274278
22049
2729982
1493338
500109
-719485
-669079
-1950198
-325278
-554391
-261865
-943101
643970
1342658
116896
-898994
787454
-1149787
-141738
1535757
2014635
-871516
1885004
889327
-102968
-841670
994507
-476110
-1132402
567693
1596909
-128289
1115266
-681876
172397
-34572
-406024
214976
-227128
-329997
210708
266910
588446
-1461181
-1656897
1724929
260581
-920471
-721949
235122
-729696
307762
1276510
1028453
83178
2107486
41267
-202510
1269965
-300074
-1043178
-1793400
-54163
843275
257140
-980148
-2119107
-74682
1081389
-879645
1766688
-566111
-749674
884352
522467
-32489
-1453878
-1215997
543712
2115866
1503404
-121472
-1494581
-110988
1027734
1233406
828395
-429807
-189376
-1719285
2355016
-1048228
61818
-1432764
-1224756
470877
1901424
-307326
-1949505
-524282
13080
981055
-177513
1147206
-1387529
54568
-63194
175400
1130790
-1405167
-1267448
-1517844
310006
434139
-7397
124669
-935933
-120641
-548966
708303
-1381250
65264
-365128
318494
51280
1213465
241595
-976498
1077819
601424
305042
1435613
-761722
-1205218
279828
-693122
-19219
-379227
-33196
-1047604
