#SpinCore Technologies, Inc.
#SF in MHz
#SW in Hz

[HEADER]
@CLASS=	RADIOPROCESSOR
@FIRMWARE= 3087
@SPINAPI= 20191127
@POINTS= 128
@SF= 21.670000
@SW= 127986.351562

[DATA]
6650296
1048391
3738474
370935
3587936
4827701
-100449
5745574
-1781335
3433089
-3942261
4166927
-4767532
-955042
-4893296
-1210657
-3786645
-5172361
1687831
-6178422
1572638
-4043112
3763292
-3108967
4539788
-764727
4545496
2053792
2726173
2758050
82447
2286983
-2314719
4828896
-2719030
2166466
-3472212
-125227
-2302714
-1804346
-2194767
-1929757
-859469
-4003241
244312
-1289215
1846167
-1383070
1575882
-423939
1692431
1382677
2116478
299948
575914
1341652
-1887037
1195231
-171365
-598315
-2910129
850685
-735483
-281676
-2308925
-423440
-1602476
-448707
1565476
-1357057
-529344
-2416804
2317061
-589012
2291352
98433
677597
-1608549
1845940
974735
883366
-416146
-1037612
-624671
-214893
1989434
-1420345
822893
-1273230
434389
-1271953
461592
-117165
-1304184
512363
-562497
14025
1352491
1398604
-675531
-248050
-427725
585056
-490067
245102
452942
-897520
-307651
370335
-444356
2049929
-157666
30958
1080848
-728710
942262
326897
1795079
-713686
-886499
37532
308413
-365180
86904
-993889
-1422410
995049
-978016
937551
162574
-209513
-818227
470652
1274513
-226936
1304802
-1194300
-730160
396261
-680192
712324
-603317
307413
241012
54840
708399
-414792
-525972
-1278710
-740599
1271644
-721578
-1618867
-1766676
1174584
-236514
-247245
1477030
1439405
-29486
1224239
928180
-788955
-364134
-405802
-481160
-543462
681713
499915
-856236
627164
-756845
-356741
1164223
-310894
850122
-62662
567308
-63078
-1343866
506173
2083769
235926
468455
-806598
1820033
1127973
-553708
-336969
830714
469900
-593609
341036
-1248335
-856058
-1414441
-1428578
-1569042
-116852
1000291
102605
274864
-427169
-39880
-594107
-582828
81371
334886
-539309
1609370
-183613
-1969836
1168991
219546
-1341945
-658198
-1357376
-1399583
-2218477
-12606
2320
-1887625
-1321629
1199674
479249
146395
2112017
878637
-111694
47702
2034162
-85467
732631
247303
-780001
-1145718
1151613
-1444547
-2586268
218939
-516950
-793657
557221
1803485
-753141
-172578
592128
708747
-609694
877021
1205187
-1079743
302630
103091
701011
-2035651
