#SpinCore Technologies, Inc.
#SF in MHz
#SW in Hz

[HEADER]
@CLASS=	RADIOPROCESSOR
@FIRMWARE= 3087
@SPINAPI= 20191127
@POINTS= 128
@SF= 21.670000
@SW= 127986.351562

[DATA]
1157948
-925034
1474218
1027885
-781623
1500627
2289293
1017008
-778072
888176
-1674125
843687
-134575
1109171
-1627896
-1013861
257120
-1570333
109135
-1826806
2327866
-1978151
1333616
70850
1805522
519829
1630111
278149
-40389
853053
-1212975
2127916
-1203277
-281643
244143
1035238
-2119798
602711
-143475
58449
594268
-119896
883327
-697958
1613967
1485101
1842487
-2598814
1178480
422761
-207012
88575
-682782
48139
-488180
789806
-451069
-184307
-1528689
478410
-1090379
-995129
354291
-1013355
563981
951549
-239520
-1573638
-377031
1591133
-509963
280796
2040780
-461
-1065202
657625
1638675
1592936
139838
-882334
270291
-272433
1080601
1009164
-851185
-1249673
-221182
-11919
-604655
1348006
31432
-1459035
-806299
636205
1543068
470650
850708
13193
6630
981259
-600803
-551463
-1411448
-84075
431971
-1894298
-1187267
-901795
-1449105
982317
382015
1087477
-1842546
1741541
-255130
-67564
1015561
522354
982746
-902056
1793905
-1335974
966819
1099901
-1186207
-264400
831161
792251
-718062
-267541
-419881
-85959
303258
246823
-1210673
-445839
247028
-756639
900912
2077790
141856
-374328
888606
979858
-1286423
-627285
1225359
-1725027
443789
51458
-326509
-480944
-682212
1131063
-1335464
-1604317
-642115
-134037
-1468662
-1266369
337557
1269188
-1717403
2475046
302081
320906
647117
184819
-616052
-193863
2773805
-290264
338947
-591853
16870
-375963
139733
28533
-670704
-1031305
-471641
-1252638
-852201
-910260
-422025
-1330463
-1682096
1139337
-389818
1406528
-719610
605437
647663
1719777
262930
1955105
1464840
-764294
362621
552711
-1282946
-1391441
-372563
-1247323
-1823653
-792262
-1685669
-360768
230732
406103
-2686920
1674164
-81258
86656
560501
1738055
1000626
572470
1969108
712924
828325
203881
124041
228006
797549
-567532
-394113
-1328963
-1427923
-772616
515538
168418
162898
-2125980
-515033
-405552
-70187
315509
248307
-1322758
608293
99520
798727
624413
-661288
-112442
203642
106870
-1321
-1262217
1275768
-1723116
307243
-46377
240231
-470008
