#SpinCore Technologies, Inc.
#SF in MHz
#SW in Hz

[HEADER]
@CLASS=	RADIOPROCESSOR
@FIRMWARE= 3087
@SPINAPI= 20191127
@POINTS= 128
@SF= 21.670000
@SW= 127986.351562

[DATA]
1573053
-321540
2134986
2073251
71468
745173
-566100
2211736
-984660
1548543
-904817
2002371
-2535247
1357747
-1065070
52842
-314730
-2530685
-1823097
-2382793
693219
-932711
2083237
-1244530
1424402
746517
2103810
283907
-253843
781992
482727
3432712
-1291418
2788075
-1704086
-277811
-347416
334315
-1872443
-2366024
-490977
-2490700
-200206
-1092710
99884
-17375
-555503
357343
884678
1063675
1580645
-390285
-332056
1111480
2419304
561367
1186215
1699879
-159816
1417123
-1766141
-596767
-1604545
-121189
-557619
-1577276
777078
413604
-466993
1018273
1273848
-868332
81629
1091187
224869
-530575
416801
-462814
-113847
-49407
1293721
82577
291546
796991
-1277606
272981
912306
2271577
-2211422
394689
-612059
-920292
1049824
-266915
-40414
-2384888
1597874
1621896
310647
-141253
-1129115
-496702
-1235609
-1469885
-659701
-1411343
766407
-437811
617846
111930
1514317
1905823
-677619
691885
332331
675556
470553
343437
763748
530327
538298
-1911541
1577393
-1385622
-164176
-547860
-1247858
898129
-980917
529734
352660
8371
-120937
1185217
647839
373294
-10303
-244768
262585
182369
-803158
363317
-1000376
-1223227
682379
-612530
-1527787
-1401871
-1106748
366423
-1627681
1146489
1061431
682076
-111293
419030
-80656
-1073628
2201064
15403
-895434
896128
1075589
-735749
-1052723
935696
-5614
-1519733
275178
-735876
-851359
537389
231471
-915522
608154
976784
-1271583
493307
405940
303744
-2297055
-388405
192656
343921
653976
-977123
852635
-1461545
-578132
1087810
-531048
1580200
568968
-676516
1587650
1074120
1240790
-376603
-470269
-1648177
488714
-94934
-936640
-83213
966644
540354
-354380
1358014
-946812
-666063
907713
-359294
105453
380863
1732380
343920
442098
-1613266
17211
-656033
-896659
-1743862
-669704
363040
-132467
239292
-347241
1025836
438878
1104543
1322475
-903124
-163060
830413
-520554
-465503
-7939
200276
70850
-1220042
830292
642164
-1120558
460761
-366352
439231
6127
2653249
1031340
-828888
-118544
1127671
2009374
-585892
821651
-2955208
