#SpinCore Technologies, Inc.
#SF in MHz
#SW in Hz

[HEADER]
@CLASS=	RADIOPROCESSOR
@FIRMWARE= 3087
@SPINAPI= 20191127
@POINTS= 128
@SF= 21.670000
@SW= 127986.351562

[DATA]
940840
459412
2037701
1344941
916017
1921234
413212
1703234
-284557
1857407
-1673848
532140
-354865
-152893
-2391274
-539451
-934339
-2521451
255570
-171848
850342
-1296900
2108062
-1013009
1073194
-165711
1525713
-14835
828956
1602694
497617
224895
1153063
2320361
-1047583
521102
-1719
-919157
-10467
-321651
-209408
-3499202
602445
-1018995
539343
-232809
880264
-1737218
1266165
3056672
19538
877015
383070
418390
-972471
2294272
1151664
-1573790
-615113
-58273
-1669757
-441018
440560
978284
-2242685
525290
-765079
-893125
604548
501204
-221600
-216662
529754
194568
-119369
182649
-50536
-263614
-775020
-800726
623211
-1006823
1715606
317476
-859817
1007987
288494
-759307
-2049287
404197
105968
-2909131
1289567
1612075
-495686
-1079164
1713449
161247
-1074370
-24020
686365
-1372567
-714372
1874859
-38753
-1477178
311644
312424
1193444
-324129
1052305
-922003
-368674
1291684
961310
-488673
608139
-331996
-139
200556
442992
-363320
63987
-942027
214479
-930368
-194772
595815
-1791142
-217071
770705
22490
-599667
2002037
-444249
-527830
-614121
1855935
-884944
-1336148
739728
-1244573
-2221524
481414
1664964
-252463
206204
743935
-1695164
536036
746459
-1432801
-1309804
655081
-581523
-1281355
204933
-1564854
663241
-406955
-836122
-615060
183535
601208
-1441889
67681
2652324
115481
-700855
581601
826746
-3347
-577689
810975
-1839936
-1573686
255233
-1289579
-365946
666734
-455434
872810
-230304
452247
-957217
944385
-1058123
440391
-624221
737036
168097
-634419
1561635
-1021823
275472
704010
488897
577530
103314
429434
-1304890
289790
92115
-152654
660590
-2241251
422807
343349
-1915050
1936007
261720
839069
-385549
1129520
-325533
-435274
-167863
849230
370748
-175153
-354148
-378278
-1408312
803077
-1176045
-1088622
-230683
-95618
514467
-699896
1119470
236197
1005274
1236958
-35477
64790
2549249
323359
1043038
238166
-348154
-280085
-225576
488908
362691
174560
-1393485
-500041
125418
-38546
-754554
-79174
323207
454562
-1444400
553980
