#SpinCore Technologies, Inc.
#SF in MHz
#SW in Hz

[HEADER]
@CLASS=	RADIOPROCESSOR
@FIRMWARE= 3087
@SPINAPI= 20191127
@POINTS= 128
@SF= 21.670000
@SW= 127986.351562

[DATA]
4781970
-1866088
2012243
-679335
1650835
1493517
1509880
1622725
-1984325
3331575
-496365
1646863
-1014007
2178753
-2644911
188000
-2378485
-2825911
374856
-1248037
-407541
-1894623
-289682
-1864093
2048423
-111102
696632
268604
2679604
385736
1789561
1795152
-835668
1639288
99296
-246102
-1844139
1235890
-1335245
-372265
-1640600
-641132
-653579
560857
842473
-889712
1287749
-1488886
898580
-692737
862270
136295
-380665
1105850
-579273
330126
1702419
2182413
293354
683778
762733
-279344
-1236125
-534196
-948374
-324543
-1333056
-429644
-1577370
1364486
-333267
-391925
1220271
-596263
1202094
284870
506864
-146225
1544265
-1084086
52653
224102
-998182
757378
-155800
-102818
-751630
1716354
-372172
517986
-267489
-216160
-1655173
-1596418
-509736
-694755
704520
-180214
-972336
596198
1687114
-114860
-857294
-355509
-394572
-444220
572123
-1820840
389682
171958
-195669
508497
448257
-37615
-377714
2452238
847663
134695
-140574
215833
58328
-25680
-269297
-29385
-295601
1309476
-474063
-686316
-371210
-53609
1566570
760783
-1061889
-361282
9429
245252
-248009
93328
574650
-383386
249984
-1560150
1941845
965637
390102
849394
1294353
-135697
-1304400
-369424
-614566
-829990
-1776235
-119924
-1946031
552008
1573574
-573561
-101025
719896
949170
907328
-65125
-1590077
242322
1293086
-1934218
816140
-543621
-1970069
836595
1318399
1405639
-298377
-10357
-758632
653439
-170850
-853797
-612449
592231
809000
-1534373
-254275
75886
1380302
1554627
382602
1121103
864587
1267521
-977711
-988592
-1226688
895774
-576111
-48825
-98498
-692944
1403704
228863
2245968
1070218
643118
1402808
-734474
1414834
-374392
-544035
581702
-700934
1123047
-1475328
649087
347157
402158
120893
-264250
-530190
-526733
291471
-734826
1696563
-151538
-653002
1619084
474893
984808
-864781
717626
262537
-1594588
2162516
-772774
-8154
-177491
430137
-1926797
1450752
2051413
-1153816
2361575
-753023
136956
-219541
-645907
509567
-470308
-497874
-2722638
995454
-110623
-228280
-647687
170774
567666
