#SpinCore Technologies, Inc.
#SF in MHz
#SW in Hz

[HEADER]
@CLASS=	RADIOPROCESSOR
@FIRMWARE= 3087
@SPINAPI= 20191127
@POINTS= 128
@SF= 21.670000
@SW= 127986.351562

[DATA]
-5940848
475578
-4148677
-3188440
-2661050
-4395280
1110094
-5128475
3921235
-2750800
3136294
-2249599
4927731
1855669
2284484
1622543
566753
2495030
555147
5533353
-4317300
1900007
-2010795
2071242
-3080581
-564353
-2359862
-3142216
-155891
-2489440
848176
-4304066
2705197
-3192157
2715234
-1794824
2767190
246632
983479
1908039
330219
3139382
1615841
2540888
-344685
1468402
-1709782
752769
-1209173
-856336
-1203433
-1478045
-2337456
-1830030
-299464
-3014108
-671610
-161439
-339179
-216871
1412964
325398
-250207
1333857
1357927
2535913
1312641
-1035298
492192
446496
-721885
-1216482
-1557059
-1957430
-1776289
-518057
-903018
-1877723
1387752
-2032118
-892633
746358
888330
1778473
1135296
709030
683236
827301
2605376
-668163
594235
-838234
-87221
-1844144
-160492
46318
-2171503
779829
-2522585
948482
-1214569
310305
-1028099
871287
333916
-335249
1491597
-314057
2143421
107021
1045939
-865800
313588
3578
-727754
-521617
-1728448
-289871
-548945
1331500
-1273799
989503
577013
1623336
365585
1572906
-1954625
111770
192200
-81851
926990
-230238
-1349108
-1618931
750904
-255773
-1230074
-631490
65692
-658475
-1899882
1455823
-885868
-825385
383743
1489692
387542
212367
1332667
-659161
-632558
365213
-1153498
-1565039
738480
-931838
-851148
-590662
917579
817095
438632
1443013
202261
553663
687830
1969552
172382
1458606
2303888
-755906
877294
-3027367
-881428
-626336
147372
159406
-1843883
1115788
-1689201
1826664
-773022
1774956
731401
-1128646
1608242
1071363
135838
1337922
1459920
-1161384
-1411754
-378568
-126785
-991288
-2068545
-636203
-2297713
1460374
847728
-324935
-936695
1275756
-228726
666793
485398
2091849
-273826
638493
-168731
1017222
106056
-976695
186793
102812
-588871
988096
-421342
1420021
-1390162
-740319
-1266338
-678473
464859
953642
1006986
-379254
2075707
279005
-105647
306609
731357
-530815
-1464978
489279
326294
-1168673
128450
858581
-1434142
-1622295
1615580
321440
-859907
-678677
372133
623611
1725501
1629668
-570470
-1159427
975939
-118033
-208821
-368134
-847716
-265499
