#SpinCore Technologies, Inc.
#SF in MHz
#SW in Hz

[HEADER]
@CLASS=	RADIOPROCESSOR
@FIRMWARE= 3087
@SPINAPI= 20191127
@POINTS= 128
@SF= 21.670000
@SW= 127986.351562

[DATA]
-5015732
2145903
-2892628
-2094699
190564
-1433192
-462747
-3124169
3263000
-1725572
1924219
-1341101
2676966
37879
2557260
1397683
844125
1745191
-540934
3047817
-1594644
754600
-1968427
50929
-722125
85673
-862328
-1238267
-2190708
-1445967
-345090
-1913913
-394764
-1823387
390918
-1202486
2445247
-706883
596659
1219216
387443
2299973
1865469
1048804
-270741
1465346
-743553
745041
-406038
-324111
-1775863
-1046784
-595590
-958356
-303994
-1164309
-1280463
551956
15257
276194
-313106
-842278
296479
-433333
109607
-1145492
62367
-2095664
654257
155913
480059
1552030
25624
1136587
-849339
94812
-1011722
-131349
-388797
-842343
1060887
753220
-117057
-1074959
845503
-375669
-147159
-1053518
-619845
159722
287057
2655353
-269736
66465
406763
244699
90992
-832640
-69280
-780312
208600
41123
-602185
-510976
-1189604
-85859
-1224819
286039
-800174
731037
1292779
-635033
465953
1222495
548305
843854
384582
-1176097
-979736
910585
-1692052
402437
-43062
-197760
-1289135
1717753
400547
-42646
102762
-930567
-536096
482502
267697
-1951828
-494316
-46465
-553377
-853621
-963349
394234
966700
785442
786586
650485
1073124
816653
190313
-334077
630796
-108857
-613924
228104
-1014464
-1337540
-302863
319611
-1261155
-713541
-185373
364158
680441
757939
20254
-857346
-693274
-25314
-112467
-402108
100575
-601280
884301
270846
-763474
109276
204841
-789714
60844
194767
-1480042
-1615185
554256
-628559
-938017
2343009
250838
-1443576
-351873
-85478
-252164
677623
-505464
-1821410
-203220
273442
-1164493
602606
-56874
814512
147282
1032663
707660
-168741
1574578
1747045
-875048
-827088
-1999519
-2086403
-1397631
1538167
-272797
-316192
-1460260
-1652980
436415
-1833699
-1086632
-1029205
730143
828484
466576
-76718
-1079775
74099
-753568
1701930
-184530
500153
-868685
582118
906521
-40827
1019773
-37961
84951
820324
-121621
-759757
-766089
542679
-1624495
1860501
-389483
-254151
366867
-613349
-72072
-1084686
1526226
-626138
-1174146
335740
-1032575
-948980
141756
1213415
