#SpinCore Technologies, Inc.
#SF in MHz
#SW in Hz

[HEADER]
@CLASS=	RADIOPROCESSOR
@FIRMWARE= 3087
@SPINAPI= 20191127
@POINTS= 128
@SF= 21.670000
@SW= 127986.351562

[DATA]
1148701
-358624
-2686123
806671
2201472
161037
-766929
-188459
-973358
661339
3405327
-557540
-112337
165591
1953129
126859
160923
1333339
154109
-447764
-1165325
-782788
282770
-425281
-817816
-1262524
390476
343990
375797
1581978
-1680056
-844312
1083838
76944
668089
-920406
866524
-158730
-970481
-534405
1529109
974815
585994
1095510
-1327972
-998685
-477941
1101488
27181
-1602391
764021
-422250
-29403
762744
-163085
-183445
28380
278493
-517121
396712
1378785
-365307
-303665
96501
448636
-1631724
1014906
904867
-737267
807160
1637611
-346929
722466
-1344588
100316
-583382
-45896
1749875
330970
-606722
1217151
1007956
-669712
-131303
411680
443824
-280908
613567
350144
477722
-763789
-777223
1184303
-2385942
-805161
-854790
207034
-843787
33008
-18304
-743381
-280301
615589
890962
-1328011
365866
807856
352251
893627
-421607
503104
-533679
1290756
347017
755000
-1345314
-1638189
-342013
-2474990
2199386
-1616644
-1088395
452757
-197629
-3123216
1323411
1319487
788283
-538261
1986018
-801249
-1318414
2358266
643577
-1749017
289281
1414091
-1172909
201013
147563
-198539
-1613581
-1255243
-239321
-1488378
-1077343
-379054
51498
-443431
-643709
647876
22023
-107386
456071
1146866
-145612
1089152
-1899059
491587
-741030
53535
-1632804
497309
-30341
-2623546
572113
20416
-2447859
-1221024
470433
-883532
607952
304202
1399061
-330139
1058650
1096383
727940
1373076
814825
128825
-456157
-738752
-1608495
1194404
-323182
-438124
-381272
354594
424195
-1038374
72415
-377653
1028370
-1816516
932522
218384
112521
1435691
-897648
383633
-645234
1591597
1422280
682681
232504
-915745
517920
400481
406778
780859
-1161250
389742
-365712
1556345
642263
-1282897
-585272
337489
722996
-516337
563981
-703158
-2620568
61305
1622617
1355255
266103
591220
696063
-1681451
33703
1092645
-3815
-2194306
-462638
-1328631
-177469
-149744
1488593
921441
-877855
-422343
1827940
-401881
2689947
491602
-807851
8992
-1229310
475372
-1249111
936082
-899490
-471017
-375746
