#SpinCore Technologies, Inc.
#SF in MHz
#SW in Hz

[HEADER]
@CLASS=	RADIOPROCESSOR
@FIRMWARE= 3087
@SPINAPI= 20191127
@POINTS= 128
@SF= 21.670000
@SW= 127986.351562

[DATA]
2330497
-940640
1561694
432667
740845
2409185
-139350
1107358
80358
2725675
-4219309
43039
-1661990
527945
-2983073
174029
-654583
-2376794
-203737
-1171555
131585
-1938964
2096186
-1527146
2007213
412680
2019330
-259772
1494621
1497398
-1082834
2313098
-2255092
1367530
-1264296
602765
-1918947
-133713
18625
-1694445
497783
600530
-1926925
-679873
808731
-1508958
343472
-331966
2303819
-155513
1540759
693179
-1023625
1203256
827219
-405133
-132143
722994
-1118721
640659
1284851
-737786
-1493323
-741614
1237814
483128
935291
-48812
-1097335
1422188
2462393
90171
321890
741351
-73627
-688495
2280051
-817742
-1727225
-452833
668866
-1663760
412220
907782
-906371
814720
985395
644176
-1177463
1275296
-640839
-1215530
1057592
-294604
-876832
-1373788
298535
-1449461
1519256
535898
-2055636
-210285
129852
1512134
-827543
1513557
-598510
-1281310
426762
-589497
-817309
728545
-698275
-2524259
-178800
2536904
-1175542
-408199
-730174
583755
-1471520
-160500
1752401
-1125797
-54039
156177
2156048
667929
1510960
1117797
410822
-267057
-367723
-1335085
132298
-493939
-2093941
-1484604
-47775
1533833
1174830
882864
4304
-156259
736178
709857
-1687658
-1252728
-1209576
-1653248
146385
-934539
-978687
119805
1486980
-477332
427889
1744204
77669
-688459
924040
1038568
-60317
243019
-91666
-1658561
-2291513
-633180
145247
218366
430564
-56747
-1375872
1102235
531729
360640
-703412
491981
-461948
726316
-239115
-603472
751448
364160
602379
27233
-203093
-407176
415676
402072
-794034
-569943
-710045
623785
958022
600707
-259660
-784878
-1176296
-711216
793654
360811
-391110
-1217609
69212
37030
1546680
469730
-989697
-596450
586301
1650271
-382308
-414912
361166
-1338693
-765938
512293
-80165
559520
-1419
28811
-135799
480569
78654
-196548
-1101735
-209646
17001
430564
633708
-797091
366803
570136
968035
1433290
-120141
-126195
-1726153
736681
-622962
-1627940
-194751
-365093
-440751
-1050092
1500471
267575
1365995
-37083
45645
-133609
1336076
41037
-771024
2438533
