#SpinCore Technologies, Inc.
#SF in MHz
#SW in Hz

[HEADER]
@CLASS=	RADIOPROCESSOR
@FIRMWARE= 3087
@SPINAPI= 20191127
@POINTS= 128
@SF= 21.670000
@SW= 127986.351562

[DATA]
16309247
-851906
14154942
7770604
8337215
12862168
14441
15711809
-7554930
13685523
-12488754
7569840
-14913688
-375110
-12462238
-7507390
-5824345
-12348084
842136
-13488279
7772362
-9849214
11763461
-5015875
12296311
907594
9093220
6916650
3724656
10175028
-746639
9909904
-6545424
7897499
-8272049
3602474
-9013593
-579737
-7916882
-6159561
-2714636
-7700155
1190160
-7465517
4555851
-6043101
6220918
-1814306
6708858
1019747
3284483
3631365
1667225
5903369
-1199762
4899223
-2448734
4330335
-4530553
1223045
-3156500
-754514
-2830145
-2337088
-1503596
-2928719
25597
-2781529
764438
-3255905
2102337
-1418992
2341334
-748704
1727354
641238
1749630
2257515
329012
2383122
-668335
1433824
-1411227
2636388
-819999
149730
-1703612
-435669
-1342329
-362745
-673689
-1264645
-890625
-2239117
-14366
-942247
1687771
-1620949
1021289
-332349
316367
-601488
1634249
98905
596488
430823
878585
737145
82709
2007309
-458010
1461541
-624811
944361
-267458
-7108
-1564610
-1545891
-22397
-1411091
545691
-1431221
625416
-668424
-132850
803643
251722
-253656
555825
26569
-185698
849942
686250
-99049
-166761
395566
8182
261141
-299276
544556
-148168
-565358
-812748
-378491
-223445
-102644
114333
-517634
-410791
-477044
539978
307967
446805
279417
511312
168779
870203
782659
822724
-268508
-411791
1015778
132490
-227889
-226907
-1228708
-1183917
134482
586155
-518261
365241
-479326
-1016918
50982
516246
394836
-404550
-300955
392587
608191
822825
296240
566242
209734
357617
-17409
138728
37242
-779977
-323783
490380
-228309
-385589
-848638
-866094
-519408
181057
-455591
-549841
-596838
-233481
-516053
250662
168512
-783477
-129401
779641
549455
726666
35430
-72557
-334786
-722715
718847
388835
-253592
-105236
-244062
-456966
633180
561924
-371964
335566
-505433
286903
-64750
-556010
213553
91710
-777376
494039
571866
546184
-622826
66382
451405
1006097
318284
-177555
-156802
-257188
881475
713158
-299848
-267257
481504
250821
549654
1092149
509869
-15111
-31393
1377402
893167
531482
-255874
