#SpinCore Technologies, Inc.
#SF in MHz
#SW in Hz

[HEADER]
@CLASS=	RADIOPROCESSOR
@FIRMWARE= 3087
@SPINAPI= 20191127
@POINTS= 128
@SF= 21.670000
@SW= 127986.351562

[DATA]
2907526
-720503
1648337
1149985
1869816
629487
472772
1628666
182022
1733332
-752994
1117987
-4117447
2475807
-2558422
-1123608
-4164995
-1424093
-1860455
-1160379
855592
-1092672
2137773
-765656
1764625
-263623
1870207
1792495
1601976
-983581
-264245
1445540
1129070
2267667
225665
665331
-2416885
1531080
-1276231
711744
-2148687
-87895
-2053109
224777
647049
-1944996
-2705
-2186388
-331409
306790
2348407
-400193
-174141
-1919557
-808903
160261
1537630
-1255449
35236
-575833
62805
440888
-459018
1604404
-1939919
1642893
-698912
884760
-2889
441916
185348
-1053387
338678
212674
-458969
477741
1642848
-826571
1049488
1098106
-1122232
-968302
492957
-1137714
-338525
458321
434681
-1115553
-377245
567685
1076706
827996
-179099
1040204
-1762715
243710
-420878
579823
819297
715801
-173217
230491
170691
75566
-376828
-1509442
465210
229576
66998
-174406
727431
-1637060
-495491
1242558
111275
-553020
-1454037
948453
-266854
231983
-633389
1263946
-360109
679063
1188192
-689997
-841727
982933
196973
734695
283936
-468859
-539115
-2479680
324311
-584365
882686
-496153
-241518
-450822
441153
1319039
-55893
-176501
-213800
226897
-298172
141253
-1249460
-98525
1102060
2230995
931032
876975
929953
-514066
-1079458
889648
965081
-489613
-252592
-223813
-606614
476834
2309369
-1374388
-471334
-46656
-767132
247140
1504643
1516299
-358367
465504
143858
1294418
649148
-585430
74444
265965
-183353
1015313
-797283
-245067
1498704
-529191
-296905
-1562577
-222571
-45893
-960355
-576736
292230
1040234
262863
-218970
-670444
-670309
-160549
1323505
205380
233504
1500683
-544936
-626285
897430
-44439
-167719
-548592
-464021
-1044323
-1274916
-81193
-449447
-49498
32628
-199951
-88897
97718
-93865
711812
-9303
-1661443
-803850
126446
1405225
1393489
-1462480
1099588
902259
324018
275408
-864723
-1811063
32890
1182914
475014
282262
-301988
80747
-355396
-448903
-299404
685953
-1524234
-36411
-1012948
-521004
-98678
1850677
856376
-2266569
-903941
658816
221080
1872947
