#SpinCore Technologies, Inc.
#SF in MHz
#SW in Hz

[HEADER]
@CLASS=	RADIOPROCESSOR
@FIRMWARE= 3087
@SPINAPI= 20191127
@POINTS= 128
@SF= 21.670000
@SW= 127986.351562

[DATA]
2384108
-1151460
2698379
1839883
1566816
1977521
-609147
1676230
212124
430880
-1548139
-80799
-741146
86031
-2039520
-721336
-1488599
-2539130
631098
-2802108
430197
-1998380
2010446
-700262
1683793
1980306
2048167
979118
1473476
-93947
269374
380504
-320435
1899703
-978573
342195
-1160490
705251
-2192576
-905975
-954284
-2123164
336511
-826731
-146085
-736563
2145547
-999512
846796
-520413
538342
-325957
864548
2263794
-1762961
-622734
-765759
-549184
-376480
168624
-814953
224456
1278913
851728
-833182
918915
928985
-59549
-697711
-213094
-33611
-2815051
458598
-823810
1024204
414726
905528
-532058
-1103263
885851
-818697
-1157683
408516
1351847
305961
974615
389481
-100071
19602
-1035139
920386
-1375965
-327076
437535
-1841346
480580
-1209321
-1046753
-467815
-788207
-270975
-491731
1244552
84173
-577524
1384487
780529
753991
-412771
268583
-279345
-857378
-56528
-1029957
128015
-1132485
-781561
2136491
-1217507
31469
-909093
617793
-484084
79733
1247767
-1062578
1095666
-274131
792476
407541
668251
-696359
201188
1483013
1015585
475809
-397553
910351
1242
498725
-970523
-482472
705002
-722977
487981
-194729
-926643
-1187846
-894717
387122
-611784
-106846
388455
-85928
500109
1326620
-816265
-766127
972132
-707238
-639908
54863
-1299290
-1127515
-1009018
-183278
-575374
-700087
1340926
-393101
180365
308936
604198
222674
-204886
-221650
39485
-875210
-983991
-284908
548691
-346096
262681
-74369
423537
1026317
-677599
676346
54920
704099
-1197539
-2012734
287800
443113
-1356423
-783566
-954470
-751381
1144164
680640
-680508
22178
-88095
-1274311
627452
104349
-2318744
-34274
1115294
-60266
1969250
-1773992
-1401279
-255375
-389208
-180895
292863
182366
-890801
-199976
455214
275469
1140883
-150176
54345
1065276
1641921
-366757
-1525914
-906456
-260443
-625324
-506540
91723
-1599916
-1147575
345204
1026720
131580
375276
-1716467
736594
1090127
624578
-1159440
-621569
604497
-364327
1119769
1082656
-210315
-1541649
1186014
358197
-349997
-1108493
