#SpinCore Technologies, Inc.
#SF in MHz
#SW in Hz

[HEADER]
@CLASS=	RADIOPROCESSOR
@FIRMWARE= 3087
@SPINAPI= 20191127
@POINTS= 128
@SF= 21.670000
@SW= 127986.351562

[DATA]
5473942
-1657856
2936024
1287252
2856687
3650065
1134110
4488755
-2104505
4690390
-1670732
2192537
-4613466
715746
-3021983
-955440
-1490378
-5011058
15210
-2605903
1564797
-4043815
2047114
-1629876
2364748
-257261
2168345
657781
592310
442600
1132671
3015838
-1404651
3100393
-701493
703742
-2461849
1053156
-1774269
-119018
-2188946
-1128654
-569610
-1295155
1429590
-2235861
1721228
-2537723
2463379
-1164698
1048159
922728
1380600
331560
659105
1184492
-1374609
1500637
-1821771
-148681
-1362529
1778613
-1027517
-400837
-920990
1055188
101366
-1674927
461157
-1827797
355826
-12028
1113152
-2437677
-231664
-1529711
-530075
-517452
-541632
104661
886169
952617
908363
-209282
-1118020
1739593
-690431
363586
619430
-31364
671247
-769855
-1285651
571363
1128864
-99803
-511408
-1263624
-1107441
-398921
1333609
206365
-952462
461913
1893088
1125286
762158
-142022
774620
336040
770264
242001
-112685
-136295
1005813
-1090033
-522218
903316
-79697
-1737513
-813853
-534214
-170978
1162452
1084297
-645441
628931
1272532
45753
-1697610
631790
103807
262761
-126887
153248
-923296
-452634
946694
-492143
-328425
-547309
619647
221719
81249
283621
429031
1279100
1740471
1138738
41277
-393040
454419
568204
551326
-1476811
-2731676
-93284
60417
-251780
-565530
123870
-735649
-609833
-391005
-1100960
748767
-1125895
1496986
-622940
450177
1521277
-461869
-371391
-128612
213193
-2243281
533520
504776
-1035837
-555267
-1281362
-1527878
-62211
-1369109
-1450414
372102
1271146
2329168
376177
1198663
2199921
919441
1185851
953356
573360
-1305379
169047
-2094165
-339383
-630402
-1514380
-2372482
-291495
1331672
-302675
140480
-463182
832737
-500327
2909041
514366
229726
2355695
736435
-8293
-2001448
1702409
129754
-314014
1024214
-565005
-328109
-207923
248760
-434510
-823431
629649
267206
-983487
336896
465122
1059335
-757982
505854
404820
453001
1467374
568138
1072078
-1368153
865847
-649309
-856817
-221824
-710680
854360
326251
-21738
-871615
-917957
-892850
-924271
1643599
1173890
137490
411855
