#SpinCore Technologies, Inc.
#SF in MHz
#SW in Hz

[HEADER]
@CLASS=	RADIOPROCESSOR
@FIRMWARE= 3087
@SPINAPI= 20191127
@POINTS= 128
@SF= 21.670000
@SW= 127986.351562

[DATA]
-26177
754237
-740567
-775568
-504397
-1042638
408784
-1833764
671155
-2130543
1115552
-1845706
-633740
797815
157006
1319939
-222173
1500216
26078
715679
-14975
35728
943240
1796693
-146137
1096417
-871258
737756
9307
-454027
-526056
-896157
716462
-1223588
1393968
-1136045
504675
794565
552998
1347950
-1168601
-34704
-427167
1212975
551983
323811
459648
446160
762183
2648215
745406
-1265726
301973
-69312
-1062154
-840436
1069136
-1947874
277605
-1017814
-1003438
957080
-265389
366574
-1435814
1889047
185487
2106448
-22293
1219681
-28443
-645534
1675349
1943606
209038
1521802
185611
-1258227
334385
625819
653506
-3030938
-1212548
-8535
-777228
-131772
897358
-178403
-2502589
-127234
-1661792
-884524
540121
1071847
-2453895
-256417
1034948
2348756
1847511
1053557
-173939
-518090
537499
372668
870302
-462368
-510259
-2079247
-666174
402896
-261284
-676595
-1808183
544000
-1196187
1401833
-1326861
-307057
-2292027
1374784
-836749
-573467
236897
1500735
1545307
-603938
-271811
187442
-210926
-187502
893923
-378561
-340758
-1711547
-611402
-149231
785443
-418433
-1552541
867420
178179
-760708
381822
467319
12208
492397
997878
1600097
-735855
1622783
-1125174
556780
248084
-843335
702017
-1291723
402537
1680032
-1141845
-1071106
739738
970139
-1799320
320041
-43984
-851410
-558491
723064
-935279
-207953
1252549
1088690
-79480
-1197958
-575306
425964
224322
835417
-1091144
233458
-614084
430591
91363
-537828
-505079
406448
740387
35957
216291
-30121
-364020
-768284
-632994
-116062
362488
-903974
1919163
60261
-1419236
945186
414667
371606
-9520
267415
415825
-569208
398451
967748
-874030
-156558
217200
-61624
1381596
760723
1408882
933139
-652866
-104131
311212
-1845819
539037
-88514
-1854092
-1124506
706522
381041
-754984
1536429
-1729542
-1137881
-175547
2025222
-587032
-1844537
-1055140
993008
486457
877913
947281
243086
676491
565498
1782896
1481497
-327926
95731
-545334
-1104086
-84773
288793
70637
-507529
847389
-491399
686351
674036
