#SpinCore Technologies, Inc.
#SF in MHz
#SW in Hz

[HEADER]
@CLASS=	RADIOPROCESSOR
@FIRMWARE= 3087
@SPINAPI= 20191127
@POINTS= 128
@SF= 21.670000
@SW= 127986.351562

[DATA]
76955
-1045644
-2256489
46203
-362658
679529
1091644
-1423508
376982
736485
447626
-1207541
2779734
236934
324324
-508756
-632511
-924645
884195
909568
-1125671
1355838
1268185
356792
649826
-506951
-3069449
630815
830548
-322747
-1105605
-348916
1714950
-485245
738572
-51244
534651
-172485
1244522
1128197
-1001587
769156
-119759
-857238
127628
1315402
-955883
-1545752
780021
-216311
253077
1206604
687714
-2226396
118018
2461476
75504
1100010
-410333
-990851
-1637750
-667748
1998
-477071
-597757
1328881
863352
-1255270
578421
877701
-487871
110693
-1428131
-1306448
1369767
1047075
-667339
850988
-1706706
446357
1934730
1050349
-1659080
-983259
487133
1163929
847095
-146405
-283265
-449633
1273554
237877
-990177
-129195
-718304
-743383
-537209
818754
-495278
590062
-387858
-140898
22809
1748434
115134
-935318
-181101
-503945
1068162
6497
-874923
-1854393
707002
2097122
-2059855
-441835
-993211
-300071
11875
231180
1250982
-599599
946297
1424257
-1101102
-976363
732286
104946
667597
-1288651
-978208
-1212996
1541455
697485
-99192
86032
-1002481
1022683
-1406686
1551471
292583
677012
2536068
-302395
-269751
-393248
1948014
-2126891
-1819963
1003278
-947335
-1422825
-892325
-872772
-2578067
548293
-272584
-1032468
175147
1734889
684922
525731
1739057
1631954
-417313
461020
-1064678
-2059090
335222
-2041208
-19620
-2331917
-898896
408590
33790
89425
-1000550
1183758
-361715
2522555
-763478
-622173
187047
-254822
848648
-1047167
17523
160840
1129282
499748
513034
758114
-1174644
2128560
-645622
-1018979
-973332
537807
94838
-520020
232159
-715314
765057
429311
-312593
660272
983558
-146435
-739552
398531
-1291575
-955450
-42738
-1581824
-571055
398621
1438291
1197783
-561531
930889
462290
1281621
1942621
449196
-718540
998438
1173287
-1043612
356528
-1114570
-853453
-501961
1639549
-939038
-267290
2050332
-837627
598785
654778
1129397
-937116
528390
844598
-840498
461247
-575134
519308
-1286811
173217
-307179
-347998
635163
-1323207
-897803
259047
355071
