#SpinCore Technologies, Inc.
#SF in MHz
#SW in Hz

[HEADER]
@CLASS=	RADIOPROCESSOR
@FIRMWARE= 3087
@SPINAPI= 20191127
@POINTS= 128
@SF= 21.670000
@SW= 127986.351562

[DATA]
4989654
-1264569
4960718
4121172
633323
3475748
-674252
3658307
-3610164
5676857
-2250810
2920602
-5269356
-339345
-5354301
-2278003
-2606794
-5344927
-634765
-5503231
903387
-3700620
5101943
-831636
4364665
82043
3012235
3121291
2185690
4386097
283584
3718883
-1698380
3651305
-2235474
2048608
-2321837
-457977
-2359166
-1996674
-1796889
-1475430
-478627
-4111096
884549
-3662617
1279141
-490676
3093074
228001
790547
593255
1480544
3397573
-900662
1769565
-2389273
1860469
-345943
-330640
-617440
-323428
-1449166
664458
-1118935
-533270
-678714
-2043039
-39543
-1452820
1375279
422291
1217628
-381883
1574077
1421862
2585683
576477
-630878
1086089
432574
441573
-93355
1156269
-628590
982457
464998
-155288
-1049437
279968
-210020
-1151814
81384
649990
-1820680
-1921141
1400046
1089962
-151208
549826
149725
128355
-795512
539000
361495
810966
1059715
367618
1134811
-31287
-23286
467013
172157
548220
-833474
812334
-808310
-1201127
-1457236
-329974
-709041
-1085638
28154
-1101165
308477
411193
-72016
-661262
-404177
806180
580100
351828
793722
-335048
2324952
566345
-112179
538926
102286
874682
716216
-51989
1124049
-347231
15895
1216924
-318501
-1019121
1707350
355503
-420867
-331026
1553716
-243007
239329
1258393
-314092
-1603511
-9085
2244540
-299461
103514
1189195
-676395
-106338
1667194
659706
-2745405
-614564
-982409
-533396
-639176
875082
-1675406
-1886536
243099
-858012
1220515
793863
2004883
-773535
423298
1159437
11367
344603
-457843
828290
-1213150
-280998
313284
1093450
-2003429
-556064
-833481
-272087
-280006
-766330
-1092998
-1056025
-1662512
-307496
1131867
-1339186
1130251
-155922
-618745
-464523
-174466
1474933
368137
75699
-1478658
-599710
-699458
1508236
378277
-387975
-1405447
354646
-338899
-854254
736443
801874
-1688281
-946944
1059855
-714610
-541586
1353972
968719
-1579154
-166680
776327
911301
231139
727843
335359
-627124
1069040
1710310
-176841
-1924164
422720
-120969
-390867
1094161
952543
-170566
-1459034
-79390
-434646
-1587902
1730112
-948561
-802295
451173
