#SpinCore Technologies, Inc.
#SF in MHz
#SW in Hz

[HEADER]
@CLASS=	RADIOPROCESSOR
@FIRMWARE= 3087
@SPINAPI= 20191127
@POINTS= 128
@SF= 21.670000
@SW= 127986.351562

[DATA]
2577765
-2468358
2569679
1636874
2405542
3061717
2183216
3630019
-577599
4367467
-3037122
2738416
-3607514
552091
-4512422
-1497057
-4255689
-2084639
-1067498
-3186397
1052481
-2731516
2905684
-2646841
3931400
97156
4208624
466460
2608264
2980075
128414
2670003
-922330
2230318
-1939224
1663084
-2971854
1451093
-1280858
-183405
-1391202
-1407330
-1418260
-2365105
-27174
-2077060
410210
-1746205
1022515
-1514163
21910
802875
1273092
2098428
1592861
1855660
-44256
2228120
1397098
1027860
-331795
384914
-2159585
-1110784
-1873066
-1825518
-799499
341766
-1956933
874707
-446289
1195968
1418691
150389
-94849
-231093
3118578
-363271
492742
-1319814
-1157430
-953681
-184641
186821
-823929
1237751
-2766735
1859857
651435
1324639
-1065556
622221
202015
-776431
464957
-27354
-629450
-2657201
1499603
-87327
523919
-258644
-1857874
1491490
1793793
95324
-945038
947648
-710884
-151668
772193
-1368392
-339797
-651735
542726
-589107
-326518
-540112
224608
295614
-387031
850958
-903053
1207615
29820
511937
-1180247
-158974
599435
-147225
459129
-1102972
1425055
1234217
-160455
-112082
219976
912913
-24759
1055076
-674116
-465914
1396584
333576
-548765
-162735
-1787317
-1638153
1183106
657219
-861062
967411
-334887
-234224
990708
1007253
-998778
-1365586
-868796
33550
-171270
1038378
-1588424
-968172
802155
65621
2624239
-958507
-45849
1292137
848811
-528888
-889125
-77393
299218
-593397
-562802
989390
-1112161
-132024
1318244
1100912
2215494
1522847
348451
-1277277
1577151
1896896
-880474
-1053114
-420414
-1823855
1640175
1203762
-1589236
-1001158
1221985
-846861
-28471
311674
21579
-1134582
724410
77408
-1431252
-21626
-329207
976386
-390116
1624189
496345
-1303067
2060623
156118
-1092659
-920176
916464
-1659360
-420276
1484605
-1387166
-431412
967296
372892
65438
1254194
156315
-1265722
1999989
297424
-459786
-383900
343098
-657329
-276440
-1240379
674644
-1021674
-442835
-35363
-862942
-372026
834838
1351627
358912
2174045
354886
97564
257598
278927
21705
-408500
-1344854
-1397404
1809114
-1948712
