#SpinCore Technologies, Inc.
#SF in MHz
#SW in Hz

[HEADER]
@CLASS=	RADIOPROCESSOR
@FIRMWARE= 3087
@SPINAPI= 20191127
@POINTS= 128
@SF= 21.670000
@SW= 127986.351562

[DATA]
16920568
-2522919
15177005
6229559
8842397
12671912
2424500
16461464
-5061542
14752828
-12940079
9771536
-15057281
1912968
-13826432
-6131360
-7802606
-12076987
-1669412
-13077926
6180374
-11838611
10248492
-7710537
11988144
-2600494
10533027
4784642
6618865
8111683
2093664
11314564
-3829352
10214583
-7173435
6616203
-9634229
1216786
-7432435
-3661471
-5465545
-6163582
-976979
-7603918
2908516
-7353223
4971135
-5284995
6423940
-1480025
5057566
486154
4638469
4200014
1263666
5133502
-1656411
4913611
-3998408
3995704
-3480739
1607445
-2942815
-542222
-2509179
-1925988
-1805665
-2286886
65152
-2847677
1187583
-1493875
1916136
-1575345
2206189
-668706
1829054
551751
2420965
869303
430333
549062
-564320
1044026
-485288
1727586
-937686
1221913
-2485496
-45538
-1385934
-193028
-611922
-907616
-1608737
-914055
-221820
-1307915
957044
-688805
127256
-1348127
1126488
-256611
1124129
-526157
944146
34400
541029
1054997
680844
23632
191482
695277
-830477
719881
-1121455
662578
-1669188
-172573
-124834
-986503
-197848
-666775
306638
-1151544
888379
-5300
670750
52850
1571937
-473519
433665
550520
267907
67174
606087
653573
-1070514
-129854
-452808
-20746
-848906
731282
-799030
-818362
-719892
249505
-326826
716758
743934
-1245956
-520488
-137530
195013
-88575
800341
144521
213241
-2209
125287
-41991
102773
791309
216044
-412000
-951107
-371320
487811
357499
-193051
601552
-632122
-732152
-513192
-215599
19678
-545466
97848
-740973
-409043
-689608
610264
603273
-845115
664769
160459
478415
-640374
867037
-248933
533312
174895
421377
-137178
-428014
354182
361130
18187
-911342
1194228
185956
-386278
-52905
437644
-182111
-1718386
92540
-39889
-892314
-285722
-160357
-313386
206235
-106043
422501
-772847
283035
-80300
401919
-105995
110697
180766
117978
-363913
457318
303826
411326
310918
-719630
423738
-455017
-259620
-255582
85573
-528690
490650
112489
-60213
-548586
226737
814552
-645335
227309
662771
-578331
370082
-138392
270669
430471
-384899
881998
-175466
751730
436420
-371172
