#SpinCore Technologies, Inc.
#SF in MHz
#SW in Hz

[HEADER]
@CLASS=	RADIOPROCESSOR
@FIRMWARE= 3087
@SPINAPI= 20191127
@POINTS= 128
@SF= 21.670000
@SW= 127986.351562

[DATA]
2468134
1074636
2838601
1480815
1014515
1320514
-31943
2858273
-10247
2650157
-836073
1587126
-2412802
-1667370
-1383262
-2192174
-807702
-1368742
-1402747
-1916065
1123830
-3053852
2256558
-1600308
1839158
629078
1215259
-609760
649645
1327472
524148
2238789
-883699
1875518
-1009405
29421
-496842
134861
-873016
-1373582
-1912195
-2002203
640195
-1571610
1089098
-962635
729728
-973421
404225
-1030034
2306785
1661975
306089
2402473
-1751704
1132894
-666591
-268206
28803
2723523
-503870
-70096
-1696120
-412099
1782677
244678
-520338
-24782
396219
1325770
-32400
-2485917
-1818697
389809
-526837
-80679
-186942
-1250958
747962
-398810
-1130138
796007
261254
1902495
1255876
-766797
332895
2431280
-251796
479222
-245199
-1157082
-163412
64640
-858976
-557361
549351
-1843282
-221823
-514534
2667
488694
-31045
-1925296
556241
1401896
1680953
563835
585501
321050
709072
-221783
198479
1295532
-436088
2232931
-1406951
-875201
1693131
11204
-876121
-967720
-520915
-860997
1183500
-647621
187976
1579955
-506855
1546785
103552
-604827
297214
-434435
1071082
1826614
-178926
-439247
-655392
-66867
1432057
1306398
634904
-294234
-2302362
-563357
-16182
-804651
-443523
340854
-1206393
-278108
2538141
-203001
715741
-856860
-304333
857326
-268975
-716572
946728
-756101
-369728
3100200
-82587
364513
-1272031
-2403224
901054
343495
-164196
-394322
-1207365
-367688
-175305
114889
394032
527537
578851
136315
-409764
1029660
351038
1456250
-1220164
-70531
1412967
184027
350626
-404749
497222
-172939
1402154
-287847
-1161518
-543046
-664311
811534
-802606
-1150812
557892
89712
-1128702
1732784
-189851
116256
916861
635859
722478
1045145
43158
-239968
248143
-674885
-256950
737608
853939
-615203
-507939
401400
1277190
-1518315
116605
51258
719624
-882469
-745762
-1201314
783468
-532170
-472579
-864784
-382762
-191251
-542562
-123489
361990
1596745
175390
-1152762
-1145377
1873309
479684
320039
-607614
-945794
141013
193055
645067
-660375
986542
1063612
617460
-12688
885785
-153648
