#SpinCore Technologies, Inc.
#SF in MHz
#SW in Hz

[HEADER]
@CLASS=	RADIOPROCESSOR
@FIRMWARE= 3087
@SPINAPI= 20191127
@POINTS= 128
@SF= 21.670000
@SW= 127986.351562

[DATA]
-4148346
-1096900
-2217479
-2586612
-1526246
-2869406
-527122
-3627128
3241817
-2650432
2596238
-2128198
2215107
-961839
1816814
2655623
195003
1827207
-13339
4680642
-2586851
1421613
-2106828
1376213
-1720170
-1653957
-682466
-2718506
958443
-216707
781525
-2326851
1405175
-753381
3413603
164152
1811290
-86403
74217
789005
-447825
2751636
-408353
2541285
-3281282
3146195
-831398
2984332
-888453
-80068
-976056
-714477
451725
-1781039
1366228
-951358
42708
-1275278
601818
-583935
-2392013
-732215
181712
-592103
-291965
264353
-1075765
1103091
-558793
3122921
-1615463
-687928
-1412676
-1104046
98664
-1922832
-551411
83719
880891
-709105
1068167
-695520
-629587
118354
-2112781
-232107
1319328
-58524
469848
1223792
2062678
2127234
1116718
1489808
402619
162041
-48824
1903694
154431
382477
115478
-700751
683194
1721839
-449444
-837682
802228
-969091
-1100198
385768
2601395
-1564972
-372868
-525967
713830
-213218
-572071
1149576
-2217899
284567
-150257
-221831
-1022143
-730515
519550
-722910
-217507
2071188
423394
-2477502
1035294
-658990
-2201584
-295734
146521
-1302539
-120629
-656197
203998
-942378
1599003
1573808
-1271829
12277
475280
-424634
-740228
462115
-72351
-1512222
384039
1612726
222485
1088675
860065
-415854
351737
125339
137516
805914
188148
23618
-88420
-1943388
759320
1385631
1239642
198483
379139
740146
957119
760286
-296835
1069959
789671
763906
425025
514120
486883
-18150
-1112714
-770477
1094074
-334949
-549177
631602
-893354
-192309
668184
-908574
-945486
745914
-740123
-910672
-903099
-37580
-1837965
-1484889
345434
220042
-1145742
-61286
211171
41837
-37970
1675307
1261054
133173
-894148
1551773
-73623
287385
1466782
-740733
490188
151841
1169196
18165
-1650905
-1944291
178082
-604079
-129359
1227276
-994507
-379036
124709
478296
54232
1642211
664014
-952568
-426975
1517669
168494
-54210
1616130
-1018015
-1015029
10560
1126713
-1028229
-585669
-1691852
-1573954
-735717
434881
-1619316
-906408
669122
75340
77519
-1886325
592169
-923036
274208
