#SpinCore Technologies, Inc.
#SF in MHz
#SW in Hz

[HEADER]
@CLASS=	RADIOPROCESSOR
@FIRMWARE= 3087
@SPINAPI= 20191127
@POINTS= 128
@SF= 21.670000
@SW= 127986.351562

[DATA]
-3615912
-876147
-999721
-1852461
-2376426
-3183402
126416
-2541318
623717
-3366032
1108902
-505989
4024026
497798
2853105
2289445
3194447
2261314
2661840
4654030
-911503
3355044
-2375516
1410576
-3248459
-219027
-2280934
-3686452
-959250
-2508268
-1345512
-2217272
804887
-1562711
927815
1315864
2911476
1172766
2118010
769044
1929595
2211972
1573140
2241656
-1273464
1512988
-229731
1001666
-2392264
-238813
-1506221
-1049670
-1887734
-2815887
-55031
-709229
418849
-1480484
935168
143761
734145
1295780
-422280
1341159
1662911
1028851
-887849
727435
1139686
410499
699471
-674833
-207488
981871
-1149302
-1205008
-1207416
-669187
-361617
-1566725
-1503054
-391399
641129
305854
-555204
263327
676507
-494050
2130805
-604800
-493296
219158
669908
-1113527
-228870
-538097
151714
-381105
1066280
-520140
-1339816
103370
243776
405042
-1394468
1389233
-1128096
17771
669997
1572643
-865717
-565646
921295
-253161
541347
262053
1642619
-284100
169857
188292
-812995
-133618
940664
233986
-972529
-306707
-749850
-1817396
152440
1378380
-631270
-1267020
-647320
-1174994
1094367
172108
1812735
-1392730
-180498
841393
1448348
1398520
411383
716089
-2303338
74795
295597
218726
592764
-908861
-506847
338661
269604
561915
-334259
-18863
-591332
872531
-592314
729860
1521708
165292
-1342465
-682067
46877
1061224
-652664
14787
-213010
-390625
-1209242
-115759
645686
-512063
-985705
-415324
-1909737
880916
1397248
-5096
-113426
-1150713
1452255
987965
-677760
665017
-1501967
659018
-560844
751374
-486234
-989096
518155
599257
-406392
-297980
700098
-1310570
-853691
902619
-269406
1022431
-46404
1068673
236019
826844
1541548
216491
-466093
583260
563253
592790
291646
1831238
-780976
-536346
-328443
-508366
-798771
-2140610
533829
625280
-1155509
334736
-1321641
-174359
-1001932
768682
-336823
198756
1303541
255348
634533
1613044
-303579
-466278
795757
553461
-991776
-280618
168250
-628827
20585
-566636
-624912
-48839
1857819
576706
226065
858179
310450
-923525
127922
-22318
-138976
-1458152
