#SpinCore Technologies, Inc.
#SF in MHz
#SW in Hz

[HEADER]
@CLASS=	RADIOPROCESSOR
@FIRMWARE= 3087
@SPINAPI= 20191127
@POINTS= 128
@SF= 21.670000
@SW= 127986.351562

[DATA]
-3208966
615586
-4644383
-134863
-3338025
-5182765
700596
-4422787
1351106
-4752783
2611143
-3113301
4553491
-1610158
3497460
641142
1631052
3277241
-490098
4420468
-1184839
3293054
-2843266
3117305
-2152883
2114004
-2159989
-663130
-3709832
-1878410
478004
-2218620
1736029
-3936022
1940715
-1665820
2582402
-952215
3025365
-618166
136438
2075420
-694548
371834
-207036
1143802
-2942188
1027917
-992331
1801359
-2162501
-728161
-1257249
-522817
-1983093
-530505
-801766
-1055240
-258351
-556377
722671
-282234
468713
1044468
648079
-1078460
-333670
245146
95575
689267
2032139
-39792
-767515
1906623
-387169
-244268
-1291719
22914
-2337015
-1388373
-244757
-127114
-89478
110392
-1956107
-938168
-1207504
258128
-257410
547881
-98328
607210
607698
1545585
648086
-4165
-599804
863196
-435130
1530377
-1021424
690900
651198
-1100404
-1646659
641614
-477620
111068
-941314
-325515
-1403430
-1410094
-1179620
408626
1038869
-118061
-82488
715715
-106235
-956180
719857
1915392
-78843
-454339
-19318
626847
-1862329
-386032
1459860
1253768
98861
-603774
380529
686151
1805337
181395
288276
-2167854
-432349
2342991
1185306
-943656
1025719
-325337
1046775
-471404
-311523
-880897
-622159
-250361
94753
-197312
37450
859183
-240659
623844
-847806
368776
17484
1059376
-411615
-536384
-513394
873162
581293
1257043
-424504
-131137
1768743
-1641730
-46163
-1085801
552774
-673515
-160182
-1841036
-691789
535252
629216
-1102703
-448686
293164
-1401368
1632334
1441692
726054
-1674746
2177496
-1009217
-416689
-776701
-243618
-525214
-125050
-40671
-1038564
208820
-682557
-321474
85618
-195720
-42426
-289900
-1462814
-535416
-68577
-1364044
-745108
893039
-826126
525557
1023725
-509812
-106131
-502972
-1066631
-400870
630940
-1294562
-488613
507746
105065
-230896
-990944
-33771
-624475
-1352337
211918
-256576
-426103
1554824
-207239
-1403787
-166138
824508
-280335
-412370
288399
197714
-869058
960252
-404600
-235431
-629062
1336576
62120
-2324202
293442
-778396
306616
554776
612066
-218645
-277475
676593
1295636
