#SpinCore Technologies, Inc.
#SF in MHz
#SW in Hz

[HEADER]
@CLASS=	RADIOPROCESSOR
@FIRMWARE= 3087
@SPINAPI= 20191127
@POINTS= 128
@SF= 21.670000
@SW= 127986.351562

[DATA]
3903485
-1244838
5230887
-256243
2046235
1077684
3277026
1860889
1206895
4925309
-2392327
3694902
-3056034
1088187
-3105056
1564947
-4898179
-375430
-1525261
-3348720
-789684
-4404404
1688492
-4283270
3713586
-3667368
4635882
-452275
3359995
1116866
2943405
1486033
313548
3993937
-1362572
1515229
-638564
2144148
-2399881
2138343
-2297067
-1698273
-1442441
-776041
-2304837
-2157338
1112636
-2071189
1638668
-1455418
1673942
-1051657
3079688
-1200423
1114781
981841
992589
638294
1410822
1473225
-177072
989518
556802
503437
1157518
720168
94737
-887605
-1056915
476558
-658440
385376
-1496111
176949
866364
-1661924
1307088
-565039
1482121
-1627074
1395496
-786889
-1714689
286665
485432
177538
741560
972847
678083
1312930
870592
524612
786868
752067
265662
324039
-2056896
48440
-564297
1837384
392705
569028
-1635077
-508195
1283749
-1134706
-492960
-1009324
-696882
-1419192
412806
-1083496
-269811
264241
-565135
961532
1471414
979684
135258
447860
1653518
-2717568
-27022
727648
-183772
507856
-116384
-1672410
-584783
858019
1147611
681988
-1002538
1114427
2040214
225358
-183717
-611247
756929
615917
177947
-804507
-463420
1275914
277343
1342125
825889
515671
-960402
-135047
-910568
-925749
468700
-239544
140032
-1267040
1430914
-1512195
-663512
1058595
-1482144
-586833
899418
711977
286463
783364
-920383
-628990
-1046262
33868
-490934
-1483161
285799
789135
718359
-12544
155570
-1220179
1416366
-128099
477440
239787
651897
-1076056
78281
164928
-1450920
-1097344
-484206
-326502
651848
-187407
138653
492900
1940813
-1809417
426091
866094
425161
-485945
735849
279677
-1460058
3369324
-131881
-697864
1288228
-9837
-682432
280452
-1668944
-1912016
520751
-668785
-415219
1058129
1058546
387218
1493009
1990207
343023
31812
638738
-726947
952087
612343
-781503
-313759
-1018298
853505
55187
1876850
-780311
617766
907534
-1412251
2086013
-1048642
-268797
179079
1377493
-214190
-438155
-283290
-597842
1941485
259280
576296
-124039
35805
1780282
-798138
80859
-1637918
-858874
-596283
