#SpinCore Technologies, Inc.
#SF in MHz
#SW in Hz

[HEADER]
@CLASS=	RADIOPROCESSOR
@FIRMWARE= 3087
@SPINAPI= 20191127
@POINTS= 128
@SF= 21.670000
@SW= 127986.351562

[DATA]
1362110
1122731
-835844
-142706
-735125
-493194
-1665671
-329768
-525210
-2035754
676435
-1565253
428212
-198498
363215
1055833
-631463
-77699
-2391407
-816533
-1276478
249300
573524
421931
6679
857282
-1443141
1255653
-1491669
187613
151512
-1196457
648606
290643
1897305
-703110
-104838
7721
-966939
-502778
941086
18396
2195174
-1933421
220538
-197519
331644
653986
-710776
1714892
-1510760
-268743
-451869
-1361837
-78063
-812452
1556855
697042
-1361798
1977209
-1912537
939215
524179
908654
34926
-1410195
2066021
-1439668
-378592
1770340
-857492
17071
-809420
181658
-785669
-2894062
1058916
-995078
2093119
1076350
-1661457
-361708
-1960599
133559
-1006313
-631369
-1169421
-1650133
1482044
1195504
2150050
107488
377773
2044789
-391785
-225372
12667
-1352485
1523488
-908169
1705866
51806
509497
-732724
-1227794
151745
-1681017
-705056
1572429
-420514
1056337
653678
294770
842337
-1200106
57959
-1473730
-2128247
1418830
-48530
1796104
651217
936250
498196
-157926
2088109
-931063
-130454
-1105745
-778023
1301090
-47549
193053
-91903
512288
-558752
-6535
577846
117173
-635744
-842024
-2197627
-262283
-1050305
1083899
443382
350003
-928398
-1958114
1292192
-1170784
-865628
2490611
830367
-822271
910223
858637
1819150
-29927
-12435
639769
-878718
692523
3331614
1014304
183874
-128624
-43369
73690
300925
969213
113499
-977608
-218569
424685
349552
1006658
596918
777114
-557750
-703730
260201
-124341
582203
799143
1245630
59180
-1093615
949625
-1092159
-103407
-1316798
-532281
761202
22726
-156247
-111544
-144285
451882
-843323
-1309061
856218
650008
1545307
530506
-2054462
-1384115
-562368
641591
1144381
-629256
1467815
-16861
287241
210976
-1406661
-272054
646226
708830
484346
658090
782122
-1847712
1147380
319692
-1865343
784387
-284111
550226
-824255
1110067
-538980
1055667
-1261858
-404772
-286390
-529544
-2762409
-40923
6963
-1095136
-1784251
579329
1992111
-1629022
731238
695
-574569
-727509
404687
1072788
612636
-1794276
3065574
-1301997
-807336
