#SpinCore Technologies, Inc.
#SF in MHz
#SW in Hz

[HEADER]
@CLASS=	RADIOPROCESSOR
@FIRMWARE= 3087
@SPINAPI= 20191127
@POINTS= 128
@SF= 21.670000
@SW= 127986.351562

[DATA]
-5039633
800967
-3424458
-2342375
-1652606
-2467117
-515814
-905012
2514632
-2331857
1935002
-2917781
3469321
-1136137
1836131
137538
1361498
426366
271834
2238690
-136162
2005961
522218
3197384
-2229725
1899527
-3080821
630519
-1949471
-569374
-2112224
-2023507
-541678
-3249892
558115
-1554779
3316206
-2332623
2675393
-565185
1633831
1243633
3022616
-174247
923398
3714770
-2330836
1321053
-1947444
1305450
-482563
972390
-1954652
-827877
477466
-1131852
386611
-996733
774229
-1757201
1181249
975041
-889082
182550
-176602
930925
-1961500
2202379
-336020
-1272598
-1117455
-87682
140816
257156
-92182
-2528560
-1308490
2297580
530147
482529
-1706472
-1532914
-1788190
818840
-568486
-2725101
495442
-1266310
951195
-95834
1131979
-972103
596719
-575752
1205588
889892
-1198856
510865
1781381
1877524
-741865
-1059070
-1761304
-1023738
1435899
643300
-10813
-863698
1162454
-71922
1050381
-553399
-2150053
36931
849082
133914
-892903
-432094
-623918
1724816
1446660
-935199
-399160
-2304441
1003878
-308102
1062258
-779316
175295
798111
1384674
890250
115464
255907
-616995
761155
-299146
180589
-543250
39529
328956
636557
1090572
-1246857
-780476
329588
724115
1277096
521381
86797
-122188
301727
-765261
1203655
582866
762122
945010
452989
615952
690845
861627
-1726856
-722044
-297210
-578856
1332286
-1101685
-547841
664352
777643
969434
-99097
640644
-939053
1134619
-1068446
-662806
1782243
-877267
-319101
-1425760
-511422
-1451043
1988060
396268
-754387
584564
1625840
1140776
805109
1305203
-1897134
-930606
-44598
-678315
-946671
-690128
71308
-2153049
1986296
1556891
63703
988669
824941
811554
249844
554533
-1679644
-430903
498150
236867
645278
-1341947
129080
805689
1396571
544435
-1287269
356274
-955397
317526
852438
-935966
-819901
-2007036
524947
-1199145
-335710
-26118
621455
624582
-1473290
50182
-30518
919553
-284830
1328298
-991403
-1280884
-160721
1383502
-197338
-1094000
317193
-1025338
836224
868774
-1136279
-423723
1446125
1657777
1162783
752325
-65615
476133
988524
