#SpinCore Technologies, Inc.
#SF in MHz
#SW in Hz

[HEADER]
@CLASS=	RADIOPROCESSOR
@FIRMWARE= 3087
@SPINAPI= 20191127
@POINTS= 128
@SF= 21.670000
@SW= 127986.351562

[DATA]
-5486566
643761
-3861977
-2642743
-1304142
-1152877
252679
-3337270
2306300
-2589183
2090966
-1203701
4752210
-149402
962396
1906058
806971
3845149
126876
3776417
-763047
-514407
-2544401
1294698
-1708064
-2826929
-1100644
-1256109
-1410372
-3132872
1792017
-3423322
1606293
-2231134
3365943
-886503
-271931
1651867
-48187
826997
838411
3164101
-2423289
450621
-552687
1179714
-653040
-21909
-192351
-278753
-374845
-1598055
184850
-3364616
1714101
-1329462
1861454
700073
-671224
-581493
19250
-397148
-214914
464667
-590540
-368028
513512
2498502
168632
-250209
1523070
995576
-1364288
192577
823579
-431109
756907
-414386
-130515
-331618
39260
1224855
1134279
304221
-407430
323511
-2149932
-148302
259989
-454677
-1220386
336660
2098753
1308667
-331825
1166355
-836146
-744154
-2311410
633083
1507282
-106346
934418
111640
850023
-532177
2143498
579187
-831079
605279
-272766
262033
519249
-170631
188826
-871831
1209331
151556
-587363
-397616
-112519
-461307
-1140213
1375554
388857
-1075711
150713
799802
286873
1139623
1343086
337868
-918137
3835257
351564
-1091398
102717
398294
-1687346
-546268
1900315
-1715100
746740
978536
-563091
184188
688970
-1383785
-1374117
72843
-163349
-554991
-39205
468949
712215
-479732
-104346
1244701
17921
-1130034
1264361
-746922
-625613
947588
1043282
601698
87945
1469
-1302629
-1101108
-400103
45220
-1257688
-1780960
208864
749427
-2511638
1279413
683876
318189
-2068116
351949
1095596
-573242
1133889
914778
177847
197649
1557096
55916
1299973
-440525
1025013
264409
-1107795
1504390
-623297
-409058
-995249
73491
882597
802152
951561
450936
-1058301
488706
57288
-733390
1264367
-859519
1042922
935393
-313484
164220
-540435
-313464
-1595054
-588685
1817753
185595
589597
-1077778
2060096
1938728
-1277626
398658
750347
-615016
-173512
-115157
1361412
-861745
1542095
1294272
-151841
244209
1097648
246860
-816477
-337436
-287525
-1957142
323597
956191
303027
-146068
-1301782
2220517
-203392
270920
-835480
-483163
161622
-879381
431246
-1498602
