#SpinCore Technologies, Inc.
#SF in MHz
#SW in Hz

[HEADER]
@CLASS=	RADIOPROCESSOR
@FIRMWARE= 3087
@SPINAPI= 20191127
@POINTS= 128
@SF= 21.670000
@SW= 127986.351562

[DATA]
-7153563
-230132
-5320355
-896761
-3430671
-5302843
-428557
-4413360
4384790
-1904712
4552491
-3154651
4695678
-84508
4326472
3192416
616880
2608315
-1035630
3177540
-2009091
5375800
-3504182
326774
-3417040
838882
-4810901
-4165836
-2216416
-3131475
34957
-1496429
2471613
-4497507
4158617
608336
3834620
1383924
2387117
-1176776
1727084
3260583
-1513829
3708438
-1304946
1161106
-2610281
2920364
-1750589
-1284829
-617723
-2331442
-279906
-671586
444135
-4195663
1602469
-762105
1763484
-1330142
2156103
-1318786
764971
2241514
621292
-645477
-552492
118121
-39304
702765
-133925
5296
-2543586
958969
-1876818
-906688
-112439
-45280
717329
-417797
860433
-549505
1678403
-2295006
43605
-1228196
1158430
-1074126
-675797
741474
-469424
1282401
478440
175494
158826
751226
-1664394
52303
280646
1231674
675942
495470
-1153005
613734
-1515384
20718
-942598
-2024538
692728
808644
-417520
333892
-185185
147674
1227804
2613222
-137373
1045478
-1573327
-83143
-27982
850942
9351
-1622336
-487701
-340258
-1065649
-403618
254741
-1041288
-1572335
2012549
-1107840
695815
-1338846
-1225016
116601
1885816
2196256
-704467
24267
-480092
515389
1219188
737252
-890463
-1883096
618699
-778160
454549
-1701599
-1112476
-1086088
845695
550310
168135
918858
-91159
772774
-297840
692038
-186694
-1892509
161183
-1877480
-171170
-1181449
172591
-1679530
1590592
1469048
-320306
1644755
1019770
599576
159514
2203694
796731
-777716
-34535
351823
-1305044
-772985
-141823
-503729
-828853
221512
-67454
304523
829685
275809
1988751
-687373
1972542
-504051
-72482
-240501
-1244479
-2004940
-1842319
-898010
-844519
-1098124
684124
-838202
1901133
-465656
1424752
16619
1249246
1771997
1047326
936243
-1675225
751714
-1159538
719064
-1772328
-193186
-1324472
-793630
1942270
-1585366
-367040
-443862
1768549
390070
1395149
1160484
509008
279940
1273311
681654
-410586
244432
51249
-264063
104787
-244433
330171
411210
971131
-479812
2121539
26571
2035005
-65040
807371
1239228
722175
-305087
-844590
1082158
-980975
536307
147268
