#SpinCore Technologies, Inc.
#SF in MHz
#SW in Hz

[HEADER]
@CLASS=	RADIOPROCESSOR
@FIRMWARE= 3087
@SPINAPI= 20191127
@POINTS= 128
@SF= 21.670000
@SW= 127986.351562

[DATA]
-1503892
1066514
-3839773
-248455
-265460
-3428817
-1738939
-4369978
1033535
-2860793
2884372
-3227070
1514919
-1312505
3886526
2321992
1496428
2397249
-471365
3401754
-503455
2845989
-2256107
592221
-1274657
1012
-1754717
-918000
-941565
-1619372
-1021571
-2425745
504766
-2398603
506398
-531437
1971789
-313348
2901673
1461845
-466369
1379071
1872334
751269
-588415
2003802
-1699864
1187747
-880537
-528274
-2111233
297960
21053
-649837
-1121437
-1981981
-1025601
-1245178
1591979
-650432
533582
-176246
1898865
-133734
1445235
899327
-497775
907743
501669
-253345
-900636
1332105
-215836
5739
-1023131
66572
-1048898
388167
-2355124
-705056
-834498
556398
549132
-2002868
-586002
422784
-543980
-1337028
263375
-638270
-1543488
-235394
632014
-463702
633257
-245849
-469092
605044
-311449
1330832
-94490
1041089
-299693
-666048
1198619
-1318688
631721
-646648
-1526775
-1432834
611917
356669
-1162767
1443915
-8277
-285669
17478
264712
-272437
-1189844
950498
416250
389399
-891218
-77320
965274
-1381879
-94522
-2605359
-903631
-2087299
-126501
-1167126
-21421
1680607
11136
5875
-989662
481889
1248585
-835131
232996
-1411131
769647
454564
1156251
1508362
-2314449
659922
-1050372
628570
-373433
-233349
-1111904
-705982
1354080
-1797480
918753
-490159
-1941902
-1613899
104949
1066992
-876166
310746
816835
1020083
2837384
1988669
-249476
-571740
803141
-2644525
-1068158
814506
-179270
-355846
93038
-431180
-100851
370697
1368517
-1001166
222155
-12694
2440340
650504
-714511
721690
142021
676736
-927415
334183
-2028407
-494781
-560274
446656
230122
-358957
997002
-1347499
1044328
-850046
-134731
747349
-1375427
990502
1614394
216918
185412
181558
-749839
848085
309523
-764488
-9482
-354862
-313234
945527
-280667
904081
-987716
141557
-136337
402186
-650126
-247892
441352
-2073914
808612
-1026421
1817262
1362694
-110827
-693912
-856469
691427
199875
245295
-338222
285322
1402072
126727
-620972
-1619131
-749470
-1157109
-459090
-36452
1533690
1547917
89166
-494539
404715
1049645
57396
