#SpinCore Technologies, Inc.
#SF in MHz
#SW in Hz

[HEADER]
@CLASS=	RADIOPROCESSOR
@FIRMWARE= 3087
@SPINAPI= 20191127
@POINTS= 128
@SF= 21.670000
@SW= 127986.351562

[DATA]
-7418558
-1933106
-4276685
-2260410
-1735430
-1205287
-1031315
-3464020
2630804
-4737864
2964807
-2350914
1847111
-1530615
4936102
436635
2097276
2960409
-281474
2677908
486771
3646297
-1866357
2077703
-815569
-1344969
-4284012
-433668
-3097766
-929947
-2742217
-4273948
711186
-1038828
3954615
-2947606
2116674
-1579053
3072694
-699324
1890519
-744970
1476648
1110329
-101330
2598692
-158128
1905706
1461039
1388539
-1099417
-924323
-2668422
-90831
-2619530
-1513316
-2115865
-1296239
1991435
-519674
152539
-2788431
1011355
-1438455
1761103
-1578838
351913
1365379
2286625
370735
936928
1901261
1047278
1404092
-133228
-702126
-1566362
1032611
-900988
-1272151
-788946
-1683252
277945
-151287
-407683
-77202
434269
759186
-140367
-748718
496023
171605
54829
-743590
-1714911
281221
1015697
475523
-335531
634727
163741
1583957
759406
109908
-1975992
143056
-825616
-1432163
-922857
733062
-1960176
-675446
-194109
332086
23794
2358775
-779851
-2104249
1224721
9219
1365339
676010
-828131
-1517504
1291617
1522170
-1205755
774171
-1128214
-953773
893020
730171
-56826
77077
554683
361910
-2177655
-1163057
949704
246237
1403008
307686
446458
275944
1688145
303545
-671240
-2540002
-2150525
-862749
610815
-691516
-763055
190148
733439
379673
644864
-286341
1203928
1619783
-488811
-326846
580229
1278237
1169858
1339625
-1272018
1338701
-22576
-2261137
-202933
-846707
-1339604
431541
572029
-1895189
1824995
245536
441462
-1334286
-744418
-1413179
433544
-639
-1545891
660273
1357120
-1071215
242518
903075
-1168520
-614774
654425
-1357382
1262246
-45588
-915381
-1290524
-15486
854854
2198447
932896
-917093
-671137
748139
-103401
-81597
-1303767
-162318
146942
351565
-339949
-743830
553971
-51378
1333047
1357514
626518
520446
140321
547261
-430439
271511
-1356770
-1070381
153677
1264889
-106635
-262487
54202
1386082
1132777
-174177
-872479
-1278851
-32438
-788957
740438
-674472
-155173
230856
1186617
102363
-1070786
-123183
-39249
1162633
-1471660
-219607
-454847
405783
1268321
-386247
356790
-601754
1359612
