#SpinCore Technologies, Inc.
#SF in MHz
#SW in Hz

[HEADER]
@CLASS=	RADIOPROCESSOR
@FIRMWARE= 3087
@SPINAPI= 20191127
@POINTS= 128
@SF= 21.670000
@SW= 127986.351562

[DATA]
2833473
-344914
3420021
652215
1144839
3043297
1372143
2593093
-1412634
4146873
-1668825
1000131
-2013803
233203
-409983
60692
-412394
-3989414
-716681
-4117441
2938149
-3488646
460320
-761231
1980070
-132387
2341445
1154943
1903290
2234926
290951
1034411
-1376724
2343017
-1842639
1476201
-3015134
-1208362
-283255
-504550
106506
-2419134
679657
-1120602
696538
-1828175
-356598
-610595
2292691
-144797
1929784
1460391
1304860
1767663
345054
-1305634
-432541
914855
-852517
235179
-2649121
983913
-1285466
-1388055
10294
-22038
-90918
-717670
666478
-2635299
-536679
233186
-667869
-197758
-681600
299850
1278307
586311
569426
-467000
-502653
1707345
-79679
199069
-622258
1350697
-977015
1014338
-625514
-63205
805724
393302
354492
-473147
977395
577642
-620502
-415361
-666400
-180120
796946
271281
-1456120
-1659988
65843
10029
-234005
-572246
-1193183
67523
-97330
966454
-989904
-401142
-553602
1342396
66667
633767
1051583
4729
-1177108
678178
-156250
832672
971910
198073
-239368
819097
180237
747708
1961341
-231260
-553521
459755
-187929
-1431273
-69860
-435225
-1143963
198956
-262719
223745
-59767
-1956680
-228399
-856898
-1304781
-1357468
-820549
-1261245
396679
738943
-1268353
1124129
10710
-80142
1354877
-1165420
-426012
55574
-510218
480399
933285
652117
-912475
359840
-632871
106645
1340138
1014511
98851
1441395
-2644785
211898
-219586
648146
980275
-1071436
-787253
666780
2097303
170275
44516
502194
32765
-457503
816810
-279279
968452
416909
-677002
1258329
752069
-899298
651610
-867403
-318951
-625565
-1226560
558700
-1569309
-389516
-513791
-1876411
251105
-530654
-182051
157514
-547341
800835
835828
132054
966619
-143125
-1223786
1137567
389198
596399
433209
1154009
-764784
527027
-116865
-776341
729157
-1219333
-1510
221689
184451
-970834
-662359
-2033403
171709
615515
-1534111
-234489
1288114
-1759499
256564
-635696
127796
74257
-435119
737007
303778
92396
679576
-338166
-133328
595252
-96430
1481596
337465
-125028
1042482
-12702
