#SpinCore Technologies, Inc.
#SF in MHz
#SW in Hz

[HEADER]
@CLASS=	RADIOPROCESSOR
@FIRMWARE= 3087
@SPINAPI= 20191127
@POINTS= 128
@SF= 21.670000
@SW= 127986.351562

[DATA]
4644975
-1387924
2148699
1552690
4024465
4041864
1860087
4023230
-173809
4580978
-2470967
1535664
-4752653
2238146
-4500269
-2397391
-2317076
-1842006
-2556237
-2354878
-1747224
-5117532
1400361
-3048730
3206728
908275
2614491
106023
4464233
576271
659871
2300799
-151732
3216908
749869
2140507
-2027974
4128692
-1707062
1190957
-1133393
-1797909
-797821
-309214
-2861542
-1345999
-1166489
-1269795
-13846
247033
2499295
-633790
3035239
-1259685
68525
-46368
-447685
-507529
1540194
2635951
-1001585
2657767
294321
292793
-4866
-764424
-1460041
825485
-1492136
-1495554
-778661
-712129
163564
-142863
-566501
-1963945
71675
-1735336
-95379
165403
205058
-1201208
434478
714421
271774
1668196
-1771757
933660
177402
-693793
-179522
-501609
-1214776
566489
1174989
-1569194
-405022
625148
-947267
1509027
-1232220
-1370071
805690
114148
-706333
176909
-902658
-28916
1104823
-463765
-325473
907459
132368
-980732
-997956
-242369
-978162
1115915
242944
-547288
2103281
664602
-718413
1157212
637336
-1000076
-624578
-234731
749507
1244109
-613028
354427
-910529
1340399
66829
-792657
-125129
-674405
446567
800026
-1057548
534760
644512
-1633823
-2700
-764788
-838821
-725376
793706
-607952
849948
-116829
926790
734243
1032736
-544763
575696
595730
543139
-659449
-1479302
694262
-1841056
1642221
-115498
-102798
1470033
546977
-225295
-528967
-790753
-1873210
405410
-1053839
-871406
998605
750543
-76685
1472261
415031
1304644
-130365
1577970
-2109926
-925672
-211749
-2508468
1148226
-1564918
294657
679209
473019
472111
-271832
89490
-3186719
749333
-1055597
-209564
-783561
-684100
753810
1590334
1114790
988379
2008282
917333
-2519949
-573158
128218
-13482
-219761
-2703580
-389382
681295
-764050
1139595
944664
-159676
525233
583052
-1979334
1075651
1664882
-331557
199920
1028204
-463911
908850
785063
-1335640
1564065
-350607
-1353931
-731887
1631258
-183347
708107
-681069
-1393874
1168402
863268
321861
-1788200
103352
-1441283
-17566
-518661
-560948
-187792
1244009
177219
606032
1415021
52087
21607
