#SpinCore Technologies, Inc.
#SF in MHz
#SW in Hz

[HEADER]
@CLASS=	RADIOPROCESSOR
@FIRMWARE= 3087
@SPINAPI= 20191127
@POINTS= 128
@SF= 21.670000
@SW= 127986.351562

[DATA]
-851345
-590532
-2785010
2524104
97213
-171866
3636656
-543486
1873826
-624531
1612700
-609657
1186447
1569262
-1326807
-24123
412761
75568
-507212
1793908
325149
-663764
-388847
2486536
-971331
1385613
647709
618771
625369
996286
-874253
-861090
211889
-1043114
810961
-1018492
128203
-37487
777568
384134
442833
1559184
-1303361
-21020
-775708
187315
526585
-1357083
561273
-7041
341660
948616
269923
1037872
653355
2081298
-258509
-321895
-197033
-352657
-675659
507315
1085345
-923118
1062877
164516
-417718
-937638
1682419
932938
-747163
321232
-108708
260945
995247
780059
-1224183
-589361
1464417
-175219
146430
285468
-1077985
-835223
286899
402363
-1376052
-451386
-416192
205663
-191478
2264290
950899
-426112
250373
1121962
190791
1577004
982705
-1037039
297066
-626921
-903372
-686672
-1454271
-821516
-2274851
-49197
-1158383
-487976
1218346
-260776
40816
-1260404
370018
974144
109520
541872
45954
-316444
1187544
-1000964
369475
-702839
1659213
-1320008
138544
243971
-26965
-1312356
6583
546051
-1568639
-685802
-313090
-402136
1696677
-409814
1302282
710630
1374121
-560308
-1139009
2309990
-469891
-2005620
284326
-1297375
-1651810
-12129
-947796
-1471250
291490
599707
-527092
684626
1743129
591234
291379
1284023
-1458305
-496719
2038334
-427476
-1880634
-2237180
857498
-700521
271095
182043
-1258524
-497664
472597
1660113
-1090807
2017705
-1898100
25758
774360
765617
324872
-1526678
779009
-40091
613533
1512802
579768
-1468912
11367
1493221
-412162
241293
524214
-2167751
-815678
471601
1074117
57968
438001
-232181
-109324
574743
957871
124199
-171652
301925
-1947394
-811954
871983
-965624
-2129913
674459
-150948
-874409
1098206
588118
-1596931
1203771
1487661
-180811
-434838
944697
336961
-1057369
761681
136913
-587940
906316
-724851
-816069
-1952357
1643148
-237063
-775585
77978
986710
1090004
1129830
1477573
-238896
670028
1210057
-334279
99934
-724453
-1659002
-585395
421324
389658
-958138
136516
1251173
-1282672
684720
385295
-511293
