#SpinCore Technologies, Inc.
#SF in MHz
#SW in Hz

[HEADER]
@CLASS=	RADIOPROCESSOR
@FIRMWARE= 3087
@SPINAPI= 20191127
@POINTS= 128
@SF= 21.670000
@SW= 127986.351562

[DATA]
5181456
405434
4824700
5224571
12458
3908102
-2364493
2180259
-3117533
2621853
-4782520
1275757
-3551292
-3507380
45430
-3250864
985363
-3523751
3019588
-3359030
5942812
226815
1529480
1801303
1080539
2283362
-717727
3195318
-1978125
2246412
-2796663
-641256
-2337229
-431036
-1875315
-1098416
631207
-4251446
1399809
-160524
2121359
-408181
2633557
-238874
2103264
2199102
-410243
1553648
-456346
949345
-2270850
824678
-2227808
672278
359938
-2270916
-139800
-1827706
-743164
-3404673
561748
-268735
-209007
-559430
-1362631
515262
804589
1387545
953385
1571178
-375880
181656
-183971
-1760744
-1843816
-882048
-1155812
-3907
1319256
-851898
106482
1193435
84086
-98290
1666156
-864566
1856350
996635
-776710
73362
-439003
162131
208955
373562
36218
-547231
-1065937
-598325
1033361
-86986
-847333
-32300
1779609
-239209
-171536
1057161
-486251
-785478
2168209
-735223
1246956
-642066
-361989
618762
757586
-718793
-595208
1675520
-1435005
1123539
337707
-529611
1178311
249649
1057980
-1165044
233394
-399735
1069068
111782
-1214038
33639
1173400
122281
738367
-174750
-425160
1144526
515738
715392
-387785
975488
101178
122471
-1180807
-1755925
1090200
1444314
-103688
-1110446
150230
-1114500
851205
429851
112157
-240458
1238608
421705
-331327
701869
-1888716
-587230
101089
-333170
-972977
-967752
-1654382
-806739
-15165
-562463
2116452
1274332
375029
243407
-258461
429851
-247943
63073
-445005
-273762
479167
1235751
-190640
208802
-256995
-794850
496325
-1245038
-847036
-168038
-739709
374572
319505
576634
268706
-213278
658061
1428818
-338221
388402
-675293
1539616
-585354
-540388
-484102
1202738
423576
1691970
514359
154664
596296
6206
981578
54250
148323
-361375
1606444
-144177
806559
-8565
464180
1729881
742806
758908
-316268
28518
-679775
-628829
137233
332061
-346346
1432974
-90372
-2221130
-591200
701784
1517434
-580941
736577
273906
2194070
991713
1055017
1358469
1062702
2044547
258637
-56105
434681
-845916
-940645
2137314
-3494808
-1913214
242089
11778
