#SpinCore Technologies, Inc.
#SF in MHz
#SW in Hz

[HEADER]
@CLASS=	RADIOPROCESSOR
@FIRMWARE= 3087
@SPINAPI= 20191127
@POINTS= 128
@SF= 21.670000
@SW= 127986.351562

[DATA]
-2554635
-885611
-1483859
-628848
577520
369600
1387903
-1048538
-417750
-1278504
1590972
-1181340
-169162
50733
-1079712
816687
1297404
60432
-997875
-703181
-476795
504209
1028161
669481
-976477
-543303
-1279417
825162
944813
-1531921
-921499
-2046089
534364
590938
373014
-342484
579007
-1404943
7944
2316091
-96527
-1749719
984525
169946
-585755
1349398
940936
-873341
-1222032
-123
289242
-600324
1564813
-894218
-1614474
312942
-807111
448038
2378328
-1348131
277251
681011
1588387
108116
-143208
-1070878
-1018962
-1101851
944113
-1238181
-1164688
-700278
556154
1377360
-1542399
516997
112496
626113
164724
619216
1481123
1041355
-338311
-60612
272756
-886621
-1277376
894457
-839723
-322086
-997169
1394085
-830449
-533134
265737
794920
-499885
-189129
500926
-1184510
-43515
-328299
1978023
-924248
324154
185476
-1626519
-406608
-82486
-1753148
202853
-946084
95968
1387459
322589
-1019323
-1305631
1472967
1709291
-592694
648687
-131168
-2005247
-251216
1729091
787520
-2192693
-1200867
-85273
469420
158059
557956
-1814188
740112
260322
603904
-1011130
-819579
508775
-1949558
189635
-333603
938557
528052
-405779
-411140
981878
930585
253933
328473
1123601
-1622158
-368038
862218
-11607
-1585880
1474102
-321908
-4850
-148782
-1346200
-42369
179231
647915
-2492037
1137329
1003396
-524025
1725395
1258891
1402695
-1966311
602924
-335062
-1057703
1797982
119933
-60078
-447566
-226035
-258813
-143080
-170463
940181
1479503
-417441
479671
1592681
-809705
-699752
817943
-162196
-893577
-1642935
376683
-862936
-1087078
729070
271972
-141399
-1396826
1756642
-610435
-239494
497185
1727202
-591381
-80442
968559
-619043
762484
-2550141
-255392
-247587
-373208
234280
-1875508
1009457
-660000
98725
-1102860
1183256
151185
161644
2395377
-940749
785934
-965476
1423933
-3262576
1532155
190999
-2842808
-192211
-1438315
625135
-832493
819597
-464913
-441296
1078232
1442660
973403
1857493
-65444
78655
1613333
-54463
356334
-1795471
-97428
-1336632
-736146
818622
421761
-1690895
