#SpinCore Technologies, Inc.
#SF in MHz
#SW in Hz

[HEADER]
@CLASS=	RADIOPROCESSOR
@FIRMWARE= 3087
@SPINAPI= 20191127
@POINTS= 128
@SF= 21.670000
@SW= 127986.351562

[DATA]
5082967
540922
3030654
1977228
1263359
4124565
-88666
5043507
-2328829
2703163
-1120149
2609791
-2453271
2022930
-2938689
-1917004
-3073550
-2403310
-3000446
-4901181
1013271
-5006764
1347025
-728414
2874053
-1225156
4647769
1821917
1088370
3531008
2453548
551889
-468776
3703402
-3328382
792627
-2167025
283931
-1491795
543178
-2352051
-2207970
-1624425
-1397686
-458880
-527339
1794617
-1794977
2998351
-960052
1747715
-1812490
1657517
879892
460188
2091044
-1582785
-814495
698373
1770074
-760857
170554
-241527
104924
-1819450
970762
-1444071
-1876571
638449
-473448
-2104946
-758005
1090230
-736958
1300548
363969
-1209787
-1033992
-209431
665480
-537920
810673
1060563
-560288
1043932
1853926
-830843
-218958
-88133
981599
-2006800
391648
-707193
-1606993
-429401
-70574
693487
-765939
810608
-1142702
-876347
1527665
545337
-1677184
-589770
-27932
387082
-20412
1541677
-352492
-783096
2033663
548727
501339
-656524
821024
-1588583
-1541485
1408434
-316343
-942809
306870
463465
-13281
2118051
-913147
-970831
49703
759408
-459456
1340874
144060
-683160
-322806
-28614
-688529
-1112575
754070
-138312
-1038032
198065
731422
-1106140
723137
-264522
1608084
-63173
-80056
179810
-1525605
-747958
-49463
150403
-1565109
-375787
916892
-119941
-72406
-362253
-1754585
701841
1421622
-603897
-1377544
503569
-812949
-313896
470219
1218610
-807301
212783
1371409
-1802768
-478639
951892
-539921
-2090541
1305501
429135
-1394192
724349
1233040
-727855
638543
1217002
-103685
-263648
2698738
-500549
-1660431
1517912
593951
-413932
-653718
1064525
-862883
165765
2016339
159469
-520983
1554169
-156129
-1628544
-143772
-108759
-300931
-249010
1418210
270336
674264
865598
1199890
-94119
375678
526432
-1419043
-255785
-763564
-620320
134785
607673
-687742
-1045575
483046
-214572
47856
286345
2456369
-243257
1599159
773384
575249
-751806
435789
63245
-1198896
-1329223
-1321953
-575677
-746761
-509019
-626973
-757962
839445
-2312187
979394
-346602
1183363
-1355256
2459242
-199321
-1393453
1790978
-181869
682448
-1443318
