#SpinCore Technologies, Inc.
#SF in MHz
#SW in Hz

[HEADER]
@CLASS=	RADIOPROCESSOR
@FIRMWARE= 3087
@SPINAPI= 20191127
@POINTS= 128
@SF= 21.670000
@SW= 127986.351562

[DATA]
-4377031
1601855
-3459725
-2479684
-527545
-4020877
-1014833
-3989136
611265
-5024675
3021629
-2034825
2435254
110892
3880385
1865601
3035705
3829557
-277128
4463582
-370346
2171761
-2971877
1761961
-4041113
-1234552
-3449113
-1246549
-3242780
-809876
-284471
-2649284
1184489
-2776396
2552757
-520416
2393003
-1373977
2917965
105762
-103172
3108704
47115
1855290
-1200852
2090408
-1570749
2136342
-816064
-297083
-1864218
47404
-2195918
-830967
874786
-815476
143133
1212926
-237794
-1609489
1032646
-454907
-699939
-937005
1166959
-1612079
670993
1930648
-1108592
711869
1433446
411828
-1537725
434384
-911498
405195
-213245
-1991721
-1007660
-536623
135606
-1233354
1996255
-311927
251656
206843
1803630
709154
78091
981336
-15452
1024340
-405090
96988
-607100
-869321
893749
725383
-20754
1338268
292348
157652
-599538
-361117
-814309
318358
-93400
-163460
519334
-729809
-591498
-36558
1626310
-1062157
554765
-609719
2113799
561577
-614566
-684730
-2406040
372656
478922
187261
-2130819
1006666
842134
1689596
1112975
-276270
307213
-1017623
589724
-446089
578540
-1007505
-216503
641910
-479761
701411
-788356
-611929
944659
1550295
246448
1783138
-171873
727085
1118358
-200264
-933986
-295889
419598
-293703
887536
470544
-1624686
-340021
478036
50803
570462
418384
-618130
-662910
1142985
302149
-570958
-2421062
-813090
754039
265656
-93784
717585
1249446
-543519
1176987
481705
397093
597573
874533
-663405
-1205529
901134
-2016838
-297923
-822718
-400343
-601744
128141
174891
853211
1664040
570139
-257143
1653392
556315
-1336991
-620317
847004
-3240912
-135473
-530708
-51956
122187
968956
601566
-517257
474726
492708
-796772
1064676
839198
-655399
-386526
55151
507714
1150714
-586868
-1014153
-223680
-146583
402977
-1556395
1286461
-341387
1707519
-521306
-253835
143345
680053
1958837
-1451610
1425292
-1885119
-501580
1007841
1429540
-1418799
-2084751
-535970
-344631
-258851
2270158
345711
-1018221
620373
-196587
-1522906
365418
-418429
-1192388
891307
625291
-878020
-364069
47172
