#SpinCore Technologies, Inc.
#SF in MHz
#SW in Hz

[HEADER]
@CLASS=	RADIOPROCESSOR
@FIRMWARE= 3087
@SPINAPI= 20191127
@POINTS= 128
@SF= 21.670000
@SW= 127986.351562

[DATA]
-2858744
-457361
-1861857
1182015
-2937205
-2803246
708468
-3003368
1896570
-2715766
3518435
-4805383
3047566
-194645
4973450
-731472
723815
1964429
-1796950
3658174
-1039547
2790744
-3950077
1446297
-3433029
532532
-2346072
-342901
-497767
-3015448
3505779
-621987
1349268
-1397274
2058003
-2757117
2821861
694421
1568674
853813
1344573
1058263
-1652374
1730795
-1218990
1886030
-2646779
1410706
-1298688
665544
-1342825
135410
423165
-292281
88882
-1176041
1188326
-2351419
2991453
-48727
527378
-1114251
2418120
780518
-679981
357038
837728
-583716
-321905
1465796
202771
268221
-628003
888553
-1414269
503118
-505412
384137
-2266389
-611853
182701
-1489567
1461272
775375
560541
-1313122
-985079
776313
1633196
709270
364580
-186569
965383
407483
-115046
-437852
-1638439
-1545143
-905800
1418486
-632137
16335
-720877
111911
-395588
935290
-570854
1232594
-18450
-92097
387322
-362501
247220
-1603687
1340628
-723158
763693
-1159859
-637689
-280529
-564309
1050630
-786401
-1254043
-315423
884156
-879272
683538
-574714
807011
-1810288
1048068
217541
697981
1331391
198220
-82529
-1208541
-510889
581186
532256
171507
-1603123
-1909241
863520
517171
-338961
-900583
-705437
-192209
-911634
1083738
659621
-273339
-1415437
423947
653329
353652
982735
-268989
1052434
-1003695
695826
648737
-230792
-1255265
390436
-229120
320925
1278527
649136
180010
7459
333756
-717609
1313133
551053
687648
-1933250
-656623
-1995475
-155388
811202
2453641
-351632
-411504
1209068
1845620
-63048
-196846
198146
-565556
907881
-736902
1009444
-1436876
1705413
101057
-961473
576606
-2045142
-2035123
-1806841
975187
-913351
-680440
-439145
835234
194042
1787648
1184826
269190
-217086
377999
-1579200
560638
2654971
-2168746
24314
-1592644
-739647
-831569
754340
14490
-1635936
83848
-102826
1131834
-640028
-814937
-787505
-560670
625985
1457829
936076
258657
533811
-431977
958261
167780
562269
-2669688
-1076452
-572971
-277432
-1950999
-580083
-1622007
-2075319
529326
-806089
764911
-1565799
926125
-1977528
879316
