#SpinCore Technologies, Inc.
#SF in MHz
#SW in Hz

[HEADER]
@CLASS=	RADIOPROCESSOR
@FIRMWARE= 3087
@SPINAPI= 20191127
@POINTS= 128
@SF= 21.670000
@SW= 127986.351562

[DATA]
-2694840
809486
-2919292
-2583729
-2492276
-4844876
-2141897
-985564
1313765
-2711861
3422939
279675
899451
633437
4507150
1950828
506971
1534355
884796
2005562
-1021477
2284636
-1828928
217905
-2377005
200005
-243230
-567976
-1962225
-1358160
484379
-3119679
1044092
-2455464
3406631
-1538302
1070250
749075
1157650
-712599
1525299
1744196
-425491
1676917
-64288
1078900
-2779032
1331170
-921072
-1252675
-318911
-852517
112854
-1832185
834386
-2251254
-823714
-2140795
1129341
-1159282
974235
31473
-143889
862899
-321013
949591
1167363
-518873
-2313258
312258
-66999
585326
-1312555
-757824
-2406
1083178
-361281
-1079117
681326
-741316
-628297
492906
-581493
-783991
901664
-263834
-67622
-190881
896705
-574691
-615738
-770694
108301
1256203
270382
1323695
-977873
1572414
-1535698
1083503
-646638
758834
-168442
-1553906
1942827
-215099
-654979
2252932
1995922
-739491
564388
549875
-1656942
-1528107
1375314
-852324
727086
395677
-264021
-230851
1469956
2754519
-126296
151478
653574
31991
-17258
2579610
-796629
-1529392
233549
-445489
-1770130
-1542560
-1281628
-318385
-759787
1374161
-418446
-900557
1959160
1913383
2330608
1141767
1666565
-157543
1099778
846428
508504
-1973042
1549347
-2872524
-1359945
340715
-873645
1764288
-1322002
-1167290
-1521187
1938580
955157
-1434534
168657
-129669
1176089
455219
-942483
-1945306
-1408985
64499
-1003874
206598
-617746
688645
-331051
372685
-32648
1311743
2303601
-639696
-962455
-230826
-57953
-1460603
-1061495
-371969
-1345812
-337582
-66565
255871
71826
723168
713039
43071
-779382
-736594
-490239
912547
656989
-1142242
-928471
-342267
-600687
719785
627174
-827954
-227533
514074
-58558
618538
-58073
558871
-399995
-687738
719610
-160529
-358125
79765
-30341
-840678
-1015531
327149
-1258517
295701
-801506
885220
55572
1234716
-855374
98653
1475247
121024
-375196
572677
-1606327
317915
1399017
-804483
-1357591
-1114436
238060
-199201
-37976
1481910
176714
-796597
721255
698265
189469
-474950
177746
-118487
859158
-447420
-872455
-1746607
