#SpinCore Technologies, Inc.
#SF in MHz
#SW in Hz

[HEADER]
@CLASS=	RADIOPROCESSOR
@FIRMWARE= 3087
@SPINAPI= 20191127
@POINTS= 128
@SF= 21.670000
@SW= 127986.351562

[DATA]
-2781579
-1436126
-4068857
285976
-2462771
-989132
291590
-2621490
1624892
-1189811
2257928
-2099506
4494469
-1164706
1335311
665042
1314618
2017294
-497051
2652264
-1907678
898528
-2946465
2583790
-3118245
2150229
-2675778
-2667727
-447167
-34718
2548507
-3771387
1211756
-1926208
1040442
-1391224
541810
-481070
-109288
1525402
-210410
3846608
-587486
1580482
-895776
1720714
-474659
1118819
-1843846
-690572
-698258
-565670
41657
-2808478
-709117
-1341218
-679870
-561726
422863
-1109220
-253069
2417522
1356277
1853119
1602555
-91474
1249087
1837201
964190
-869
-344872
76874
-1002267
-1389942
204499
337237
-1634327
242817
-19861
-1466504
1704663
436410
513853
943884
2242693
-430976
1176520
-1992349
-985408
-1459991
-23095
-367217
-2569751
-634288
-819819
901718
911723
630974
-878158
2362788
2047081
1025582
-275355
-367917
-1283219
570130
-371117
-995962
-1810887
-833627
-330118
206333
-531000
706695
-363939
415975
299497
81975
174943
-146153
-1160418
719389
558096
-813939
305843
-748893
-159023
232117
631733
-295526
-113938
1084584
-25960
151380
-358706
120583
485316
-431962
1568130
-150893
453736
732834
1577170
2671496
-191304
561650
274614
25711
914662
1820234
-341633
-1900021
974183
394743
-283598
788881
-373273
791752
405668
2009439
-1709004
-714662
1180148
380276
-1389773
-38786
782068
-1799791
1658442
-66417
59023
-316576
518862
1160258
-1188693
1594304
870238
131627
334360
1063655
-223952
-783994
2468293
-948586
-715725
-162664
-368355
-562607
153385
99133
-1076239
51502
-169503
-139499
-786113
-528553
681424
-1448177
1237324
910884
-292596
1389422
-918762
284315
-402832
290725
-682292
-1105668
-827314
194659
-252502
151233
415679
306180
1720974
564661
492611
148443
-1259203
-1346564
1120697
628634
-1094161
578866
-819656
-168704
-372844
678377
-818785
-179781
138786
154420
-1142661
114440
530312
1091239
-1445607
1365299
1166296
-782890
195557
-168082
1425775
-1089906
419209
-88591
-97265
378509
271135
936688
587826
-144458
-621547
290827
1655260
467882
