#SpinCore Technologies, Inc.
#SF in MHz
#SW in Hz

[HEADER]
@CLASS=	RADIOPROCESSOR
@FIRMWARE= 3087
@SPINAPI= 20191127
@POINTS= 128
@SF= 21.670000
@SW= 127986.351562

[DATA]
1216744
1119199
-224582
1778084
-1198278
41238
105748
318458
-1479428
1231794
-1267043
563995
-918863
-1892669
2097880
-259253
202061
-39408
316053
-737089
-405386
-704821
1964107
1162716
-376535
-8547
-736470
-141427
283936
-693809
-465161
-507320
186518
329127
-630180
498301
982843
-374290
701809
1110195
-542056
381508
-863831
-676214
-1366910
-675611
-27164
1220257
-87179
-259837
335290
-255463
1035284
-108065
1690265
-130530
-283096
802059
-523967
-2687286
-172045
537753
-61280
-19125
100561
-524815
880360
-1086456
620469
312949
633964
-1306290
-633605
-251705
15587
-236312
1008128
545055
-267968
312933
-488760
-415005
1240044
57458
70816
535927
-125718
1629282
633108
-1139286
1196522
5193
-47526
934802
-117210
-213187
-1225066
-258398
-112682
353643
-60359
413094
-88206
215871
-333959
-1172077
379044
-240963
97551
109907
-144173
735099
-390834
-1085417
-250448
38942
-461796
-484484
-60515
-64558
801427
-40542
-39352
911577
-853472
-74576
-22684
303605
1406193
127767
478794
72244
-480614
-564606
-272557
-1788412
284140
292223
-301332
-380263
675524
-257672
-154847
-1328983
23225
-433976
-415639
411774
-223013
132920
119626
-1073479
-18750
507048
1162707
267058
-763324
-848626
566955
86184
397437
-1299663
-262991
1709596
-458253
-914591
735271
912805
-959744
-117007
731960
-1424056
-376133
20824
503018
-915507
-2194303
177002
-1367355
591288
224673
-456966
820747
-776513
-1031419
-68727
203465
-302240
858321
-656968
-851314
27950
129514
244646
191803
-168487
1281844
-946575
-697862
-705935
-1307762
87189
166770
-1212595
844567
-659717
254570
1072037
-1013766
286598
928097
-451396
-443837
-248011
-366477
436671
-1246317
548194
1038952
742001
261865
-727873
-629767
823409
-1535973
41281
963935
-341781
1164203
190286
-195450
208943
-461102
-380569
683780
696973
-219720
1335932
-1397939
-604984
-661257
250453
929301
933653
-765085
-83158
994789
418837
-690978
-864948
-348537
922463
-193411
-107551
-520106
-528618
