#SpinCore Technologies, Inc.
#SF in MHz
#SW in Hz

[HEADER]
@CLASS=	RADIOPROCESSOR
@FIRMWARE= 3087
@SPINAPI= 20191127
@POINTS= 128
@SF= 21.670000
@SW= 127986.351562

[DATA]
-2909107
-1364596
-644116
-1231678
-158578
-781387
-178403
-757184
2287794
-1747174
1032062
-1182215
905889
525215
728010
613079
622779
833994
-39376
-441325
860904
1275326
-868627
-575237
-1212810
214068
-1400992
-113478
-1201449
-1425883
504312
-274110
-90304
-441074
358211
-332760
1219859
890109
723096
-730197
528473
477386
-658259
378647
-180172
-2183963
-1505790
381320
1448730
1336330
1110538
345165
-915344
1952069
487260
-1204733
-489217
366957
-1305038
-371676
2464000
-1725997
501132
1345851
-832945
-2453655
1677457
1086531
-1152947
2769703
792072
-15251
488973
867367
-1098755
-49863
1453685
-849450
-109958
104216
-2467058
-226713
816492
-893100
-295917
-406328
242192
-562588
1405048
996834
-983941
600616
1254122
812152
669373
541295
-343957
-1291993
348557
1221212
-1085917
316610
-178756
-184672
1040613
1532169
676363
-677758
1454093
-440146
661742
1087592
190028
-1512043
998380
-47099
-173001
-1400342
-2353111
-306354
-1414293
-1097580
-674116
41067
-244243
-212711
303547
-661985
546331
1426022
935887
-1436605
717924
840771
1641652
575531
390497
-878497
608820
-279400
-1261422
-373428
142721
-228413
14600
200760
1797282
815651
1124935
250940
-1154903
-754590
341368
-102024
-1583217
-928513
-699490
-558695
1561055
559791
-1153244
-930908
436349
-164155
-60334
81281
-1974701
723989
457454
313836
881218
-2151567
771147
-103688
1219204
330626
482254
-1474655
-437940
241636
655687
-346084
-1494643
-1289589
482891
2001326
2629828
-458009
1269759
512819
1663697
-414237
-282889
771787
-90322
396183
-27741
705201
-82012
889349
-2181476
-567631
1152117
998933
-1045952
1369935
-1012570
65803
1287746
1429048
-587442
-921484
-1011879
510863
-226316
827388
-229242
-194024
-661078
1600097
-370833
-371044
253031
-263292
1392767
800965
957134
78093
-991343
-60922
-1331516
-1136209
647469
-1700410
-367517
-441132
-222501
870306
389524
448381
346368
3155092
1098941
1493037
1327969
-410267
-427034
-358772
359056
-836483
943926
-2152664
344434
1260716
-63715
-620001
