#SpinCore Technologies, Inc.
#SF in MHz
#SW in Hz

[HEADER]
@CLASS=	RADIOPROCESSOR
@FIRMWARE= 3087
@SPINAPI= 20191127
@POINTS= 128
@SF= 21.670000
@SW= 127986.351562

[DATA]
-4864548
-488082
-5219821
-2068037
-3932064
-3561339
-1763686
-5791568
2387034
-2713247
3037205
-3240318
5106386
863008
3852104
3697725
3177141
2237202
2090252
1936862
-2033750
619194
-2379726
1447998
-3885542
2138579
-2252287
-374497
-2558702
-1682827
-2113368
-1966169
830689
-2436997
964386
-2167566
2695138
-3393560
3063607
258070
922680
2867646
1995206
591347
-819641
2333849
-2495858
430109
-2106784
583067
-1587409
-912801
-884621
-790089
-826674
-1185415
-681002
-1464069
1207740
-1852208
822775
-768312
1119143
-627424
1464117
-261919
1407922
-577363
281125
31364
-289470
1231193
-795515
-587151
-1678558
2408245
-1530276
242384
-1014145
-274456
338500
5635
1577012
-898132
1207414
-525740
-194021
-94228
489206
-1906954
-1480215
676513
-548904
-1240981
908783
-397028
-1511173
1182448
135023
1579879
431839
119697
-565683
144282
2269660
70036
-54730
993845
49412
-847806
1239664
-642990
-544355
1414378
-1360366
-734595
-1274394
354046
-370043
-532737
603902
-212667
-396797
478425
1766052
-239781
291678
1386750
686009
-161526
92476
-927421
-1011798
1081818
-989099
-1262428
-2552669
-1098900
-2138179
287137
308655
-236772
182423
-215316
2052596
-996733
3669710
-147163
-368204
381454
-486509
-244734
-720672
-2661101
-1517286
813731
179423
613297
-687911
1131263
1112524
1331658
1655336
1094373
1192465
447147
402034
-1205372
1050152
-1438564
-1542046
-84042
-27888
543687
-70030
718237
-369842
2256629
-1000332
3312586
-648797
-1167110
1887439
-84865
-458822
55603
-612362
-1192014
-92226
-244076
-1006130
134928
-518170
-1307131
-2110774
801491
60312
-367527
809922
1274134
156090
-526471
2105874
1200871
1021767
-963026
-852201
850577
-153959
-1312089
-536403
-588098
215641
-1016928
1797770
-369888
103241
1486720
-128206
432829
-174023
1580784
-880362
287645
218768
-116318
-368823
-1918334
893752
492603
-345010
-25717
46886
135971
-150133
1448402
-1267237
694125
-543386
-216475
-322456
1465423
1014259
-1990074
-328066
-1455627
-726934
-764721
-52791
814106
1097422
821263
-1119357
-254359
-284984
-586023
