#SpinCore Technologies, Inc.
#SF in MHz
#SW in Hz

[HEADER]
@CLASS=	RADIOPROCESSOR
@FIRMWARE= 3087
@SPINAPI= 20191127
@POINTS= 128
@SF= 21.670000
@SW= 127986.351562

[DATA]
1227957
-1468108
1818485
712706
1422230
1957968
422747
3652996
-105960
2430229
-1096358
783066
-2538518
148956
-1478276
-2011290
-1590080
-2205981
384874
-1511904
724219
-2630331
2300265
-314505
1604302
1262669
2072984
2072058
598218
1061371
2438191
-211858
-429581
-693413
-1517366
-793507
-998873
-1202426
-2250639
977986
806981
-717358
1904869
-71013
140078
-810639
1274853
-2186320
1142077
-862747
-906545
-367092
896705
147093
-3016387
2381255
-1707941
735505
1379038
2630658
-1076562
58234
496683
-976048
110798
-754574
-1757675
-1542564
1051080
-1702563
-902934
238316
-1062968
525863
188489
969636
-486022
1402547
2308413
-598316
1542249
-114383
1352795
-274390
1972443
-1263989
-930048
246842
-782474
490478
-587028
925568
-370535
666889
448693
-254798
715112
-282478
606261
41994
589607
-1987506
587875
95908
-43796
167316
-126010
-133803
-2016751
1487895
1071038
-639334
148216
528519
1574885
1046645
53093
-2096632
-1422633
1306583
-1245017
-2293660
1141992
-202388
570305
321894
788799
-359841
788099
-99479
209006
-622183
1073172
-81750
470338
1487507
606595
-1090986
-196841
298769
-793039
-794037
606808
104190
184737
990965
-1471090
-269586
277146
-412209
-436152
-684151
-352716
-729670
1553133
510629
-139467
931012
-534532
-473446
-1326708
328719
379074
540301
597413
-1151100
219313
1151689
-678122
-499535
1509007
952228
1336614
518892
-399916
722245
308064
1647875
-897033
-565961
-387567
488181
-136708
-468359
251467
-895146
2094445
44485
-1064959
611290
-965873
338801
1431981
593198
-315077
298619
-292516
-729428
-17190
-897079
-536463
-1208886
435888
240923
-143053
596196
-951225
1610719
-894655
-734917
-94862
-1411827
540177
-430442
576847
-215241
-17846
1434621
168786
612603
-676568
-1739692
-162672
344641
-1395678
-1130671
-999323
-786846
-19029
59349
1441057
-1319266
774540
907714
-1335865
35261
-980392
-1488224
-606145
1354875
156527
-624225
813398
321132
-359151
720030
189949
2049173
59640
115908
-592194
930038
-98677
-1344119
-447107
-734113
