#SpinCore Technologies, Inc.
#SF in MHz
#SW in Hz

[HEADER]
@CLASS=	RADIOPROCESSOR
@FIRMWARE= 3087
@SPINAPI= 20191127
@POINTS= 128
@SF= 21.670000
@SW= 127986.351562

[DATA]
3006477
-9136
1790994
320504
2668105
2217115
898037
2864689
-2269009
2263707
-741212
1145673
-2032814
883683
-1634271
-76695
-1603950
-2900925
502028
-3155435
353277
-2225141
-28116
-850330
454688
-82218
1919564
645832
-141501
1416136
488192
2577517
1149635
2555399
-1532968
388744
-1608151
1929027
256645
-1399757
-1787836
-984885
248869
-2493756
-926456
-2269456
6027
603886
1466969
-1399690
1130487
811874
715021
580739
-311486
1074221
139731
1974051
-1110389
1340116
801171
2610222
-1147483
-1681230
-492611
-1498128
1298237
-1821987
-1268479
-1057898
285961
892929
1384646
-788606
-654317
-334906
522734
177510
573125
721680
709317
1747723
-1765170
1015861
-408126
1457080
339066
-170935
-384969
1866491
114469
-2721693
-1652902
-99642
1035750
67374
-510181
-245818
1030740
-531857
414559
472512
-1785761
-487523
-1221960
721006
-448272
207464
-1427482
755997
-257798
-276273
195499
906427
-821532
-334087
-728904
-234774
1829481
871565
-220045
1231698
1425029
-73188
396244
-362851
-401927
1107343
-743041
1350068
-1868009
-1277323
-138796
693925
-315115
-436224
-1481354
-1273191
-858863
-809276
-231280
-48772
-736564
-89017
-1005379
-375436
603453
1084379
67371
639618
-381098
1532852
-1066273
-165709
-416211
65700
-454555
757921
-114250
-803596
578719
600464
-75436
1847
708689
-203326
-365196
-1025706
1746856
687453
764610
-427138
-2256070
1345445
707219
1457637
-161748
769850
91593
1918642
659610
-1257089
939494
296697
63333
-403316
-530943
756632
1444270
-1272490
-520206
-224585
773648
-187963
-348643
-33404
85482
2267311
2151595
-197429
-952015
1003689
297402
-257141
-1555337
-1235796
-1132018
573144
368368
-1756556
-230104
11913
228662
-251856
-1369058
-905645
1891812
-675937
-701150
1061390
-461250
1025011
-373382
-2363881
264957
1629829
438011
1040074
-2716390
-179651
691538
1191873
209716
486330
-1710000
143640
269197
-85452
716360
1481221
-1140095
762212
-293966
651927
2062298
-1259090
-1705877
1515556
-1506673
454177
1720538
-1804430
-474798
811799
-1208021
787553
