#SpinCore Technologies, Inc.
#SF in MHz
#SW in Hz

[HEADER]
@CLASS=	RADIOPROCESSOR
@FIRMWARE= 3087
@SPINAPI= 20191127
@POINTS= 128
@SF= 21.670000
@SW= 127986.351562

[DATA]
-5450485
1889394
-3248557
-99598
-2221596
-5352858
-1422130
-4169873
-115764
-4098575
4301331
-4914328
2919150
1657315
4438339
1293590
2298464
2364940
-121325
2794497
-390760
2856055
-3050950
1737711
-1007050
93300
-2418103
-1439106
-1985504
-3242452
-307782
-463442
-731744
-2112807
75274
-724863
3328516
-845368
3099396
-1181868
688176
3043792
2471112
1299270
567009
2495580
-2158768
1990670
-1810456
-222207
-1576488
-414396
-1308338
-421576
1039591
-516955
-1023047
-251934
680252
406269
1264039
-498036
-579769
567736
1164081
-1224269
1395394
345257
39289
141741
50498
1649330
-28810
834313
-228073
875749
-47413
34241
-1343757
-1371886
744189
-1042853
1081166
-339980
520701
-1197447
745529
464032
1677925
-227452
-904887
-448103
-1284481
-604289
82688
-1267522
360450
-21697
-771138
1051184
-4470
-425760
-680705
893555
-1447153
1051807
1026457
-149350
865028
-838002
553996
-1754043
-611885
-800087
-1627062
-167296
-2005275
316288
-995315
-304783
274713
686737
696862
365678
1390277
1647119
1527553
1505803
-912906
-129262
105420
-287734
730268
-788245
-1216706
-1607128
-864247
468390
-367874
-76256
345991
1244575
-976516
1473494
1788768
1006244
154582
631118
513975
11897
2897407
-1230475
-473333
-569974
198308
-66201
-650145
-943362
-1636977
196227
-1423816
1525625
68364
-272036
-1419950
-242359
2265627
1343135
1280047
-431690
298065
-122610
-266718
-261772
-698078
-1719877
-1863021
907906
-607506
518433
-308233
-2171163
-335946
2078866
1535747
487835
-452864
815292
665456
671145
1698970
260122
-456441
-1601415
-53185
1339748
-113238
191086
-224809
35033
-293169
1649688
1269850
-182288
1136141
112548
623803
-437388
1116936
-1559194
-433523
259617
-1477167
253179
85504
289114
-1241581
793418
-358235
-245037
-99684
955012
-174945
772091
1659645
564325
-639322
470844
-131884
-1816923
-334986
523867
-679340
-1177851
1511043
-889378
-431839
779587
-614353
-558719
-1153604
1137986
-1227399
1060293
-549269
-835173
782985
328661
-281337
-1431658
866395
866010
-1203520
873025
780045
241023
