#SpinCore Technologies, Inc.
#SF in MHz
#SW in Hz

[HEADER]
@CLASS=	RADIOPROCESSOR
@FIRMWARE= 3087
@SPINAPI= 20191127
@POINTS= 128
@SF= 21.670000
@SW= 127986.351562

[DATA]
5846830
732647
3170925
2737330
859265
4678258
92738
4376140
-3632912
4542986
-4966565
331003
-3620309
726730
-5183738
-2694802
-348645
-2629989
2414343
-2646321
2378342
-3072633
4948823
-333276
3703966
821810
1653964
-93534
662600
3272696
-1214236
-22932
-3561459
-587060
-4336095
1109919
-2346802
-1161898
-1515117
-1220248
-1203088
67864
2493143
-2472458
2686838
-2327965
3038836
-473786
4200906
-2583226
186227
919539
-1010788
1589678
-949890
677295
-2997740
1271535
-708383
1367071
-1319454
-879306
-170992
1357921
727085
-462617
290704
-2134933
494392
-731082
1170997
-491911
2025468
159758
823768
-82484
186924
1395633
-575223
1495289
-1068790
-1121063
-784806
596663
-699701
-1188807
1048251
-908716
-242552
630920
433411
-775963
-909012
-967368
712242
-429863
-295530
-2001776
-1466416
-1217895
1419397
1008030
-1128158
-1334010
1157924
-410670
-588120
1070944
178630
-972451
2170112
-1587938
-281632
368938
998092
-1526611
-83844
422057
-752000
-1029759
339395
379100
-887706
-700586
222695
-283576
-451539
-266105
351037
-766062
-77004
2072321
-863605
202573
1687100
-1138865
-1231816
-321360
1105270
-1212825
133028
-321784
-638551
856873
-111832
604259
-1668966
1589116
-703758
-228538
-608055
242922
1306670
-1673941
543418
506689
-309991
348637
-413814
-308400
-2291253
-66995
638463
-1470885
-523902
322430
447151
-443523
281773
1049871
-372516
-139037
-374561
-759895
403510
-261350
1021042
-1129862
242830
-519547
994351
-694795
-2050270
1048937
754912
462429
857170
1162013
-1144715
-866106
1382985
109463
50488
-444111
566979
-1611932
1765931
-17570
35659
878028
-397498
-305770
775316
253490
-844265
39089
459543
-1432653
-1394232
1019895
596970
344303
-1785941
230825
-105017
446440
890922
-854479
-1516761
-539081
1699360
-1536342
1062373
-586310
-1100896
-1049716
1220656
581161
225586
546114
626698
339152
-103418
420030
-418760
-412400
87970
-410989
-680360
976182
886523
-1801417
-633086
-379871
1209800
159547
-25969
-196066
-1537636
2032456
-732257
-192568
239229
281284
-1719645
1754460
