#SpinCore Technologies, Inc.
#SF in MHz
#SW in Hz

[HEADER]
@CLASS=	RADIOPROCESSOR
@FIRMWARE= 3087
@SPINAPI= 20191127
@POINTS= 128
@SF= 21.670000
@SW= 127986.351562

[DATA]
-101593
-554700
-280122
-307546
3946
-2648534
937394
-418871
-65376
-641833
-1816721
768959
-684299
1195672
217096
597124
263549
521679
881236
1316862
2092700
-99502
1108049
341818
157728
333177
-293878
185349
-1302113
-1217679
-2108674
533450
615083
835265
1040699
555096
-6954
1393390
1057456
1809979
1020288
-192649
-1235215
-1124749
599351
-1034373
-21719
-357777
-1518844
-1054934
-997843
642861
67429
516278
-181697
981454
2415191
639439
-189681
1114101
243572
-333891
-358392
-7309
-441176
-1275967
44795
-435633
-2134112
-1572342
-827706
1035637
51615
1070839
1624744
959442
760344
1836270
-491438
259760
411753
-255944
478136
-2174819
608813
-1585612
286547
-644394
668274
-1147583
-732308
-534255
-1339335
550714
-377419
642551
850420
-593918
2219870
52883
1590790
622672
1559102
683397
216261
676406
-778967
-477521
-2457300
-2178223
-1002167
-55743
-176772
-1225605
155638
-646817
822284
2984995
-21632
1248277
689304
1036685
1134931
371152
923239
-1369563
-325809
155319
-637533
-1175629
577667
-599604
-2968996
450690
-812362
-781714
1491788
885766
-625252
-903822
1648232
268223
1666144
2092696
-746229
-207894
-232958
-479686
6797
-57507
560416
-2657699
-1118069
53598
-935890
-925036
637328
-1075800
-1337463
2579673
589216
-1668382
1237578
905790
162632
-1485422
1821193
-1810588
-111824
-61327
947373
-652751
-1175080
671330
-1610414
-45467
-1396840
-89961
-401539
584254
-97327
-543343
660265
-321152
598080
-1199375
2036372
763981
1054970
-100606
-1784262
-394138
-1026966
-519371
-1160411
-19369
-768049
129867
1093507
667141
620483
135481
347665
-267053
649795
683778
1045406
-958162
-945218
-607244
-557318
-933847
380395
203566
-831716
675532
-1329945
2011187
997506
2063380
44620
439135
508153
479776
-56280
1136269
-667284
-1319730
-1112361
-661838
-589371
1271101
810134
-1437354
64502
-171917
1354096
1056063
11552
-500990
-820947
208501
570229
-213901
214717
318933
-1264426
1491709
837044
1143469
-711416
-798856
-171401
-597398
1404171
-170393
