#SpinCore Technologies, Inc.
#SF in MHz
#SW in Hz

[HEADER]
@CLASS=	RADIOPROCESSOR
@FIRMWARE= 3087
@SPINAPI= 20191127
@POINTS= 128
@SF= 21.670000
@SW= 127986.351562

[DATA]
1219968
893656
633411
96364
-96472
346288
-597861
20215
378372
-1283710
-665016
153080
342071
-114213
339964
-373562
-346915
770789
-918660
1337964
-591202
274166
-1085531
228777
-360070
394947
648113
-679481
652795
1215777
-900773
-1014453
-241605
-965632
-13564
-1733506
785751
1511275
1964467
1407097
-352413
811472
-1909802
-315474
1490487
-1167841
163039
35074
-526887
88822
1384495
899502
-643663
-707887
-1783341
-943272
430952
849859
-710169
-614438
714131
500565
-826591
1087629
303811
144233
154138
-105768
568677
339912
1748407
14789
76270
2364961
-794359
75170
740457
-53328
436898
-935827
137962
-660838
795694
-44973
-534534
957709
-1355497
833323
210748
1533825
956227
-625734
635943
-92688
1092298
-582210
-133998
661263
653991
1263443
-94246
-824571
744397
-874801
14041
-872789
-747254
-1846882
882082
1135245
-475207
-348622
770895
1504772
561672
1496352
899158
665463
465369
-339572
114721
376708
1477254
394126
1031912
-1058159
621226
522419
1169168
-413342
959493
-1397285
-1880419
818571
661807
410103
-940139
405441
292046
408437
10387
1338202
441476
-270605
-506922
1390624
-505561
1206557
454826
-528513
-1041689
59801
1301144
381778
1509513
1473339
-476835
-1011316
270767
-340837
-57210
96107
-166497
-294765
-965177
-81847
-1534004
-113112
-786924
935064
-1517014
-1192795
-250440
1195178
458746
253462
882944
-908820
9842
657692
546632
255948
861123
-46926
-354739
-162884
1152981
715117
275097
-1282270
783454
105626
-831558
728003
-1209386
-347441
350533
2113741
3991
-301761
4339
1426501
296568
-579293
1187699
324770
-1571037
1897604
1785055
387169
794243
-1122579
-811092
191375
-497865
166592
1327002
-692717
210213
-505263
-1666330
759744
1029659
-1791005
-1278375
-743632
776103
1239775
767350
-630350
-124163
1079171
98311
-108276
2050490
992388
1028923
-735667
1168220
-744537
-1240929
-675844
127578
-1626472
-844172
-529089
-326502
-519542
-509001
595167
-478250
312109
-8751
936579
-744772
204583
