#SpinCore Technologies, Inc.
#SF in MHz
#SW in Hz

[HEADER]
@CLASS=	RADIOPROCESSOR
@FIRMWARE= 3087
@SPINAPI= 20191127
@POINTS= 128
@SF= 21.670000
@SW= 127986.351562

[DATA]
-4165548
-101134
-3680269
-3113898
-713764
-3523493
-361042
-3185454
2552329
-1504508
1396749
-735202
2783132
1525586
4011631
-187964
-710527
3633337
402957
818384
-2550393
2348911
-3120415
1033462
-1921940
-157263
-2728753
-1686284
-1408884
-2494732
-15799
-966235
1898429
-2018724
1985666
-237331
1985371
1428138
2409492
1133462
317553
688415
-302739
354494
-491372
-318283
-1939990
417194
-582089
-987895
-2812229
10343
605441
-1095365
-948709
-473179
727165
330278
3215067
1307652
705433
829667
308464
832533
167097
263804
854487
312900
-356703
616974
937634
391811
-866324
449521
-1436883
-274393
-72253
-870627
-146757
-1007530
-229764
-896781
-296984
975949
-792424
-433972
-853553
1150348
-262188
1740292
-948296
-163454
308219
-142916
1330475
853000
45433
411919
-779181
736402
-147901
987012
1165556
-1044193
-293406
776874
457549
899377
460570
-950559
-705251
-367421
-167919
-113652
-863607
-271819
874657
778870
885687
328127
-444066
417768
-1062549
-362061
-549245
751276
-1222050
195901
64651
792800
30324
1346416
839247
664112
31768
1089488
1368736
532412
-625134
327800
1373814
-403646
512393
-1368075
453880
-1408129
79037
164900
163383
-249678
88721
11187
-1645309
357518
1117233
165411
14295
-2087105
-1310633
-870282
1044881
551599
-290129
141594
939788
-711520
292027
198680
929333
-87406
329969
-698882
-719961
805588
-611616
-500323
87739
-498016
351586
-1080454
442696
1545886
307294
153536
422234
1407752
-2339457
305661
784401
-313104
-1021387
107962
594875
744711
-340541
640182
-841712
859737
379465
-422346
268999
454932
102927
-363789
592939
518933
-400474
-157908
-288928
-415532
-525933
-1019643
2477958
1037560
-1380796
-18298
-215201
801208
-2026748
452806
1124330
-1532713
-218644
1722226
-736173
-256244
539671
1307343
-1088443
334794
-445658
-392482
82463
316327
443405
155087
576363
458517
-2011336
-659862
-656994
-667565
-78469
527036
281150
-821973
317225
900719
321209
1224279
372718
192192
-2543390
-694171
221429
-1098207
