#SpinCore Technologies, Inc.
#SF in MHz
#SW in Hz

[HEADER]
@CLASS=	RADIOPROCESSOR
@FIRMWARE= 3087
@SPINAPI= 20191127
@POINTS= 128
@SF= 21.670000
@SW= 127986.351562

[DATA]
16481788
-1908107
14596587
6394402
8328848
13742677
356419
16211232
-7402439
12827347
-13613686
6807956
-14694825
-174519
-11324420
-7092758
-6674592
-11725876
783199
-12484848
7728588
-11200251
11373962
-6151764
12747807
1361537
10052141
5907957
3823130
9654587
-1321301
11044475
-5739791
8067491
-9264128
3614380
-8909768
-1690700
-6415751
-5583440
-4101518
-7336995
1253678
-7489834
4711740
-5848977
5262389
-2852310
7243083
1400154
4949401
2496399
1950192
4584985
-526004
6225458
-2591850
3019794
-3710798
1988065
-4167631
-189782
-3070171
-1273493
-2242940
-2438103
-574537
-2453955
397739
-1903618
2182371
-1701268
2389489
369701
2297240
83805
2172017
2123952
166706
1277816
569651
2195160
-535844
1162998
-1134447
25312
-1746630
205684
-1515269
-1452558
-1644808
-462483
-2046320
-1329448
-646873
-324170
122661
-1234190
806982
-588025
1487066
-751247
946972
503012
1096990
347080
599598
709989
-455899
833009
-167826
408356
-1093676
-681511
-464725
-141474
-1076204
113279
-127854
-948266
341213
-1549901
905239
-226736
1749597
-416014
1184550
-1273660
1607808
354451
444054
445065
-532590
399436
-229612
941565
-227227
647917
-777507
370374
-354173
387050
-446427
-178679
-116367
-472204
8082
-648051
350888
-512874
134797
-96477
676045
-148828
-62617
213438
-698080
-221372
-778190
700349
-477671
761366
82075
917622
178024
-95756
-28712
-245140
-333400
-997804
-626797
-193069
901346
7557
-325649
437187
20266
138290
15194
-57849
-807898
-579474
677207
-123518
364278
368948
534939
75969
222698
702261
-379596
291346
-14655
316382
897936
-611598
616975
-110279
371665
508374
372525
-115785
131915
4459
543114
245785
-923621
-346269
-328334
-207647
-985507
167574
-88027
917343
249878
379924
507039
304796
-222674
-138785
234326
-912572
-358036
194783
4852
-63191
367840
1347758
-236263
566333
-405633
85350
-264440
273701
-266996
-38181
-575455
-6428
-375516
406791
214252
406070
136922
-577629
1509340
-892809
87241
280049
-26063
-718814
-545940
486190
-670702
-610824
339228
-99620
