#SpinCore Technologies, Inc.
#SF in MHz
#SW in Hz

[HEADER]
@CLASS=	RADIOPROCESSOR
@FIRMWARE= 3087
@SPINAPI= 20191127
@POINTS= 128
@SF= 21.670000
@SW= 127986.351562

[DATA]
17107371
-4389973
15670673
3633827
13095836
11063717
5530361
14567583
-3353120
16201566
-9654238
11115733
-14521834
6505860
-14142764
-857462
-12223836
-8973826
-5204760
-11997407
686189
-13389491
6018790
-10799339
11421515
-7022280
11390332
728697
10124323
4854906
6819582
8050439
1417307
10688114
-4306092
9067715
-6775673
6393456
-9579711
2169804
-8247923
-2532387
-4363296
-4675830
-3814913
-6179830
1036756
-7801008
4177566
-5704938
4743899
-3161883
5405427
-703554
4513577
2889292
2828682
3162634
660003
3927623
-943617
4631845
-3232219
2627568
-3368691
1127135
-2621528
-139168
-3067953
-1081228
-337471
-1990837
-427157
-3099365
754584
-2465244
596857
-1974535
1282480
-865659
2809442
173679
1799421
732857
1314818
1334777
156200
2054102
-14835
2155524
-670552
958601
-1596863
1088045
-1069156
-21715
-1659467
-859468
-646589
-633036
-1184624
-1926878
634520
-814607
796000
-872366
-13529
-1419077
1423281
-599121
469326
765370
262927
336912
194737
1231343
-374120
954023
-1207266
959147
-788286
275085
-743896
502079
-396407
91946
224689
-913524
-146558
51630
474234
-100642
387717
-602201
326438
93244
817670
45995
-249128
427864
347271
381674
-305644
471466
411318
657039
165594
288173
191376
-34576
667140
-299248
-795499
-333447
-134794
-147611
706898
-249199
186368
1023170
200347
-121947
-358968
-52648
-666106
537657
-56845
-786138
475426
408440
439868
355790
37561
-124849
1304687
218126
-109943
-391930
-326981
314539
-30584
-533257
-1212272
930360
404816
-41936
511832
-931429
-1146331
-276751
-824986
-787915
282091
19619
470712
717575
-93589
106087
881551
-708076
512793
-32817
-127969
-1354454
-39550
279679
-1068280
692570
126571
465883
174703
361232
-351299
272116
-201878
-788488
-32735
-45620
1019780
38474
300511
-146391
508382
546946
-129115
-240260
-5102
874606
148740
800099
-369732
150322
609362
144356
243491
-563446
-538083
-984305
136791
-597128
262404
-283030
900136
134323
1015548
-224925
158132
-509934
-176263
808333
303222
-239593
-818061
963479
123717
439138
