#SpinCore Technologies, Inc.
#SF in MHz
#SW in Hz

[HEADER]
@CLASS=	RADIOPROCESSOR
@FIRMWARE= 3087
@SPINAPI= 20191127
@POINTS= 128
@SF= 21.670000
@SW= 127986.351562

[DATA]
-6162803
667832
-5414333
-3272892
-3336505
-3224055
472811
-3606035
1338705
-3208215
4486522
-3208437
3323821
-594468
3330105
2369603
3273835
4048638
855087
3753742
-2810485
3544204
-2221089
2044189
-3001907
-2922910
-1977130
-343203
-2462597
-2849240
2003101
-2329415
299315
-3356552
1681951
-3450766
4346116
-916653
1683632
195646
505595
2632092
292135
1529539
-2535448
1173473
-2449754
1119034
-2734427
-894270
-372703
-58102
-1286750
835376
-1086490
-418564
1260405
-847544
521719
-389995
2058073
-194135
278786
2051628
117821
800540
-90901
1390807
-1270237
635475
1457027
532939
-992676
216543
-1855499
-1592010
-1028269
-1345191
405060
309662
-383532
-1680694
141015
316350
393304
-8948
-162018
2211189
62600
851797
2131758
-911591
673924
1124780
1898852
-57688
297344
2336068
-991351
-552429
1698131
364571
-159159
639637
2038454
-962205
-245301
-624603
203793
-1962013
424446
7374
1137760
269189
-147681
-555455
-1800177
807808
38957
203329
-1002805
-627455
81262
1474423
247369
1986523
-649526
-292321
-408148
676456
-20879
150702
318948
-274929
-609794
193326
339003
363526
-566284
564951
-51528
-209895
-571773
716835
162311
-835496
2270523
776460
-527314
454829
-154015
346675
-439551
-231454
-100108
178738
810304
-89456
-341306
1333857
1084680
500448
-479506
672178
817211
115607
1180330
155818
101385
14579
-363265
-995800
-616609
764010
-1346468
-1139542
-2311272
22198
-228578
-315914
699381
816456
-1093813
1471708
325362
766111
-677813
1430794
-320423
429304
1971124
-777835
534297
-155044
630733
-177764
-1592497
868282
-441631
-1780178
-410558
-342531
223192
-971186
-183777
21155
-1801759
1973878
-1033028
1722342
935995
-1068271
-866854
-260443
-966525
1840717
1886016
1816775
-1050766
1943517
-319336
-292383
1576822
-254977
1080755
2395
1278002
-745366
501006
94381
742776
370202
-4577
-2000691
-303626
-717667
1350888
-450034
-619755
853594
-707019
618619
-1226543
733181
502815
-717186
1044890
-164447
-122920
1776147
2230222
526964
-571985
-1067150
1207877
673043
