#SpinCore Technologies, Inc.
#SF in MHz
#SW in Hz

[HEADER]
@CLASS=	RADIOPROCESSOR
@FIRMWARE= 3087
@SPINAPI= 20191127
@POINTS= 128
@SF= 21.670000
@SW= 127986.351562

[DATA]
1298827
-211498
1265871
886806
1891886
2412580
-588559
1281520
-323128
1497138
-446893
1843460
-1579594
177504
-374290
-400687
-1490362
-928575
-99059
-982270
1948594
-3092942
443901
-477134
876739
-371016
439149
70711
1269056
1471832
-517873
1054004
1257551
626756
-202911
575979
-1744899
-1382148
-1108719
-603852
146892
-1463479
-1112656
643627
-743787
-250510
-301538
-231092
-113665
-411494
134018
518346
-1120062
81594
-157801
600779
937488
862099
-1167889
-506627
1420208
358324
-1159010
1131244
-579735
912488
97063
-1834615
606072
124316
1993327
-866793
1027768
448752
-1107593
613693
136122
-1083852
1453560
229592
-134142
2036531
907824
-332880
390339
82787
-268515
-1633081
-949658
-386782
1325120
101553
213139
-801842
-1708557
-833393
39256
-489288
169730
1115600
-398119
-1008240
507984
825685
-952909
387227
-606087
-1837602
-420782
862719
1170325
254456
-853395
-2191082
1216452
542761
285188
397678
-1262750
-1103810
1244961
-303325
-573804
1563477
302516
-725934
-196012
-1210472
244018
-184199
272803
202020
499889
-1136156
-336875
1474409
-1107003
-1506667
693243
-714874
-532375
1793149
-493787
1520555
894026
109185
-588259
-68483
-102118
94994
840637
184424
840007
-1032296
-639438
1171169
743758
-1239247
568219
923416
581322
-282647
1026305
-561696
948672
2414016
-1010460
133178
1517134
-1383041
1353978
2574538
-902588
335757
-1362932
-416832
416285
-496031
1118119
-402556
-129968
-617376
594969
159765
-565951
1595202
764449
-12867
897010
-795771
442614
758757
-518238
271196
-254459
-88067
346986
-123423
-531402
1149309
-9885
736251
531012
-411403
-925733
625987
1231133
-1418216
1124705
663572
-992658
2404329
35933
-1319928
958122
687950
-843739
1276556
-195748
-920137
317959
-725348
-370274
592293
-2261466
-2565164
2033454
1478559
251828
-628221
-765666
207866
-74671
-740526
-651927
1482584
283950
-1373324
2459634
-762378
-1229215
77381
-455613
-527751
357332
-712001
289912
1822695
-1014276
-1207763
1749914
-95164
618413
1216222
-965647
471290
