#SpinCore Technologies, Inc.
#SF in MHz
#SW in Hz

[HEADER]
@CLASS=	RADIOPROCESSOR
@FIRMWARE= 3087
@SPINAPI= 20191127
@POINTS= 128
@SF= 21.670000
@SW= 127986.351562

[DATA]
-2872610
174644
-1302344
-907708
-1637208
-1734364
349595
-2745336
413600
-2364389
1636370
-3594946
2837499
-1976533
3521135
925529
2280692
1189247
1973528
3943947
51707
3715023
-1560572
1681317
-2927382
-506154
-3012590
-1161907
-911584
-1882345
43059
-1508621
-1180062
-1435497
935522
-983134
1578450
1175871
-366700
-118134
2002159
1007418
169106
-37761
1174426
2355626
511752
743287
-1760379
-792969
-2832938
1477037
-1325236
-1338348
-1609762
-1421708
-942986
504069
1228642
-1713838
736142
1593983
2644381
1423212
2323646
-431786
-732424
-349193
689846
1621791
-2643975
-1516276
-1161634
1059656
103904
1003030
-788882
61473
-92233
1300519
-114422
220501
555618
575226
813788
905020
2480101
243546
443245
-787335
-986276
89453
-138904
390606
-222288
882885
-437402
76687
-749137
453574
-225044
-509161
-1354959
397390
1986567
-485018
364134
213618
-332120
-380517
284248
1296365
-1463039
623326
1340462
670531
550494
-1001928
470494
-818227
940518
-1643274
93236
790108
-1146508
226935
333019
540327
-1079189
757683
1094302
-691489
-649305
446164
319574
-549501
-411431
189545
666759
363538
420890
-1272207
-653431
-813110
-113746
-100092
1517462
635801
-1069170
-533779
791655
432909
807132
1752038
-360105
556026
940067
1774672
-576207
-101905
-167761
-955831
1929669
-1141751
-442248
-778476
-1017043
-946495
-777365
308965
826144
319060
1173385
9848
228148
-145811
1035055
-1038512
682433
1152392
1308842
-569782
162104
-706364
-1706847
-1438804
86034
-377762
-320082
1492724
627862
-447564
762719
722066
309749
-980240
2247151
741716
265374
71809
612554
453059
-885501
-901386
312755
-1087372
-1064460
-314487
753492
57146
1355457
-226810
511379
575253
-1296410
1742895
668626
-698923
257354
-1095165
795913
-379835
532831
-1348137
-713806
1145956
-758465
876428
-1155995
-1779929
72411
721322
891297
-1268074
1934068
-1595710
1477317
957673
235819
-888238
-740960
21565
-957076
398886
-353394
120053
-480469
-321143
-358681
-437871
262398
35951
457230
-258289
-299836
879492
