#SpinCore Technologies, Inc.
#SF in MHz
#SW in Hz

[HEADER]
@CLASS=	RADIOPROCESSOR
@FIRMWARE= 3087
@SPINAPI= 20191127
@POINTS= 128
@SF= 21.670000
@SW= 127986.351562

[DATA]
4404044
-1575790
4448289
1938111
2383760
3968968
181979
4780111
-4231152
3457882
-4854208
733273
-4854699
-723322
-4035484
-3476636
-948575
-1864530
380991
-3694540
786665
-3047255
3683301
-956605
3372513
-1199753
3300908
1146052
1664676
2986406
1215793
3733711
-1264778
3409469
-3083196
362328
-2703650
-1099005
-2699803
-2913826
-1690806
-896858
774283
-1486806
-259541
191571
-976267
1166942
2334711
1283449
1661172
-159841
950675
-18919
1050187
1717922
-382635
-336572
-1314486
441822
-2272467
-913689
-449589
-1290745
-1191957
-288926
464473
-324630
-1365805
938374
-655661
-681743
1551132
-1228249
1060472
574304
1644559
-614078
432622
663316
942657
655724
393943
672178
-1609112
-39562
-759994
1665965
1601871
-2746352
-758413
137078
486433
671714
1361320
247589
-92695
919110
1598839
-1247387
1639580
1146880
926374
-222677
71061
1454054
-146448
-228827
-394861
-1010205
-1485145
-121670
328278
63769
-267351
1528827
-83878
-336873
1922744
-1414624
-773505
126954
-479381
-306136
-112354
595642
-222429
-436877
27850
693358
679613
-175689
-1127975
107955
-1258395
388554
-986651
2754976
-20387
1041517
-726452
639953
244008
465754
868572
676687
427182
-413625
-731191
39389
-846544
-507584
155235
-1551760
-1365227
-891707
1096525
129416
-1073450
-65328
-1647670
195875
-651889
1932835
68670
157573
696015
927904
330124
785790
2600384
171444
843420
742885
-1845397
568678
1068986
-157590
-2322086
-2282257
1743549
899674
-1705224
-681850
695505
-381712
-458230
1503237
-1707973
-1558343
671515
45149
-626964
-298120
1198601
-495530
385735
-68174
50853
-622137
322609
254686
53004
-780692
586644
-521977
-1683269
-633733
672564
-1050077
-523684
307752
448875
402009
723363
1688740
-678224
-993459
493795
1243819
1221678
-453812
867031
-896162
-163535
1010166
532547
-944324
1310869
-438962
367640
1247784
1390382
366009
-481752
-701560
-1421550
-33101
2612540
1252103
-1197740
-521885
-105228
332712
314320
777531
685638
-2153051
345185
476951
-1024301
-458262
9004
-1783708
-1370818
49169
