#SpinCore Technologies, Inc.
#SF in MHz
#SW in Hz

[HEADER]
@CLASS=	RADIOPROCESSOR
@FIRMWARE= 3087
@SPINAPI= 20191127
@POINTS= 128
@SF= 21.670000
@SW= 127986.351562

[DATA]
4043232
306465
1331380
1269819
3673937
1568162
1072236
2665682
-1858784
3141744
-2047105
1778484
-4132211
822069
-1754242
-610404
167354
-2029632
110111
-3165402
805578
-2307650
2098892
-393358
-1085790
-138889
1382255
51974
449711
2453400
537959
2658404
7198
3366762
-1279439
560516
-728281
813529
279309
299043
-2368957
-2821782
78751
-1016567
-1507902
-924651
864389
-661494
759039
-220761
1131278
-861416
1982275
166200
-452063
2013542
-60829
576973
-1167627
1144121
-625763
638071
-965928
220757
255641
-550444
-36243
-1067377
61910
-1197955
-1226004
-151029
747894
302418
-1896167
-1167408
-27557
-1772915
307489
-2558098
88587
1264099
1295911
891404
823363
-978263
-871386
1847338
167660
1376060
-92379
-102975
-682405
75923
-407208
-398842
-977095
890287
497983
41623
887449
1641485
-1838025
-146740
1652961
-477788
1705628
391505
-878593
1203870
-947111
1328915
-1846547
402413
-233248
209135
792628
-1243999
-889112
-167228
875240
-773799
655142
-70475
-131595
-456859
140962
1342520
-611464
-105371
-1161990
-993705
1358708
964377
236857
-834346
1511653
20288
994514
1575714
-2544909
-1169721
1509028
53716
-2400365
-152192
-1982729
432463
493927
-721305
896801
-2579044
1701071
-934131
2090582
1366164
-732640
-361768
-576771
804697
-1625735
709415
-817634
-1759970
376853
457293
57107
-864965
1374262
-510352
779963
1885590
-329450
-1297185
1886845
-1087907
-1948920
642331
-1381165
-1587444
-148027
480554
293472
910549
667877
114920
321873
2577226
2370078
139348
929380
-953383
-1406712
-189840
-1318135
-2077266
-772244
295103
31975
-146605
1398611
1743818
273885
1757494
-595428
1325253
275490
25961
976308
-1032351
-418940
-1022616
-440377
-291465
-1044497
-506617
-884017
-1466811
-554534
923317
-1016557
-495920
500138
179596
80954
-21062
-100789
-32229
263463
633106
112776
-601804
-58219
-430457
-310913
-409585
-1186885
-905649
190940
746155
503200
-929973
-136625
875692
999549
-1327792
-788155
70694
-391847
-920694
945066
-463065
-446718
223661
-302958
2035822
