#SpinCore Technologies, Inc.
#SF in MHz
#SW in Hz

[HEADER]
@CLASS=	RADIOPROCESSOR
@FIRMWARE= 3087
@SPINAPI= 20191127
@POINTS= 128
@SF= 21.670000
@SW= 127986.351562

[DATA]
4375087
-894753
4261778
1573469
3628248
3177402
3259969
4367258
46321
4329273
-1952977
2501059
-1882769
2472357
-3416108
1093544
-3762051
-1743341
-3642924
-2227372
-784954
-4217275
1310650
-2417715
1022382
-3958503
3274928
-428973
3039483
1146780
2615178
1860584
1157819
3006903
-359634
2143770
-964582
1927276
-1488170
1307995
-1140979
104575
-2083919
-777259
-1203461
-211097
-324201
-2345594
725740
-2465804
2262701
-1596035
2124512
-2377203
1342255
-214179
2121798
120653
608774
1449389
1990
1914571
-1255340
1794017
-857637
-132973
-1269951
2214268
-449234
-753019
-572976
-110814
-1240829
-164053
204561
-592582
-1264776
-773669
-286945
-1224635
113202
-110070
-856282
-689921
-988
-712419
664237
715159
34759
-236481
934204
1066147
-1528459
-149953
-520855
800715
-866082
669103
-1109184
1185335
-1520554
243769
477943
85723
-170195
-1554495
703687
378210
1206788
448087
131461
-1650409
303922
249203
-519947
-764676
3051523
-697263
268377
1038945
-640041
-184866
-292510
475352
-1652702
144260
1678255
11189
-1529872
-1115861
986190
-969959
1119085
546080
-638213
411206
151529
-143813
28138
1305981
-690091
-1563499
1126449
1518553
999023
1111209
-130622
-878957
-2046552
1242273
-264922
170176
441828
-1524346
-653866
1403197
-188599
-487886
1604797
-1281981
-153159
-78262
-161075
235448
-1216453
-107175
-1637101
212790
-21953
-1235950
-170449
751396
1076175
-469848
194048
1524900
-1482337
125094
252509
-457090
-1664270
-367512
823548
-723823
1029563
640507
-736955
-87088
778089
-322348
-1390139
1898136
-154207
507253
1662521
-715645
-1565511
-386859
489326
-1533880
254635
14360
-987253
-2272359
1069544
774021
-1832302
1466868
-388082
92177
837095
1082911
-637867
549930
2322343
-150997
-269900
-416299
-1412352
-673614
993845
291737
-2706247
904987
988516
-535037
1056455
-264110
-1666110
-130396
3253636
2073509
-153167
235745
-1039114
-573965
35911
127491
-1145715
-2671060
73378
-1799415
1634379
1356797
-800251
313865
-157296
-362880
638589
995480
-793865
-97176
1104017
531580
-1130446
315740
