#SpinCore Technologies, Inc.
#SF in MHz
#SW in Hz

[HEADER]
@CLASS=	RADIOPROCESSOR
@FIRMWARE= 3087
@SPINAPI= 20191127
@POINTS= 128
@SF= 21.670000
@SW= 127986.351562

[DATA]
16594180
-2917993
15458560
5043133
11396363
13218036
3061708
15715921
-4404100
15225110
-12136664
10187857
-14735271
2696589
-14387093
-4919905
-9426570
-9804684
-2485675
-13439329
5007225
-12232047
8980860
-9080649
11684701
-2936128
11450114
3158768
7252441
7071530
3053324
10195401
-2841656
9592942
-7420143
6805881
-8235600
3481134
-8850275
-1494759
-6995710
-5671535
-3048322
-7631748
1361536
-7846678
4386682
-6056153
5828754
-3457115
6197345
831947
5003857
3118126
2734668
5100322
580343
6059162
-2202218
3813911
-2662528
2735689
-4407411
15316
-3740376
-1364217
-1773341
-2458640
-513517
-2393223
247805
-3179971
1440798
-1288082
2720524
-1967012
1940283
-836458
1740797
930262
782895
195140
-117967
1638189
-766539
1052129
-564809
1677596
-947391
970164
-1024292
-560752
-663649
225029
-828835
-1469146
-66027
-1072907
484780
-540883
116736
-592020
1166141
-200672
1473706
-440209
717388
287923
849761
971116
1355397
-535513
-130298
744963
-800576
886769
126104
224090
-1180127
456117
-1485666
324126
-587951
-567844
309455
-831612
1242959
-1451372
1062917
-1124794
1755022
-619427
185728
110663
-218675
237034
-6648
564872
364262
440080
-282429
252507
471245
501528
-132877
406062
80046
650862
-399829
-274190
-733449
-709820
-254549
-483664
282451
-404305
-449185
-1037814
792415
1313618
641591
-515135
-1071319
436027
751065
160002
-941518
-667829
-79650
671164
442943
-420731
596350
525759
9209
-471529
-805697
-13493
451754
-80150
741283
-36769
591221
-279880
623915
-516123
635383
36144
-293719
-239624
-346059
-557721
986938
796198
64234
586387
-564202
118110
1012169
-933725
-596792
961628
59238
-980339
-196946
-181309
-497453
3282
217628
-398789
733135
207840
318546
-352771
428518
-592635
473216
-534489
-334483
193674
-359920
-292640
-289883
325294
-9306
1178651
450033
-200329
162554
-202220
290922
-389032
-422267
-116655
-212469
228293
-399552
692334
115550
909008
32225
333686
123054
245397
319352
279144
524284
9565
74747
-1373515
-20123
378646
-417409
480280
349638
-243445
