#SpinCore Technologies, Inc.
#SF in MHz
#SW in Hz

[HEADER]
@CLASS=	RADIOPROCESSOR
@FIRMWARE= 3087
@SPINAPI= 20191127
@POINTS= 128
@SF= 21.670000
@SW= 127986.351562

[DATA]
1488481
-430851
1707955
-55610
1445486
3516022
467027
2219807
-1228063
2155467
137565
1417871
-2040377
-104247
-1842293
1049170
-1577671
-2394581
399947
-2574900
-526560
-12226
1036659
-915823
2109174
1995193
-514955
992492
2525716
57279
-818325
987351
-1398270
1582890
-418776
970433
-1916565
2268353
-1322259
-673147
461963
-537846
-509616
-707750
431328
-1735470
1779569
-30053
-457898
-795303
839265
-250245
122011
701056
-1079977
1488287
1155362
2818600
-435162
1748033
-521859
-1373516
585323
-2051693
-1168401
8488
-132081
-1186211
420660
-268137
-850494
177687
-1120415
998137
311042
1632978
-52745
1250537
1352392
-29539
1687873
-666793
-33354
-1165914
603500
-911606
-4754
1460734
-1248691
1275585
7001
794427
-1901121
944846
-4976
-76371
2170489
-1959991
1636169
362483
1046026
-847571
-407091
1306690
-1182685
63997
-1201040
-1182862
1326929
1098129
511005
885324
2151349
138599
2480415
580907
-1496291
-854007
1296749
-1464816
-1396988
-1231159
-1042161
-519048
-367327
678406
-235699
-136710
497665
81451
71830
719088
999804
-2025237
613884
377774
596412
-559625
-600881
-1400945
963397
1110349
235796
-8253
-810512
1001242
-85810
1962902
-188593
155209
879943
851734
-58438
-1303776
581947
-1281146
36814
64284
-527043
-273009
668953
-1064322
345737
-137174
1723582
56084
735642
739326
-1684414
88336
1618753
-1348676
-1659775
1681423
1260249
-858714
3181
-424601
-736220
366468
1561937
-897473
207114
1811510
483508
-500938
1065575
-190016
400393
-185076
17264
-1625016
116437
926180
-1934628
-40810
1008639
-369401
1474655
1365781
-178027
933406
924974
94147
-450379
-189688
-973702
-518772
1907467
-16320
-1368716
-847937
-898946
-443461
62589
1281446
-48515
-449799
414047
-1002346
1270468
511933
-680298
505063
-700018
878003
41184
-586591
-1039169
-532565
771696
1443418
978239
-873439
-748034
-422236
2109134
-1044012
-954661
103553
1055707
-441235
384092
-555376
-1428884
167033
-1418502
363132
303561
145564
308381
1655805
505390
211452
-974678
121028
