#SpinCore Technologies, Inc.
#SF in MHz
#SW in Hz

[HEADER]
@CLASS=	RADIOPROCESSOR
@FIRMWARE= 3087
@SPINAPI= 20191127
@POINTS= 128
@SF= 21.670000
@SW= 127986.351562

[DATA]
-4421607
1029752
-5001679
-1773344
-3138878
-2307264
-1383319
-4548348
-633235
-5000641
2944982
-5181272
3965134
-672593
4153273
1812700
3566858
1851976
2012485
3743563
-582333
2554761
-2412918
2390363
-2881222
1674458
-2307196
1206859
-2609270
-1118258
-798879
-1075523
-396996
-3844338
-403732
-2317141
3512559
-1853245
-327590
805861
3203283
-975767
1503273
1162889
1222502
3316207
-575596
-315655
467990
1477255
132145
861181
-1268851
78108
243970
231707
-1504877
-110168
-401401
-394785
-216842
118891
440606
-578623
118530
-1849230
875834
-910337
869587
600165
1043015
700709
-139582
1237195
-690155
-590681
296650
1731095
-250265
1136038
779213
-59017
234028
-91334
189300
44719
-499321
-438564
-730419
434740
2071334
637263
-730690
-465441
-198308
-1183459
410477
-917115
-1468829
658042
847130
-156369
-1011453
995517
441840
648672
1005565
-296021
315660
562921
-1497285
-34237
-1169370
-215675
201844
14321
-709274
-1069551
-208755
-1022316
1614075
1100605
-277410
-829811
-292198
-1036372
1769037
1979161
-640726
42891
1047749
93091
484367
-1111894
-1357447
-1438752
-390320
-1902229
-1281876
1330807
-1306316
209024
1435281
-1154168
1039788
2029452
-1213371
662554
91555
-855074
78304
1726146
-745763
-542792
324321
-1140085
427205
-2092814
-970204
-1991545
1915485
-1923724
666259
533283
-2218848
2166796
135173
-1172790
100478
1770153
363900
-250969
-317730
-924318
-1204804
1304434
-1519545
-1636664
502636
-1037301
1806736
1503554
-117679
-956677
-47270
446464
875399
1819206
-1973316
1541612
1163580
343582
-55245
115017
-2257849
-50205
-1411548
-1094528
-343574
-166361
-310712
637273
1785283
-892525
3452780
984828
-350289
-1321072
527391
-1058452
-1463823
2576597
-246104
429662
-47962
1308006
1422122
193381
16066
-839550
-551927
-1379178
-968732
-1586346
-1144047
193792
-879135
-830600
938914
1032334
1239133
1928027
250158
391455
805979
370907
-3060861
629614
-2753780
298352
285046
2154554
1306607
346082
1587240
-1997048
1036898
-944918
360816
-1388455
-167697
179600
-1179585
1627381
479574
2123116
