#SpinCore Technologies, Inc.
#SF in MHz
#SW in Hz

[HEADER]
@CLASS=	RADIOPROCESSOR
@FIRMWARE= 3087
@SPINAPI= 20191127
@POINTS= 128
@SF= 21.670000
@SW= 127986.351562

[DATA]
-4245772
783666
-5506644
-901068
-2661567
-2185018
-1199602
-4524670
1012347
-3296552
2667280
-4540753
2825950
-1491916
4225059
1650263
3025661
3461612
935111
2999455
915265
2906006
-2039628
4361226
-1869766
1923207
-2386905
987464
-3030228
-1580928
-3270859
-1258966
1429182
-2037905
552423
-3222510
1282558
-764219
1913172
340945
3114181
1215211
2552987
1601220
619918
1810717
807713
1012653
-1701035
1928314
68510
-1666075
-541753
-1026657
-2144764
144055
-436948
-651908
840513
-197909
353021
-592127
-320266
-1106762
1014362
310755
458689
46822
772280
1197950
299690
-589118
-1124082
-1019411
-470482
477458
387933
-581933
-1121481
430359
218967
471808
328025
661361
1025709
740269
-820827
-896893
-1651873
17679
-798675
585304
-843200
133364
562281
-386179
-102907
29818
-215214
-324256
-156553
-578119
1184811
1826769
-474479
498693
1174185
1054080
819840
923692
-246646
-171830
-818760
-473659
-660097
895877
-553398
895163
156593
-1487661
1937890
-1069871
658649
-673461
599597
-511142
-259548
-39266
1092731
1190111
820761
233800
192288
1404406
-1495998
-271048
-779699
-264981
-543104
-1532180
-1013607
541065
1815687
-711782
1143712
-1734826
-276013
-317593
1236002
-266250
1523759
417745
673634
1604010
-307390
7447
406058
725856
756692
395011
-791939
-669536
-91364
-144898
-1136076
-1301736
685696
264648
-427486
1606829
-189132
-538299
1127334
-482206
-292455
-274002
368327
561100
213652
-1335462
148335
1033086
-694475
769354
-72918
-1398675
-1011511
-1700595
-510722
-1799487
-1253047
-1440949
1358427
1889540
1018623
346316
1029850
-1120392
844270
-1959034
-118168
1598434
-886872
-1286488
-869425
-7414
-48900
1878103
241563
-1395493
704577
-113435
-878483
-1479400
-740293
-2171958
-306081
1044286
-383057
430432
1524392
-228291
1578124
-408617
-1512993
1630997
237109
-10447
973048
1567839
517841
296134
-1494980
270366
1695470
1966359
1066297
650168
-1412714
-1020363
282617
-1113709
-1332764
-417247
87596
2112918
1759877
-2776046
-302393
-56969
-416097
-192819
290225
-1160834
-884143
2677716
