#SpinCore Technologies, Inc.
#SF in MHz
#SW in Hz

[HEADER]
@CLASS=	RADIOPROCESSOR
@FIRMWARE= 3087
@SPINAPI= 20191127
@POINTS= 128
@SF= 21.670000
@SW= 127986.351562

[DATA]
3735735
-514360
3696140
1079467
4437370
2059508
2967586
3793568
169363
3301652
-3006806
1988437
-3396019
2849810
-4105670
303411
-2566734
-1825475
-1179210
-3787056
-392184
-4679245
1025635
-2942523
2747921
-2130296
2350283
181199
3026790
2375452
1401070
2047292
1779480
2921610
-1876953
1549258
-2993062
988528
-2323953
-186535
-916119
-181908
-521397
-2315283
-468050
-2174409
-155844
-2350344
1701583
-1449445
1136703
-501816
1352978
1141536
1075928
183363
-45195
137882
-311856
1054535
-1080798
261248
-884281
682075
-291719
980856
19492
-1156005
-1197122
-736096
-406756
-426294
-1041106
812262
-746149
-296650
366871
103173
-449436
-1423982
-258246
-1440876
1162738
57888
-580812
990628
-618612
-594351
767838
984333
973020
1622731
-442596
150067
-380193
684271
-123528
-69091
-709587
734848
-917852
-343711
362739
490210
-345330
-1005202
93170
1425778
-192069
-615914
13811
-219235
1582098
1364008
-1452397
2053444
842312
694973
-793800
-304488
-827136
724267
17805
-92066
607160
784681
950622
-581873
323574
410785
-731798
-17248
534810
-45806
644074
915087
-48469
-172845
-720344
-1605896
1131808
1171914
1573811
207146
-457625
-1194911
815726
-589660
-1028083
1315531
320504
1446196
930085
-275331
-319520
609328
-188114
-352270
-530727
-257615
-653603
1200019
-29971
241458
-1451543
-501967
1682113
-286759
-168928
-551595
1194119
-528601
1585221
842514
402810
149089
-252249
366593
-793186
-341031
-1667842
-715416
-34009
-717541
206446
1036765
-567355
-31603
76454
-1344728
-822744
-620110
996952
642209
107737
-767275
742242
-119608
997357
-49316
318372
324640
526795
978084
-1331641
770153
-2160233
1178666
-1221817
39168
-524295
-122984
1021888
-596066
1085129
-47308
1349660
-556959
74052
-310881
-568888
-1491776
-543178
1609431
96755
-266961
1112399
1364942
572303
509816
-1131596
-765631
-775545
241594
-878770
202083
145801
370158
1034026
-275924
-17782
-37185
124398
-556217
-628402
682551
497192
-402358
1448205
522567
-2236984
495078
-550438
-1459479
1121161
151911
