#SpinCore Technologies, Inc.
#SF in MHz
#SW in Hz

[HEADER]
@CLASS=	RADIOPROCESSOR
@FIRMWARE= 3087
@SPINAPI= 20191127
@POINTS= 128
@SF= 21.670000
@SW= 127986.351562

[DATA]
2231783
129696
2879970
492849
1899182
2797809
-381210
2527858
-811025
2090590
-2912295
-436557
-1061813
560341
-1746998
-233783
-2514732
-948127
446644
-1852490
-1385678
-678210
1745224
-1080011
1621318
-1357450
939036
-1393891
1942318
-490847
290882
829796
826961
1191668
290770
1354524
-458113
1615251
-755087
434497
-2775617
527203
-1213781
753426
-1589345
-1066591
-351022
213360
1012878
-1824954
321355
-1172446
455957
-183520
624732
-492353
1183212
178958
115780
1200804
1124454
605010
805201
1379159
-1584809
1130996
-1098359
-584031
266443
-317114
-511117
-743058
-565426
-1888650
1133240
539019
404205
-34408
323390
-1076559
966866
833882
-1925550
1531157
509771
1528289
50716
2115076
434498
911947
-1278020
-682446
-496612
-495678
-820239
-103138
-816931
-437812
1824884
-503224
-63950
18749
-178960
770535
2214966
-758613
-556772
791100
224862
920617
-779731
-231765
-100346
777434
-101188
-2019884
-697856
466068
-233164
672524
-81654
-1035393
325407
-817538
-393213
1971434
-1023881
244553
822065
443704
-121140
1139189
-1775383
493000
383590
-1296272
-1748984
345845
-1108226
-1842380
1326263
-2081724
1252493
-1583259
-1221240
-1425883
2449194
-150829
2187482
1815496
18721
294620
1344600
88091
-1934091
985865
-1401125
-38213
-1700382
-675151
-387877
1805130
-726761
-1191175
1554397
-2278543
1445676
-1855322
-415691
-1239212
516212
644857
-2022999
1838735
120942
1472446
1588844
-513467
-1696734
383179
-797552
-1779723
-844014
-1531897
-350921
-719309
-935670
-554280
2708568
412352
-149157
1070402
-250863
-404157
682592
-453493
-1919027
454521
-18517
-1665674
665961
701888
-822426
539181
1669212
-2849040
1265601
596282
-998074
-339347
-826439
-1547506
609970
2314290
-1604804
-603872
-107193
536052
-861011
-439830
-1387879
-953482
668850
-2662394
-910220
-753454
-513806
-90254
987222
-87281
534913
1028511
-757922
246344
-959861
-270866
-196865
515587
-1772124
-646529
1313524
521786
558850
529746
257968
850492
2098561
-601021
813173
-439966
-1586218
7655
-744259
-817441
514073
1412580
