#SpinCore Technologies, Inc.
#SF in MHz
#SW in Hz

[HEADER]
@CLASS=	RADIOPROCESSOR
@FIRMWARE= 3087
@SPINAPI= 20191127
@POINTS= 128
@SF= 21.670000
@SW= 127986.351562

[DATA]
677963
-848040
139615
484100
-1378879
-416690
260440
-794743
-123436
-265871
-690615
423493
-468430
937571
835095
430940
-42478
-263438
1521867
-730989
-1201558
680173
-1688936
-726723
-825357
-1574210
276229
979452
958737
1293273
364963
612587
2030046
236695
-144960
380578
184266
1373780
-651637
356894
-1014679
-393602
1338643
-725096
1082145
-1934170
110329
-522757
-760270
-836127
684924
1172599
-492800
1635631
1071046
236508
443569
21230
-545682
-19209
-1365054
-1124244
-1047873
548343
430270
211750
1101655
727242
944816
361543
-105595
-445021
377795
454147
-1237435
-534697
198034
948459
-399787
2189366
-648769
-853816
-2112
-675730
1104814
511614
-505805
-2422031
11358
1419718
-823538
541747
246275
159702
692334
1083818
-898323
-7642
-175575
-2926129
483878
-377833
-731887
-1344757
577225
-944501
837371
-389267
85517
1419204
1735526
234147
2417345
880163
237894
1427360
-614588
-154808
-584954
205140
-2552247
679784
166790
101952
-492704
-321329
560922
954451
-889731
-130901
152639
-764992
986963
545026
-547597
152934
-384187
-299134
-639359
733175
-657521
-544580
1053987
-1055948
1012491
-1412274
-2108052
-76484
218369
-852265
1254803
-703876
-708869
1970148
144777
-861349
-1246680
152436
1136184
-926692
-738346
-274360
1015857
-155090
-240000
-782948
446310
948412
904352
-379541
401228
-319152
496383
433277
1203107
-165303
568317
-338732
-934521
-1151103
-191683
-327015
-539697
231917
-1015478
-1228769
-26478
149663
-218925
1028730
925301
-188767
1118602
-698235
-941759
-375166
-241212
-1529842
753170
-237560
-486835
102933
739931
-310206
616786
443926
1047220
-1117103
-139876
-1414905
1091349
615325
229596
949922
-914513
1448944
337506
-50915
740522
-1053510
-84974
593139
-11473
-827916
-708569
1423315
1446261
-1350436
-661049
698285
-563213
410893
-813750
-490801
-1348680
752755
-539717
-732011
-1129877
-876655
-244871
2151624
125032
-611303
839275
993778
766527
811318
750723
-347360
-601614
109838
1603117
-538256
-2310876
-184322
