#SpinCore Technologies, Inc.
#SF in MHz
#SW in Hz

[HEADER]
@CLASS=	RADIOPROCESSOR
@FIRMWARE= 3087
@SPINAPI= 20191127
@POINTS= 128
@SF= 21.670000
@SW= 127986.351562

[DATA]
-3676272
1601732
-4915933
-1505974
-2217960
-3121366
235450
-4531826
1279530
-2469520
3163981
-2579404
4244086
-247306
3005022
2102577
2898219
4533405
-942503
4897816
-1083632
3974872
-2644998
2348920
-3864536
-156454
-2517433
-1650791
-2281585
-4389514
521918
-4292964
2739893
-2744705
2294134
-2400778
2804745
-621869
1838302
2242147
282961
1125854
208380
1930232
-384781
270387
-835827
777101
-1591757
497302
-1519808
-835813
-2015782
-916960
-885041
-2902643
-729971
-1747959
1480243
-381878
1526316
-2328947
605931
3055619
1222564
1809736
392259
-637326
112873
2242299
-494149
-1349173
146619
220258
243920
1543562
410612
-1573828
-2256059
1535270
-2157975
-2443724
1156341
-505891
-830971
-666511
2580643
-368339
932208
763477
-549684
85843
1746290
-488232
-608789
566412
473259
-1332319
615754
-58626
-1142772
336054
1052065
-409500
-1099522
1079103
-465523
-659821
1071118
-133793
247291
-191893
1523382
-398455
1167919
-7394
-442840
-803089
1440951
698950
-1228955
-182907
-1259701
96089
2096194
1075203
113383
87990
429023
1951028
-2389083
1976229
924140
-1641825
-873730
1202574
1204493
-1512355
1830105
-1806213
-794225
1356930
1132634
-1392828
-10260
-572915
-2503105
255935
-85111
-443374
-1270869
1450027
-535407
-10406
659230
959958
-1090165
513239
985780
438853
1069404
992860
-364253
-1154587
1364567
-272961
306842
-1231608
443240
-1332340
11717
2181198
-1361418
738135
-1152225
361755
302755
-196712
1080896
-496580
1057421
-1447462
2121225
-1108823
878081
454995
-703739
302372
-497280
680682
-433523
550295
260995
734446
556267
1171979
-653866
-783796
-334736
-43328
-2043171
138752
1332706
150953
177007
-108714
111965
-518034
374039
-938280
-991864
665864
1371214
784756
-81768
487048
-599258
980597
472652
-161065
485757
-475159
13632
1202588
970872
-966479
815038
-228543
1363060
606480
995648
410559
491501
658055
100591
-456244
185413
951532
-537381
631314
-47736
-904261
81709
-662691
39561
392180
970697
-420940
-464892
-474442
-306426
83931
-401967
-648958
-1360927
262127
