#SpinCore Technologies, Inc.
#SF in MHz
#SW in Hz

[HEADER]
@CLASS=	RADIOPROCESSOR
@FIRMWARE= 3087
@SPINAPI= 20191127
@POINTS= 128
@SF= 21.670000
@SW= 127986.351562

[DATA]
-2708188
1143064
-6595481
-1823976
-898794
-3612915
-900452
-3220431
3044821
-4660317
4468782
-659145
4758796
353418
4644675
1409548
1292275
3018442
-91060
2000175
-420169
3659323
-4196704
3767283
-2870100
-1037044
-2422358
-1455475
-924816
-2395505
715023
-1562925
1857822
-2909195
3068093
-368917
1614073
-261453
1591679
764736
622512
2974765
-1307936
789780
-2198747
1330703
-1556550
-158535
167882
960592
-2329486
564133
-29538
-221108
-1190393
-1336866
896418
-1678635
998934
295187
1136794
514251
568066
2095543
804253
1325058
259362
2382670
-1697632
734229
-894697
438160
-1357860
1010254
1620426
-1746443
-273026
-1435027
-394339
1135785
292618
-2514172
-1033686
-1255761
-97427
-394822
842295
-944861
-2018718
619547
784295
2044527
574556
1115783
-1200605
614618
1045215
-27378
789439
302292
100729
494898
45294
-1102759
-568632
-567234
-1613879
-1875687
-48924
-2087478
-1097131
359531
13079
-879242
462429
1662077
-4900
397037
81327
519733
-248780
517950
1675577
-1014383
886507
21040
-346674
-1120848
-520011
-538965
-1312724
1288283
-2509985
-1516823
-962005
-909138
527560
-700849
727938
-162
-852158
3065040
223758
1076150
-1777136
31329
12595
-1184179
372597
-104120
-478565
-1778378
45395
931353
-68980
-136142
343393
943730
-48186
-1625571
-302406
-643685
734990
117710
846733
-294304
799266
-480878
-965441
-1464524
-1753823
569512
-1913888
-2478819
-131468
35314
-714727
-269601
1178022
-302610
-1691343
2128461
-1127443
338374
243776
394505
164389
277075
1418896
446117
531253
33075
-1886278
-31911
943762
516813
-1723324
-981700
216506
-951008
382158
1266725
-698660
-125994
68139
1143023
109813
392707
906655
273016
531822
519009
1273390
-270136
1063963
363016
-1842188
-768492
1121441
-324519
-669270
-1257048
-837579
-1175467
463835
892985
-831880
-1346019
-1460579
360776
1307111
1023446
-656358
226893
616611
44075
88299
140946
-263939
-634953
-1947317
-232569
-1151607
-1290848
1121175
-415436
-578150
898175
1050509
447936
176219
224433
-135082
-740590
272556
1978837
