#SpinCore Technologies, Inc.
#SF in MHz
#SW in Hz

[HEADER]
@CLASS=	RADIOPROCESSOR
@FIRMWARE= 3087
@SPINAPI= 20191127
@POINTS= 128
@SF= 21.670000
@SW= 127986.351562

[DATA]
2909211
871657
1637638
214289
2978433
1542903
1350984
736438
-1145997
690219
-496132
2633712
-3486395
282012
-2772779
-1035567
-829716
-858225
634760
-1681846
1716354
392435
1358645
-149130
2580242
530409
182005
319384
1785732
477973
966535
343538
-1502672
467312
-958692
3145310
-1983804
-640215
-2257712
-2179971
672949
-1849233
1790537
-1699538
802856
-261069
750671
2468556
1764028
-299602
240484
-795208
792742
581134
1109507
-826909
-1417700
301132
144578
-408461
-775710
1263168
-1614578
-799671
971552
-1079
-839387
-502939
748113
685277
-1362731
472809
290111
940458
-1101060
512134
413844
157496
1198973
849615
-364852
-410874
1081646
-425948
-456406
126469
247219
-956565
255900
-476662
957364
554659
409118
-700860
-1393023
-372038
-1241992
426439
1233003
-317944
580333
1308211
700087
-125714
2239941
1038376
-659092
82717
1914735
-1002114
991837
561549
621136
-859608
-809759
725659
-512466
-194328
-1335000
120145
-306033
172817
510152
191746
75891
540372
549383
1855233
2423727
1961160
1309713
965252
-417789
-453761
118099
-1071973
402922
-848477
-912965
31893
-748875
-524179
23197
-313476
-586966
914039
315278
-682322
-53774
-106118
510221
961311
1528743
-671205
344360
-1290974
426390
-1221832
442773
-1873879
229618
-918318
1491850
755324
-779491
829543
-1729965
159275
553036
1587209
-1356759
1704364
-475098
536553
-1307943
494620
-337791
916120
65436
550378
-773658
776899
765710
1402358
-382514
-730056
-1292792
-339842
-195939
-364049
167524
79212
-1734851
193437
-214537
63561
-469305
255460
-397345
-331416
-999006
356984
229814
1490330
1686841
2027316
1663522
845679
1166134
-209565
771048
-290856
494070
307441
-1560257
-2709397
728385
-1335321
-729164
-540541
-875780
179526
-2021658
1361746
-204089
251153
-1244503
1304156
1335242
1466275
-339057
947418
297793
327972
1255213
922952
1840156
-1322357
1485548
-1889922
862197
-1352433
-1096699
-690579
-1252945
-525882
-990189
544432
-261250
-281915
-1006360
41004
-904623
2097363
839073
1229287
