#SpinCore Technologies, Inc.
#SF in MHz
#SW in Hz

[HEADER]
@CLASS=	RADIOPROCESSOR
@FIRMWARE= 3087
@SPINAPI= 20191127
@POINTS= 128
@SF= 21.670000
@SW= 127986.351562

[DATA]
6004165
1322342
4761529
3111927
1906885
3420690
-82952
5590719
-1703866
3339730
-4476012
1449972
-4233901
-134193
-1848962
-2210698
-3451075
-3892180
-474706
-4434641
3322772
-3780491
3797804
-607958
5832846
437022
3497796
2449036
1207596
3512856
22360
3434173
-1517181
2571253
-2998781
1375443
-2349895
-1500567
-2265290
-1903383
-1694976
-2528129
98914
-2589885
504344
-1827273
1504883
-1204055
2872494
1064047
279978
-166577
854525
-47499
-1717495
1238803
-931367
-590407
-2061638
259861
-646945
-63053
-961989
-862020
-865861
-828903
237139
-1836377
-509096
-762665
1074413
-318354
-1158501
-1037980
234474
880822
-452316
1856821
-605442
-535125
-408788
607513
496904
-370844
280922
-1584048
-373330
440669
-531505
-1272603
-161787
182601
-1040348
93454
1258899
-492413
-1376470
-103601
-889986
665130
-289028
-290374
-97501
1653059
786475
1936639
45148
977151
-137975
-957404
1326012
-501515
788616
-1277718
-2169855
1298015
-186447
-410991
146525
-247876
-500571
-451176
1007361
-1417656
1604311
-1717711
-107500
1341117
1057735
1706426
-541940
-396317
1216878
-533176
86357
-234055
-142672
-1508027
415199
434095
1314328
-726013
-91772
550809
745775
-1239458
-862232
-1425875
57773
-678355
-69694
858894
-669334
501346
1187550
-413340
-469956
868282
-627827
360307
310207
-1397112
-492573
-164011
481309
-1079408
784662
535653
-1307223
278581
887087
586281
-1444761
139938
-652952
-1027366
2537539
1263863
-361072
-384413
651567
335190
-285975
-969617
-131203
-1287715
264777
-229491
-1574285
-1544514
541937
-880105
-243389
542999
-739904
638657
1037205
-927230
-603255
336599
1946685
609033
310856
630176
308191
384026
-1446404
116558
-1470180
-1136292
-1137111
152307
41514
-480630
1180174
-506283
-792695
1918941
337868
-4974
280374
1107514
83985
-35402
-360964
212762
277025
-135490
851402
455549
-91668
518645
-786614
1041105
546472
-684052
-786724
728558
-247347
-390060
1168590
814212
186962
311594
748978
-260618
-1089233
51761
-1537956
-2212566
1188170
1352269
-1598198
-525258
572085
-1229769
