#SpinCore Technologies, Inc.
#SF in MHz
#SW in Hz

[HEADER]
@CLASS=	RADIOPROCESSOR
@FIRMWARE= 3087
@SPINAPI= 20191127
@POINTS= 128
@SF= 21.670000
@SW= 127986.351562

[DATA]
-2352141
-275033
-2823801
-2239759
-1553606
-1284215
1848393
-2750983
560054
-2534921
2628896
-1547983
3400220
-579859
1715351
2338314
1698294
3235788
594510
2602536
-2583221
2959572
-1039035
159299
-1849227
-711748
-1185128
-1810710
1447302
-1376624
67451
-1061719
-845206
-2795155
1100752
-215247
2041056
-315838
1538749
2768700
941540
1554666
-343335
2332482
-924482
2259359
-515536
-2826582
532659
-2218905
-673784
-875369
1398803
-802088
-279607
-1102397
-517164
-724092
-228804
-593653
-1500382
645829
324709
-759994
-826470
1934671
517728
913571
-294790
969198
-988443
736770
1181377
-314690
108104
-1976477
-964467
181921
-663692
504252
-889067
-2957841
-1972044
786547
502572
732223
-4120
100519
-1170678
1633425
1452390
1547334
-1359484
-571714
632998
-719699
-308830
-1783046
-441357
-464788
-662247
1341372
-501163
-592141
-1019614
-919539
-469517
1104375
857914
-686959
625980
-792281
1067111
1199263
-507226
-471510
1013177
-99172
2213020
-1063100
325986
-750885
-85039
532540
-438642
1014975
-717056
1761808
-454092
395171
-533152
1326735
-615102
300084
942381
-148965
1057601
-122209
170782
-94865
583972
696308
-2031747
-814927
-1855005
-967160
-1090711
-745326
144114
-1569712
1072506
2248325
-192211
-76909
-923655
1514767
262380
2730800
811127
-126082
535723
612928
-590494
-571670
-127532
-2365788
-1751176
156638
-1345059
321856
-1369500
-555757
-2904917
211914
-104690
-677467
907776
-765457
839938
468576
2062034
676095
71662
810210
477953
-369076
6692
393428
1110086
-1186666
-634446
968109
-574861
351389
463436
864094
-1692778
-749499
-987521
-277246
-1136615
76536
658524
-896652
335245
1081419
1278870
1890759
-760883
-222963
-871249
-362234
1419472
424931
-1337701
-1612803
666804
1080539
410425
500450
-2252350
1115456
-2072997
618715
-243373
108831
73974
-1823067
535427
264398
133999
1198971
878567
-537796
116319
848726
453582
-1890509
518374
-598161
-5567
-446877
1281332
-99314
-1232028
-1035762
-1793114
-297723
338418
-722550
-1341414
-2004829
-479455
841669
86712
801192
