#SpinCore Technologies, Inc.
#SF in MHz
#SW in Hz

[HEADER]
@CLASS=	RADIOPROCESSOR
@FIRMWARE= 3087
@SPINAPI= 20191127
@POINTS= 128
@SF= 21.670000
@SW= 127986.351562

[DATA]
5445638
-1182922
3428008
2288441
3470264
4059646
233265
6324342
-4171868
4276926
-6542467
3715282
-5374426
143289
-6579714
-2183923
-3537061
-3359143
602776
-4628898
2478994
-2544310
2206664
-2942831
3434738
-606872
4520070
718303
2568718
2343222
1428373
4172636
-2994872
2927146
-2431730
329846
-4341151
949814
-3196409
-1320762
-471939
-2515309
147628
-3919503
3216802
-1014579
529892
-1986554
2309255
-1158755
1743883
1217149
985338
910835
-791225
1674696
-2685361
1562688
-281894
1382828
-1795072
109945
160761
1049590
-1480108
436099
1898930
-1796152
1012378
-203381
1322840
-715948
1871834
-889871
-253720
-1265105
493811
18243
310824
-1527463
252269
41078
-45089
957394
-491291
484592
-1976344
-447345
-469064
526959
-588176
158008
861387
-1591983
566034
-1300701
-364880
440186
1144987
-826172
263047
134774
775411
1398924
673141
967777
1249742
208265
-287946
1779943
384922
1532641
-592938
857614
1395773
-86410
511531
-426795
1029395
-1805214
-2516422
480978
-681641
-1090024
727599
-1287223
-308850
-713571
1810864
-255916
-113563
415297
730352
167324
53456
1118428
330950
-402907
742597
598376
-362535
606047
875435
840998
892274
405203
587831
466438
-110378
-1763930
-601717
140458
596915
-1204896
971427
-772407
-2249039
458471
787659
1041003
-585096
-1292872
1758243
134281
449101
1692244
-860845
-335166
700621
639568
1344811
-539556
1845353
-657846
309067
498832
-427359
315933
-99433
306368
1747229
-1167665
-190690
-395193
-365086
1616765
270258
1837048
-1587290
-639601
297178
1262842
-98884
16757
1743563
-867954
1116268
126992
-206901
913912
906715
-6173
-1000783
-1385755
216549
-254539
-411943
-319719
-960682
259616
487320
-879863
853377
-130919
-1439508
-910029
110355
-191732
-48336
-205293
-823691
450089
-1481305
748582
-96886
908774
62418
337016
861202
54534
-529195
149546
714394
-58415
246668
-405133
272671
-504913
237511
-606036
-101195
-41907
-1088427
-1148964
-619054
-400874
218931
558306
-877305
355575
1058152
-389854
657679
128765
-587519
-1191136
