#SpinCore Technologies, Inc.
#SF in MHz
#SW in Hz

[HEADER]
@CLASS=	RADIOPROCESSOR
@FIRMWARE= 3087
@SPINAPI= 20191127
@POINTS= 128
@SF= 21.670000
@SW= 127986.351562

[DATA]
6327679
-957769
3402637
1458673
2918371
4863624
1284294
4481283
-3498166
4498396
-3479621
3405208
-6223708
394130
-6109695
-3700069
-1814445
-3568240
-462190
-5080360
1953719
-2739868
4962968
-299478
5177254
-706813
3701552
1808481
3266447
3726045
1958489
3912092
-2836218
1593819
-2854904
1136568
-3632471
-501732
-3182562
-1785952
-1155818
-1845395
233486
-2087279
1824971
-552028
2073685
-541369
2284486
131761
2621895
1843827
887982
1578029
1264346
1962887
-960774
2481261
-2880322
-748748
-1013909
-155497
-1522126
-1487455
-905562
-1197552
-696104
828424
-1111907
-277752
2376298
-311411
-357406
856291
2660933
110836
517655
522387
-648905
148241
1935335
573440
-3001780
600772
380279
2167220
-956575
459825
-2141647
1144034
-322912
474236
1009785
-134767
1816212
417575
-936656
-13094
403104
-1806008
348839
-106251
72274
-24250
317055
-742439
-1260657
-605208
-1072555
399314
-1666759
833265
-543218
375790
56264
-396681
-208762
74885
719395
-1946179
1358789
-604000
580805
-1220857
196702
-721381
498081
211114
885472
-359390
-403757
90385
131313
2427816
-1961580
1431594
-1117756
257822
297508
-670886
-1713647
79414
1582692
-516156
97597
-2651959
-254148
-716730
146025
-324002
489691
-958593
702052
-471963
365830
574731
-1220941
65553
1234778
411161
-16786
1327216
-932932
600262
-1528089
-125499
721573
-1853433
-719156
466425
-1303607
-2339580
1832493
-534886
-2204470
-92871
568469
1991147
-1328128
223513
-489779
-84495
1652057
1312789
-825581
901442
1691727
398726
614791
-170344
-582190
-1444974
778225
-1608688
572346
-1289599
571511
389027
-835549
-135548
-991467
-850815
1072880
950503
-26195
-229986
119318
718672
-986811
-1433485
559232
832442
-316818
1418994
-165653
-1311956
1350138
517304
1401330
-1771089
1151893
-593478
-873062
130764
286659
-417503
569158
1144112
291625
505270
1045151
1489290
-925434
1069959
826063
609139
-1247310
258
967888
-835932
-933003
-631291
-1379495
168880
37290
-1239038
1014502
221561
212924
235726
505712
530944
-371798
1489013
337231
790288
