#SpinCore Technologies, Inc.
#SF in MHz
#SW in Hz

[HEADER]
@CLASS=	RADIOPROCESSOR
@FIRMWARE= 3087
@SPINAPI= 20191127
@POINTS= 128
@SF= 21.670000
@SW= 127986.351562

[DATA]
6059625
-1897304
4884501
1463382
4771717
2803125
1688560
4666239
-2540735
6187154
-2671545
3136930
-4058013
2949918
-5594902
-2399670
-3659966
-1285458
-1821907
-4275821
-895825
-3212746
2381046
-3223658
3745667
-2559380
3379258
259645
3302230
123958
688226
4198974
2291932
1588793
-243653
3491319
-2340860
3256830
-3174170
-668182
-2578508
1552066
-3158908
-1571218
-3419683
-1543938
1532035
-4036349
828403
-2539254
1584352
-3274298
2515046
-1922887
889883
1506887
1436732
1072887
524319
2933428
627008
3034297
-1648723
826696
-1441196
1553212
-1446872
-253843
-3529569
-558385
740745
75376
-606011
-1622524
1316278
-3823061
2069126
-2555794
848833
-425534
707377
-412995
419357
1296758
1174764
2007000
81398
-686579
-1288084
1848559
-1041516
-389624
-933268
831608
509591
-139002
-249841
-81819
20032
-509541
796921
-1697597
-588854
458095
952240
-576271
-779946
1072515
-176540
-419973
-402931
350060
550824
-570318
446311
199227
998617
241660
461179
414507
-549091
-368596
412024
-1013
-97463
740412
-141144
-433565
213782
2156646
-1141535
-497063
321287
-709578
277389
-772992
-1994548
-846691
-562746
-1049047
656182
1102655
1007062
-337393
1775708
-28563
885307
-397358
-433871
479920
-744199
231231
-1003151
997727
-317356
1350439
-172640
-946711
587461
-2618138
1745441
-2526929
-450853
-733602
1053988
517822
-398126
195237
291415
564901
2228643
351683
438306
600068
-256743
143924
142195
-27924
-620545
1356715
-820876
-1245749
1641538
553906
2096964
509908
1056802
-1831771
-17870
-568466
-700638
634774
576039
1147272
-77570
-440538
-1374792
151099
382865
-682851
-75966
-596813
-380978
-317810
578844
255707
127694
33786
-452989
530144
-224007
-257718
951362
-1302909
853927
-29301
-1545580
574049
-1487121
222269
-986557
521732
1039789
6642
-286735
554109
221811
-445107
938530
-1384962
-11334
-1227098
-17181
-475006
-1191905
2154523
306501
-2046405
1977207
-570142
-1013061
-701807
-571486
-323277
1010695
-1046310
-156853
318741
530007
492734
681896
82086
-1286996
923345
1209367
-1564841
