#SpinCore Technologies, Inc.
#SF in MHz
#SW in Hz

[HEADER]
@CLASS=	RADIOPROCESSOR
@FIRMWARE= 3087
@SPINAPI= 20191127
@POINTS= 128
@SF= 21.670000
@SW= 127986.351562

[DATA]
2080390
-353945
3881826
2567963
366354
3020952
668192
4527192
-4561336
4944784
-3113316
635472
-4110274
701245
-3275955
-3060323
-634795
-3081046
1749598
-3999538
3731530
-2506215
2614623
-2961843
3265808
-454614
2539616
1434622
-182551
1530633
-2125757
2086550
-1896125
1352996
-3096068
275116
-3809579
-1246097
-2193666
-1385525
-171568
-768768
-29450
-1512981
1479423
904603
2858528
1280385
2782052
28481
1974972
2046198
729803
2155742
811382
2198713
-902821
160614
216741
-923695
-1395790
-1564229
-1711900
-420063
-869082
-569025
817390
-1502617
-140737
-58664
-73369
-57425
-154096
348552
-1413053
-1594478
-514882
706126
-887881
409419
-112382
745407
43192
2095761
-1360157
-605537
-563451
-202714
262354
-668039
142836
730175
660651
-95264
914712
-243880
-946382
529391
413314
-802136
-263581
-1088566
946712
22126
-444706
52712
192263
607673
1066907
1457579
167751
481746
-364314
-1254893
1334319
51167
669330
1119897
274775
-430729
642339
-766365
-916510
-1574330
430328
-1277454
-164877
1726578
296735
141618
-1008224
846827
-985620
-1494082
-302471
906478
-646613
-672192
-272857
1788563
-1139896
841257
766203
-654790
8453
231353
1190721
681595
-837758
-175611
90500
-946076
902772
490385
55356
-826245
1071855
-111936
-519416
-1650602
-366082
-846952
-958460
279863
-536059
-885023
-1253758
178989
-577530
1066949
322011
-598456
-1328112
1144919
1170854
143187
70367
386036
99367
762360
-489871
1235708
2075338
284162
-309940
41510
387943
507352
754042
-183113
371354
101696
74488
834948
-114639
-150054
419529
597898
323176
-725152
-547425
764757
873495
-89945
-320873
-696897
-2132740
-53369
1394219
-294684
438422
-97768
172833
518024
527603
1349431
1727630
-1446352
-484208
-756962
-822960
670435
1110081
-273016
-1783607
-286928
-104590
1329957
368744
-165966
-285646
-1021161
-2002293
1110354
113254
1153536
-68646
73540
519940
-417348
594694
1597321
-310434
227764
1816437
631182
-791920
-430755
2050673
-724121
8127
728248
487264
-1341905
813478
3222830
