#SpinCore Technologies, Inc.
#SF in MHz
#SW in Hz

[HEADER]
@CLASS=	RADIOPROCESSOR
@FIRMWARE= 3087
@SPINAPI= 20191127
@POINTS= 128
@SF= 21.670000
@SW= 127986.351562

[DATA]
650369
-358242
1441062
1430512
1548138
715794
731024
2912762
-200430
1838016
-1323181
1865394
-569835
196290
-1336534
-1409504
-831370
-1665404
273651
-865975
-349266
-566077
3112674
-664948
796391
637469
1597369
1831022
744151
-271679
270504
1201798
205568
1167815
-2091075
332557
-1532831
1686319
169108
-1464054
-69398
237701
168532
-756436
194596
1065878
280207
-1042255
980275
-1435027
791257
-1573473
1442571
1571777
-1438805
1021873
-118692
176501
677277
515864
-258916
-99404
-1014692
194684
86351
-1050535
1521193
-833265
761229
-2215970
-157444
-715668
1183187
-888002
521744
336262
994551
-576603
1206128
-1493077
-450992
352003
807573
-306755
-1385713
90524
-112560
869732
-967705
1086852
-1103397
-627773
-364693
-608076
-662767
-251181
753945
-710374
415707
-2195063
61087
1093835
125475
65646
1533665
-410615
687978
1665235
2085643
991202
174224
87942
920127
-1034418
-621466
-624336
900866
-94679
-883551
-495725
46353
323877
137516
-374480
-1204984
-290044
256358
-239117
-1014090
-2489045
-1028571
298832
-158562
441813
-408969
-2039057
-1770027
1683513
-1716825
-952332
-452614
405294
-832135
280206
-704640
-86275
970613
1468476
488830
-106550
-1337829
-388971
1550559
913443
-545380
-1400206
-620926
-1185152
614822
812357
1418747
-1356292
1742629
31708
229510
-524880
-25697
242644
1990571
-1402584
999609
529723
-348802
54712
-415832
-1796415
233979
452736
-988407
854206
-2156604
-1043949
410610
92529
-699443
-1425411
617039
-491313
693035
1679147
-1477130
-214414
670599
-517314
-479075
307766
1500708
1188012
-815144
369447
-533469
994959
1128232
613825
456934
-1097060
1986804
1223152
214400
1111381
180324
-238296
1055026
-638148
46684
1364543
-77183
-1666083
-75531
-2191857
-250167
132343
1373667
-1871237
111645
-374781
-1194920
1123734
-514885
-495023
-98234
551593
-1946510
781846
704483
-26271
269739
-230826
-989379
-214800
655918
1595738
-866564
239415
-746324
1624963
237968
-9242
338487
654002
-787591
588614
882566
434790
446897
716827
