#SpinCore Technologies, Inc.
#SF in MHz
#SW in Hz

[HEADER]
@CLASS=	RADIOPROCESSOR
@FIRMWARE= 3087
@SPINAPI= 20191127
@POINTS= 128
@SF= 21.670000
@SW= 127986.351562

[DATA]
-4523160
498691
-2910716
-1923870
-2690844
-3528295
-351013
-5304791
2753812
-2313380
3253177
-2582522
3964339
-420549
3733039
2252481
2224336
3444128
-225700
4146053
-3403947
833844
-2478776
1999604
-4447103
-1699354
-2222773
-2263643
-2660797
-2682777
-432953
-4394269
752807
-2237402
1229875
-289117
3743725
-126764
1897100
2389820
1314219
2730721
-225012
1296143
-2288314
3580630
-858288
-56399
-1269699
-1843228
-2775011
-1573005
534242
-1092172
-1965556
-1691136
-760543
-1768223
635286
-105230
-669067
109772
2679016
3297359
933086
2240890
1151864
2311500
-875313
2197591
546009
-20114
502700
-170313
1126389
-1487463
-257866
67308
-752401
-1266154
-1473421
-1449186
-879304
-1333585
1999101
1576855
-342011
1010588
-566016
1302837
1140710
1762194
148177
-388232
1513659
660293
326754
621008
-566604
-623604
-1081087
383572
-551762
-1141076
-817037
-528028
-1807560
-1545567
1036481
-347366
85905
711056
-356747
-423394
903218
1024033
-1343843
301744
710046
669016
-225863
745317
933926
634435
1751240
762663
-62472
-346632
-1795844
632036
18403
-2301619
-1947138
-1224901
-411743
750410
-194018
516788
-807137
941062
-137439
1682156
89916
713342
522822
-604056
1819058
1424417
-20192
109867
-91861
-837145
-67228
-852065
302221
-1404846
606523
-980362
-491981
-496540
-907580
-306846
-164005
-1074010
-1866158
-1583675
137512
-75542
627848
-1390441
10048
-200232
-696742
1174524
-1498547
-1440053
697979
-911614
240852
-34810
597759
857656
-792172
198943
-801025
-84440
737777
628771
-1051339
-226535
412711
-1062953
-885609
119795
-267994
-638190
59713
-355587
-498321
592844
-343102
-694714
-194402
39145
-558146
-1293786
801820
-220166
1935655
620605
-486392
638102
-270569
300385
-174420
506262
-1144420
-77953
1367071
-262420
-1985676
-325219
403604
80295
104963
1380997
696529
-825988
-651516
467342
530517
541500
103019
-610837
-389834
864154
586708
-120460
938428
286343
-246211
-817190
1153358
-175094
1381699
-121662
-937997
-575712
171137
858459
-1026780
-1032699
-96342
-460320
1030537
1849551
