#SpinCore Technologies, Inc.
#SF in MHz
#SW in Hz

[HEADER]
@CLASS=	RADIOPROCESSOR
@FIRMWARE= 3087
@SPINAPI= 20191127
@POINTS= 128
@SF= 21.670000
@SW= 127986.351562

[DATA]
3364237
-1923484
2327830
822461
593026
-55917
-558581
2331739
-1109479
2204610
-399350
1845536
-1333106
2304667
-2472269
-1995283
-637495
-2623893
-1072097
-3236837
150032
-3613135
1372284
-143089
-496423
391566
2258796
2012071
2023182
1491868
999945
-927359
58619
954995
-3436273
958577
-1965364
-826743
-1550246
1329974
316782
222241
693628
-410022
1090520
-463857
1653115
-1509327
-639695
-1778861
-1376610
846668
1478965
1330248
-787373
2305098
921445
1363168
734207
-899248
-744700
-71141
-118665
-2227993
-1031675
-531140
-1603422
755124
-316551
-217018
951182
2592600
2276192
-562465
-630246
-700219
189522
-595158
-713565
16301
-2657645
-213462
-97988
353038
-745121
1767561
172316
845657
1958844
-244364
-1018777
-822733
319781
-1817981
122249
231379
-1260353
-700622
890204
956827
-53485
852315
624878
54202
-356674
-757755
-609218
107427
-604014
-1062341
-1012168
-2114794
-1738341
347594
-303382
23596
-732623
1453154
-527686
592443
-261080
-161222
779504
-424129
1039891
-1659593
-147988
-853940
-48118
228265
-2793592
-8524
-45518
1344890
15314
1146082
-459589
94019
-89265
14476
516024
-951678
-1485309
-833472
-94088
-917372
-222477
2043258
-970717
777659
766788
222542
545785
930149
96693
-424719
-943637
510379
-1731131
-1385277
1022290
-1071981
142383
1694493
-923599
-13231
1548383
419259
766538
865961
236831
-1443948
-553376
889363
-1356278
-1746331
288110
460715
26781
622182
-190383
-2058313
2401898
892943
1160922
276145
-1013464
-542553
1712526
456192
-893245
-342977
-2154216
-1023294
-990173
4597
-616255
407096
1187214
1623017
251344
1156214
-456581
-282167
1621225
1064683
-869269
-7676
-1504027
855512
14508
-407211
-349768
917276
1126476
1415958
-423428
-790077
-326601
-1980148
-873290
-403927
-1658989
-954236
-820371
705374
-1261886
-173758
1479929
-426812
1209770
218726
-659578
-1053814
1994109
-44215
-213356
-525816
-1133633
-436347
595158
906708
-230904
999164
1281264
586003
-179769
-1364053
-286581
-747377
136786
-274610
-342999
-361247
-1870
-831818
