#SpinCore Technologies, Inc.
#SF in MHz
#SW in Hz

[HEADER]
@CLASS=	RADIOPROCESSOR
@FIRMWARE= 3087
@SPINAPI= 20191127
@POINTS= 128
@SF= 21.670000
@SW= 127986.351562

[DATA]
-4336512
-144011
-4202478
-1212250
-2266554
-3375346
441306
-4399924
2845614
-2305843
2732652
-3303610
4396670
-426503
2285910
1732664
1137113
1828644
-337523
3789133
-3110028
3038365
-2857676
2432286
-3696878
2511453
-1410033
-1159669
-1307975
-2008523
-1579689
-2789758
1923929
-2946864
1202045
-2319432
1775091
-1767128
3629704
289370
624650
3174076
993776
1809772
-353224
2523490
-65504
2861818
-56388
87309
-1198863
1279729
-2939565
-905856
-680811
-3307042
-152135
-1171937
581644
-1367797
442477
-920985
-390742
429252
971872
229750
-311888
2373177
-1021951
-910409
1525396
39054
-1133043
621619
-67124
-416849
-104677
-183925
-1115968
-1148361
-1063614
-1120822
-801296
-908987
-56827
-808386
-1002980
873328
1255775
-378742
418255
-27868
-840319
581179
1079374
703402
-38676
700337
260207
-343241
349868
1142321
-873363
456263
-857516
283350
-920925
348911
319896
-613266
-1107358
1025216
-992375
-653896
-416085
-1053797
681162
704098
511275
-376835
816955
-693323
1000079
1241993
-491968
-179928
235894
638989
-1586898
638370
-424398
-101936
-544121
-5349
-750691
1770350
-241895
255720
-558523
944990
899775
-381546
-497168
-770735
-285613
-95
2206439
-378139
-252606
1020394
-449109
-231740
196121
-577784
-2352682
-123889
24662
-1205509
229067
1198345
-39842
1172449
1667788
151914
-64950
-272080
-931327
-1582071
1348000
-1537040
-64033
140538
614503
-87387
725081
-418809
-277814
-203397
-372594
765657
-468352
1256854
-1403152
-1064153
274240
-313056
-511108
-623476
485300
-366976
-4271
100596
-1089271
871639
235155
-111790
380227
-1902
-174554
-720244
-448056
-427366
-1505564
-876512
-439049
-147769
-2012186
-805782
501276
1204085
717971
1694455
-1129852
63622
1716077
1117043
69268
465741
688188
-320607
854290
1269218
-1293461
-520559
482017
1584134
-352953
269208
23369
-642758
-791263
508095
597714
-1244500
113258
-1240906
-2338464
1314736
478331
-977531
348251
1047903
-2092499
-564014
-185570
-1027824
-666979
680551
542579
-35829
257482
420865
920377
461353
549254
293399
