#SpinCore Technologies, Inc.
#SF in MHz
#SW in Hz

[HEADER]
@CLASS=	RADIOPROCESSOR
@FIRMWARE= 3087
@SPINAPI= 20191127
@POINTS= 128
@SF= 21.670000
@SW= 127986.351562

[DATA]
4494339
247069
3820028
268091
2675371
4184539
1089148
4189811
-1541472
2103972
-2959668
2675472
-3982440
1107247
-2730710
-1928082
-1354341
-2598548
-43405
-3321890
238483
-2944457
3071665
-2057260
1596521
-609726
1796744
-211341
2383965
467041
-288213
1566214
406508
1171552
-547870
3224183
-915020
1017255
-482547
2851
-3299343
2048351
-1617491
-2592488
-828830
-2011708
137751
-274407
-398556
-2584199
2307703
-61212
1766737
-1834036
1701696
-817899
1516537
2312877
-1631851
-1339618
66617
-111663
-939081
1808954
-1818039
-1212717
583952
-816124
17028
-636031
906803
-2641475
733189
-248591
-1062518
-1485071
847610
1033229
1310695
1037525
215242
-1533976
111295
-1248538
761587
316294
252191
-477735
1881271
20197
-329113
829052
-1209614
271198
596542
516024
-357127
-462556
172489
-1370930
-47187
-1040534
-232115
483989
389844
-1090205
27287
481627
-332149
773529
-504416
-805315
1330013
342787
25122
576270
-697180
-666330
-326211
1701286
1298051
-505789
-234660
-83361
-540837
696021
132770
222868
739576
606237
606780
-75400
143617
-1045091
453862
368819
-767334
-413558
-743028
-722954
-503956
-392531
641743
-787689
882154
-669643
-603245
74608
109361
-620261
-1069511
-14247
-417335
295009
623950
-1170135
582266
469748
-1067627
-441631
-340677
-972633
331216
1665392
-893710
574135
-977099
-376049
-341203
-17495
-88581
-1050330
854797
-506809
980121
745656
127757
482406
1244538
461742
-1099731
603983
-1767521
-905968
-1262802
-2208676
-1232345
-310272
310039
-1225796
1173996
-620417
-284686
-497175
-280941
251745
81185
31458
52221
-656091
-544803
-1352853
-1195994
533986
-950541
261060
1339620
45679
218937
924209
967958
-297569
-111080
1483213
-1889197
-1444669
-105752
-698673
-685852
585882
-1726330
-345932
741825
1733427
87523
875534
872751
-1021820
838252
329091
-352992
115090
-1965636
-1251412
504923
518608
-1403646
1339707
444013
-1142847
2399459
-489638
-873375
-1005334
-1010314
-582059
217179
274437
52597
-683012
597000
-261123
-121037
220701
-434098
69630
