#SpinCore Technologies, Inc.
#SF in MHz
#SW in Hz

[HEADER]
@CLASS=	RADIOPROCESSOR
@FIRMWARE= 3087
@SPINAPI= 20191127
@POINTS= 128
@SF= 21.670000
@SW= 127986.351562

[DATA]
1139117
1315833
3417047
951708
1367927
1521975
-1138875
-408225
176543
2761630
-3040748
-24606
-3193054
-70865
-2536254
-322878
-3027764
-3059249
607035
-335459
973205
-2254469
1066910
84952
1293997
155827
1359038
16205
229507
2487507
72043
393767
243813
-662882
-1125959
1205876
-303870
-121987
-2454799
-942770
-1169371
-1048035
272787
-1328136
-733301
-1270640
1889014
14882
158885
-559945
985996
1486206
-123021
2030386
-324518
281705
1508572
1499707
-435890
-884031
661814
2167809
-1689124
40394
-1153455
-1351667
290525
-1025991
774543
720874
1853808
72056
592707
1245154
-845902
958202
-718582
414793
945366
-2201741
534061
-1716293
313596
-911962
381856
-687382
-1716385
726276
-978518
-677187
-1071909
165945
-686137
1374581
1012382
2313311
-264510
167775
345299
961623
189063
-523139
410815
-1053137
-407033
-953296
-747499
-128192
696743
223701
-41034
-360558
-3367
3172560
139008
723884
-636986
185783
831765
-193735
407371
-689169
-711928
-119985
-1234521
908777
532152
-540885
-311253
-165398
295517
937119
116861
1622786
325901
854792
661164
26296
-877137
-1231451
494204
607312
206331
119585
-298954
-191590
567088
-243383
-1171031
-1243309
555737
-756517
145267
-219111
-22552
171626
-1218087
521590
-300260
1836136
118991
-1120968
-91922
-530362
228546
-462872
291306
-596505
-302903
578096
-119508
25775
-16658
-162175
-151265
-343365
1456622
418325
1246538
1548153
-558983
440001
-591107
109262
1240586
-1399845
437120
-449059
-434119
307461
-905590
-864155
629853
118037
-1068192
-1213790
-261386
753741
492920
369785
135513
26389
-445023
2690517
-950248
-348793
525927
777113
542236
544154
1322305
-68026
1755076
181952
34420
609039
523775
234408
-1823164
-958237
-627381
598928
-1518385
-846665
-604156
295835
707364
-1327644
2339584
440891
445567
-208727
495743
-298571
1208095
-1060546
1172119
-1252088
-740260
844383
-17333
-351307
-1042982
498751
481993
-1260200
-983451
-73924
727410
367798
471882
268660
1426178
564848
654435
2379472
