#SpinCore Technologies, Inc.
#SF in MHz
#SW in Hz

[HEADER]
@CLASS=	RADIOPROCESSOR
@FIRMWARE= 3087
@SPINAPI= 20191127
@POINTS= 128
@SF= 21.670000
@SW= 127986.351562

[DATA]
6072343
-975959
5868466
4533496
-50524
5798856
-145135
5458810
-2586542
5152052
-3807408
455279
-4165905
-457798
-3285894
-2069531
200707
-4599366
306260
-4707720
2766438
-3429595
2742028
-1984454
4068738
2271313
3064169
4881758
760429
4219868
-1460377
4761252
-3779778
1032774
-3351663
2003719
-2183965
-1787548
-1487778
-2165342
701812
-3868872
2013311
-1789629
678853
-1886830
2041490
365204
2209319
102620
1299266
-267169
1221853
1662306
-1084956
-493259
-1835812
2070521
-1841638
362910
-467844
43003
67140
299643
1022008
-2641191
50196
-1378606
-27921
-989787
1160805
-225906
341671
-2044751
1410497
-532507
-497099
2372802
-2135377
1968404
-448301
2732167
-1347689
1540693
28370
-8923
137747
2136452
43479
-1600994
603023
-561331
160184
143202
-42740
-207043
-533920
72917
-34215
-1162277
1689558
1387544
863153
716590
769749
811828
-849838
1197191
114472
-271851
192161
151270
-1561016
105954
1320340
-1160257
-1464934
383524
270816
-605403
-182154
-947672
-1426873
-1053142
1534153
723937
163352
-239069
1079862
-1745099
-644744
1953531
-634139
-987899
-804363
-222917
-1887464
400738
558605
404237
-1447657
175828
1040516
-29799
1479845
1788227
-773856
-1860419
1861094
-17764
251753
55057
-44992
-1572107
498917
1930787
1184154
1494346
814041
578289
39172
2193886
989065
-516025
-647331
-634273
35730
1750962
112258
-1744485
-95973
-1907168
-2107140
680314
764220
-687082
-1002285
-182826
-835067
934203
2073573
477516
-1550477
-625907
624500
1857748
573278
289585
1339732
-903523
-300292
1426515
722095
-1046996
239885
-1728182
-1353629
71078
305270
-181560
-745048
-2107152
396338
-506756
-1014865
1699077
1539050
1533787
-400020
1505545
840690
-1174931
1411758
-1149117
-735161
-1022646
821377
-337043
864428
-66724
-1136248
-446186
-657758
919747
-874614
-998052
26034
-63214
-222203
1741706
2280082
-420732
1868261
646799
350687
-514609
262865
-1873476
-2034148
-2835123
-195683
-32733
49249
-870702
-1305824
730623
-217484
465910
640175
396465
-1764708
-669490
1873253
739551
1190091
821148
