#SpinCore Technologies, Inc.
#SF in MHz
#SW in Hz

[HEADER]
@CLASS=	RADIOPROCESSOR
@FIRMWARE= 3087
@SPINAPI= 20191127
@POINTS= 128
@SF= 21.670000
@SW= 127986.351562

[DATA]
3180209
953451
3539482
62166
2492924
2105587
-152383
2939564
-1217451
603007
-2606089
863254
-2445877
-1177140
-2439670
-624956
-1679696
-475172
-160864
459373
422444
214860
2518991
100327
1565391
798695
1931029
-356669
1242733
877773
-721473
-984945
3883
-439090
-2132652
-880883
-2905050
405053
-164931
297630
-1049620
-1439928
-491480
476480
975168
75143
1281807
52025
1396182
1141144
578392
466934
-126326
645520
251366
-340173
-1071542
-58463
-416765
594890
-1075466
-118342
-2128458
768261
48482
-1516945
-55059
1091957
-1240990
-63861
486546
628178
1524362
252749
-362854
-586832
-1633896
-84822
746078
-609791
-81933
984655
-155783
1244957
-1218810
213316
-825195
793615
1329646
366384
-1853002
-182178
-82030
636850
2671168
1720879
-798757
-1927893
781301
834729
94796
1844195
-1092317
-1194175
774628
-171391
-393546
-203718
-693717
-496829
-973334
947209
-538412
2364
22324
141083
757376
973469
1851228
-968710
636940
-1417841
442066
-324206
-239547
-517955
-1097288
-325030
895082
260456
-815310
36513
-429320
621273
-119024
-40520
-1026212
2545861
1101204
-208159
583606
605827
88524
485822
821748
-1972726
400160
-1278319
1152128
-947872
168462
788581
-854942
-401079
-614691
1296855
48634
1763669
-1115168
-588805
-716251
-409293
615620
-1218199
276021
-1121820
732620
568219
1719188
-759442
-1489817
886992
1024142
201849
1023656
-585535
283600
879562
-628435
-381694
439838
207918
104303
1109988
874073
1973110
139060
-1187465
-15261
1417330
-1094539
1570941
2291696
-1134067
-1619148
626374
238274
104554
82709
692053
-1303898
-353693
763280
1392433
1678070
630127
203414
404756
-205588
-1312957
740382
-912134
1266898
660085
-1385230
477861
610814
703419
-1853908
-603382
707478
616008
157884
116113
839050
-314664
608417
-76603
-280500
1106422
892851
-1603702
-482325
590158
212515
-887981
1489078
-581110
-1387817
634150
298149
53672
-95652
-809596
-1564114
-1043276
784377
946248
428037
-16777
634777
426605
1839508
548985
-1067437
-1180292
