#SpinCore Technologies, Inc.
#SF in MHz
#SW in Hz

[HEADER]
@CLASS=	RADIOPROCESSOR
@FIRMWARE= 3087
@SPINAPI= 20191127
@POINTS= 128
@SF= 21.670000
@SW= 127986.351562

[DATA]
709144
798818
610211
144555
-1350830
-1430243
656880
-489008
1155152
214063
185003
-462860
6054
1002233
584461
213348
1154389
962041
940834
214594
-460838
-100298
866833
-54354
-218402
-879511
-212312
376566
837252
738992
174219
-698734
606757
-48758
377993
-2331916
-857023
-1433011
1576415
1327613
-583957
503457
707533
1400218
350098
683795
851425
-381575
971715
909185
-1405321
-1547102
-1859672
590202
-609830
475115
-774671
-270434
1612972
-756041
402764
1088492
-1368806
-205992
199921
-2446
-319701
-149853
1277781
-897274
616896
338791
-603321
-703471
1207838
-267024
-427368
-676163
-676468
-274064
181603
-621164
-919172
-48421
-923133
-848724
448104
-131063
-477691
509070
1060491
-1404090
-498552
727670
254404
573339
-415527
98068
924322
1045893
502946
-1294953
34307
523331
491909
-449312
-1415634
-1067286
373634
1209149
550041
-1001961
908584
344968
-33046
1012631
2099425
-366545
-185309
-639433
-318688
439888
-779558
-796734
1304732
418971
-255258
1261108
1478791
-689240
-132366
1082606
-734627
-1139549
953569
-660079
-119332
536072
-112484
-340877
338148
118878
-610136
69093
1427806
-534807
462643
82838
-785051
-1048564
-382197
361088
-1630217
176452
-999762
-229363
363784
227202
-59492
209726
594220
-1383668
625934
893517
619616
544014
-13364
-1441410
1939156
123854
-1542178
1369831
389976
-760765
298738
-721223
-487941
-1013308
486091
376330
-1541909
-455225
130123
-577675
1325146
455359
89897
-235548
1311929
-494827
768228
-105007
-87940
-467729
-24705
124643
-1483674
-200907
358333
-1123070
860736
-420923
532879
-1261295
1960164
455837
-338785
1595798
197546
-671256
-125835
1677052
-843664
1218541
962856
-884131
-111409
903812
-61459
-5199
888283
-1487574
321138
1283748
-1012911
-349472
195059
162715
-1160890
1397522
-261789
-186498
1169714
-207837
331089
-1235287
325322
-1481250
-97139
-634768
-1033413
1101325
803775
-397922
127682
-563325
187831
-599185
1089685
-959332
-780126
375654
502441
-693855
-58030
650468
