#SpinCore Technologies, Inc.
#SF in MHz
#SW in Hz

[HEADER]
@CLASS=	RADIOPROCESSOR
@FIRMWARE= 3087
@SPINAPI= 20191127
@POINTS= 128
@SF= 21.670000
@SW= 127986.351562

[DATA]
-2705369
1250979
-1926842
-2586440
-1268672
-602810
-1485294
-2121549
1029833
-3210471
2066194
-1772804
1599651
-1141436
3715110
618416
2140999
880241
1139338
2646946
201128
2085928
-1688801
2233729
-1422445
3132179
-2212139
423345
-3003385
-157328
-1153715
-3786362
-290876
-2428379
1477416
-1813983
1797550
-2862032
2803943
1297293
1339790
1330969
1014754
2748598
-1584012
2367987
-1663230
644003
-1393044
-561233
568574
-1176801
-790966
-695233
1340536
1544308
448090
-1310612
-400055
419589
163851
755401
-472592
-1011239
158404
576219
56519
-1065075
48600
-547803
1894958
1239787
36231
-25546
-292329
-129758
828746
966364
-3128718
-57225
248340
-767750
-1602844
939586
-522112
-510685
1360560
981128
-393954
489744
1627220
-910309
1407710
-660638
-1321439
552667
-1934761
-562167
918575
1259119
-1476601
58412
1124183
340362
1800323
510657
607704
-29972
57500
-442643
-2116537
-362077
-1757401
-559657
-935201
-141825
-286757
-128601
1242456
-699053
-164663
787651
1013299
-238750
815646
-635493
-199307
802479
-202235
16993
-1226216
834445
-1272496
150269
-22869
30454
-214786
227837
1898050
-699332
-142878
569315
-1238235
591518
977041
90488
-133721
1052297
-173616
87749
877345
-627997
-1815049
-1493023
797081
-1267531
-450652
-544048
-2297765
-1627433
1657796
-351762
-1449385
456009
68903
533566
1614900
-1274545
556294
-237202
-71472
-1623944
-794495
-348615
-10441
-1231989
-559977
-1616214
-108879
1364490
154617
46430
-646707
497518
-86008
-1140011
521618
-865828
-138369
738200
-1884874
33128
-788947
821071
302704
135208
-902899
1237669
58216
-1208173
451727
-118127
1067703
-1344018
-900526
395787
71290
695463
-648237
-215044
299868
-8624
849644
2166873
491412
-366968
315088
1037363
438253
694355
-380589
-965619
-436698
277426
-1179782
-245097
84111
78232
-792795
2088987
-1289782
-490228
-51744
416694
-1048161
-217206
-769446
-918027
136
-290826
-162157
1051940
-734089
-632404
250919
198114
-393826
1051951
-1671823
-669085
717296
-184441
-345660
-366539
338615
196449
