#SpinCore Technologies, Inc.
#SF in MHz
#SW in Hz

[HEADER]
@CLASS=	RADIOPROCESSOR
@FIRMWARE= 3087
@SPINAPI= 20191127
@POINTS= 128
@SF= 21.670000
@SW= 127986.351562

[DATA]
15877625
-2569202
15862683
6357498
9473283
13733421
1652295
16328908
-7705789
15440486
-13010532
9078469
-15481235
319073
-14164530
-6887393
-6784463
-12699328
-78069
-13612318
6100271
-11533696
12204924
-6720544
11984164
1096343
10153992
5942808
5710543
9769267
-1259467
11550489
-4229109
7637672
-9386016
5188340
-10253242
463868
-8018469
-3125316
-5338044
-6152109
6952
-8290731
4736430
-6929771
6065831
-3976312
7708588
-251913
5145609
3261392
1857031
4838292
261559
5642888
-3284188
5016718
-2857475
2381161
-3494083
1215821
-3880232
-1350695
-694786
-2065379
-890562
-2511869
570900
-3102862
949738
-1516545
1784401
-975769
2591552
97782
1654265
1373162
2069006
513886
277929
2499927
-614977
1689931
-474207
2037240
-1873310
1067705
-1440792
-683264
-1131038
-365736
-893127
-783900
726676
-475121
-201940
-1806560
-156499
-1422202
1375716
-1046294
566996
-937854
1277158
131602
1384571
690723
-29913
982285
-623737
811531
-866428
729682
-697958
-35840
-737308
-547081
-605745
119183
-411578
-1832792
-348127
-154323
-55827
-577178
-98192
-1224056
-142154
174368
1830674
-39294
578001
568871
106271
391131
-280198
513008
-1078109
735028
-348569
-46277
-219397
-314277
-506963
784518
-87189
-462296
79065
-111420
495669
-426331
931568
-385075
584734
-965672
724048
-323322
206126
43890
-974447
31162
-223474
802471
140355
128170
-48323
-141737
213469
-84844
-237676
-372949
-208797
709
-19696
-109995
152841
-343028
733142
483919
327741
230530
55962
275955
354661
51723
-64255
-151300
-38245
-173793
-57452
595000
503672
-459071
241929
556855
-687407
51127
-30951
284324
-45928
576420
-377818
-742427
133457
-242519
-770198
-205
41431
151757
377688
10747
-128932
-424792
-80172
1040944
-511664
-680790
-411530
13923
-80816
47945
67422
118387
506226
-63114
-438626
72898
124771
-596524
253210
-436141
-536423
-475400
-329856
243539
706446
405202
668580
117920
22633
668626
-714352
507963
223999
423540
-1074541
-646486
385163
580961
1082800
-183615
-237254
-583564
-473342
206315
