#SpinCore Technologies, Inc.
#SF in MHz
#SW in Hz

[HEADER]
@CLASS=	RADIOPROCESSOR
@FIRMWARE= 3087
@SPINAPI= 20191127
@POINTS= 128
@SF= 21.670000
@SW= 127986.351562

[DATA]
3508000
471342
3735353
461933
2783591
4200483
-3001582
4766834
-2421756
4776111
-3525405
2603454
-4497944
-720600
-1598900
-91482
-2176879
-3831345
429436
-3508528
1409338
-2711016
4405897
-3023559
3915827
1343913
707835
1463976
2060860
3068183
-2218760
3121748
-994510
292247
-1853664
652357
-3218222
-1032300
-3197728
-1517287
-1862846
-1636892
210307
-2405380
1366924
-1205260
2987030
889210
1753392
1881110
2904447
-144566
-952518
2725794
831525
377928
-1303171
399197
-1364910
-743460
-230802
1422335
-931867
-1197772
-574174
-1657732
800072
-1098610
633426
-1640305
162307
1697254
-141181
192611
1511353
1032864
-492311
1072654
1151153
201556
669538
2713338
-125064
1172924
-1014834
1513966
-1201497
939814
1499179
-1816187
-1186638
1429235
70573
-638304
1351098
-588033
-379895
-2014262
591155
460657
92870
1640661
1456882
-912986
-1474582
837353
-417882
-45932
-990062
697241
-106094
-533996
504631
534181
-1340189
163175
1342826
-1103972
238263
-499320
-177314
-1700120
1138728
1325327
-1327194
591143
272386
493640
-1365034
-1636770
28942
-441375
-550008
2724606
1011640
317466
-1272482
2416380
-622422
-1169534
738495
-56267
-430287
-249224
1097574
-502271
685982
958972
1801683
-957832
1334463
403333
-161676
-560552
1087279
934730
-195910
358172
177198
-1465661
-1717037
1236122
-1154195
23013
-902060
-314322
746360
-647994
1269904
1543358
-605311
955354
858007
-1598708
-779208
2183043
1075927
-1557427
713569
-202226
-1395141
-231171
1609235
-747737
-793791
88056
-829888
-1302837
-824137
-798586
-217127
-2493688
-1829918
582301
-1369615
1106445
373367
1138205
-1116013
2220070
1298262
451511
-111581
1079182
-540177
357621
506233
735544
793482
-248476
325919
835470
151098
1222282
1190775
-1339457
-76961
-1715463
725159
-2203501
-259853
-178474
-1651528
-1378835
-408527
-296016
-1103653
-13085
-695069
-838085
-233931
1919455
152258
1778638
1677403
1046313
218408
-546054
2242244
821732
2157896
-432038
1749383
702294
-1004393
-534588
955357
-338610
386582
-2169659
726633
-2185760
212501
-42772
-12267
-783043
