#SpinCore Technologies, Inc.
#SF in MHz
#SW in Hz

[HEADER]
@CLASS=	RADIOPROCESSOR
@FIRMWARE= 3087
@SPINAPI= 20191127
@POINTS= 128
@SF= 21.670000
@SW= 127986.351562

[DATA]
18176534
-912130
15006546
8662585
8929598
14252299
1632086
17577231
-8191233
14900356
-13326167
7602234
-15507741
1042152
-13383130
-7496531
-7740715
-11859185
-897352
-14358937
7583902
-12312657
11321398
-6113236
12773686
338502
10128901
5598997
5881419
10498049
393782
10579449
-5273650
9246600
-8124647
4435886
-9503601
184748
-8821048
-5566014
-5205339
-7627533
34598
-8222818
2929030
-5601883
6757118
-4433362
6277773
-234594
5573427
3176890
4006127
4643096
-67232
4840629
-1509591
5120300
-2950988
3973979
-4542439
392599
-2799072
-389970
-2969805
-1894247
-724360
-3374392
1334890
-1479834
1620583
-2555831
2408780
-1519762
2733782
-387495
2436892
468403
877688
2012393
218794
2017273
-967748
1808657
-1874113
1443937
-29706
1469257
-1620237
56696
-1296511
-131821
-923927
-1286435
-700408
-1469574
71462
-1419612
781016
-1328091
974869
-871714
1127776
121960
428908
1022664
718434
840282
281748
1057189
-182402
515044
-620990
627070
-1350749
395374
-452057
94638
-121359
-595259
-891848
-1170099
1257537
-642294
814678
-1058986
1576526
-520221
671650
19248
578573
798978
192132
528796
405295
603590
1114799
372862
-1150578
677085
-393796
99657
165782
338218
-273486
-129052
532541
-1292596
-755156
-645553
-16911
-1171378
103795
30912
-901179
56656
691788
622659
239186
779033
-472700
612950
-236510
41842
-422665
157867
36081
-98313
-415810
-135143
-200106
-422794
-349487
234811
342042
457528
530240
-91200
-278345
-606022
-58402
-422577
502015
-187278
-800696
-215762
504145
385245
-536741
556215
-265514
487891
26138
96034
689688
-664524
395976
871541
791314
-366188
386462
-593839
-462179
-128736
-1540224
-1181225
220170
158730
-305098
541978
-61158
-112043
-1309820
1909035
-148415
-676968
-49758
-83112
234869
-339932
1053530
-746007
4284
-356878
-92474
547019
157759
149354
-733762
172919
182768
228616
702526
167046
247332
170439
450588
-439048
-141875
-15153
729002
800607
-176878
-917060
-312833
-799747
351627
-688905
-175650
230722
-269031
-378707
-358524
112784
-202941
-1019905
