#SpinCore Technologies, Inc.
#SF in MHz
#SW in Hz

[HEADER]
@CLASS=	RADIOPROCESSOR
@FIRMWARE= 3087
@SPINAPI= 20191127
@POINTS= 128
@SF= 21.670000
@SW= 127986.351562

[DATA]
-3527948
-10688
-4910837
-2351798
-2531349
-4138172
-1260853
-6090738
2173140
-3990436
4605554
-1120644
4437612
1553784
2611704
4118674
3152677
5839893
-1994963
3864232
-1557625
2947521
-1926593
1929350
-2157101
805261
-2723307
-1963008
-3029027
-4119566
1228327
-5453963
2459187
-2440976
2275400
473658
2761325
1593422
213679
1918500
-1689436
1601991
-498825
2918270
-951582
1908304
-303085
1207443
-1691740
106500
-640899
-1828257
-2153442
-797757
-303617
-2235184
1157095
-2894808
1640507
-913445
817186
626837
227725
1901531
-111831
1378606
-2086519
2917460
302278
1649396
-1498241
-485201
-370523
1347639
1469701
-293079
-1514488
-836806
-523968
-464135
1580852
-2981521
364925
-1755331
848776
41072
386201
367203
-627124
-765558
-1309053
2305495
281533
-53799
364797
-8792
1190933
2874204
540264
902440
-744714
406212
1733790
904524
1138734
-506047
-447136
-2268754
-157892
-955269
377590
-124974
-2262019
192736
-1315168
298434
-478909
-221959
-425919
913449
155867
382317
-971273
942557
1659558
610508
-647410
429039
-1023512
-695082
666036
-477631
976394
-1003243
22324
1145473
-605280
-1845719
-266934
-572715
-2703788
-771706
1800901
786355
132255
-23380
18309
1742951
901254
838381
-1232473
1710318
255959
-181152
-169973
193516
-200891
-362343
335817
-232253
-590929
-1080059
528712
-776292
84552
1020
1997754
-1032360
-317772
-575896
-1961990
-624597
877007
1061125
-1237783
538433
-577962
594451
614718
376482
1355852
-14175
1397948
1281607
-428126
-252310
110375
-1200734
110613
-501163
209719
653852
1215018
-393198
-1380961
-47125
284140
957541
-1430275
-653255
137665
-1765731
135941
1086814
-326920
575884
479080
1373061
-1334479
1504108
1370140
267407
98512
210077
1250946
-528880
566273
126142
-1156555
1227342
-1063302
94833
-2738871
-501294
-1523381
-978131
869221
2003146
-523536
621674
-1145463
-406369
-1359922
2432988
-502274
-405281
1959748
-388477
1107543
1581971
2334205
-99051
55317
1326239
-714530
-1073587
-208254
-58768
-185643
-1066816
-157690
-585566
-1816828
-679624
528940
-333124
