#SpinCore Technologies, Inc.
#SF in MHz
#SW in Hz

[HEADER]
@CLASS=	RADIOPROCESSOR
@FIRMWARE= 3087
@SPINAPI= 20191127
@POINTS= 128
@SF= 21.670000
@SW= 127986.351562

[DATA]
-4886152
-36603
-5219220
-2897629
-3681508
-2400284
-304082
-5045624
3296431
-3471115
4423597
-1043564
6240674
107856
4914597
976628
2101588
4666468
149541
3891099
-4253990
3847846
-3738825
1522413
-3690109
879234
-3072634
-810134
-1732534
-2179613
-5687
-3008483
3473522
-2968223
4168212
-3037803
3969637
-306611
2401922
2134970
-368541
1682488
-1752183
3321094
-1684134
2220349
-3381381
1092412
-1255177
107595
-993389
-1471296
-243019
-2999072
-99556
-1850049
-833812
-1669516
1244679
-910955
1237907
70223
2820533
321903
1966565
1893833
417796
1782560
448939
1455810
625626
797478
-252129
-1466928
-1735066
-1245621
-244579
-746044
-874814
-82299
-113650
-288172
155348
-1676553
2095601
164693
826973
660797
110384
880693
398569
1526593
610568
-74139
-391780
238801
703486
1095568
-951620
-2119295
-934376
-886032
457496
268379
-329863
303183
375597
-467780
1558092
-495611
-220987
-664411
-513503
-622166
292748
146335
-1429925
-1030051
1628903
826600
19736
1090823
-292550
955461
2016134
1237704
404395
-938118
1191559
-1347729
-1352759
166308
-569238
-2514564
-754405
-401172
552768
745161
596001
925651
-349710
1231208
1393975
-1865846
-1029789
773158
-375644
-831269
728725
-410097
-704280
542757
844290
-1004365
-645827
115061
-968705
104264
1088071
-566826
131630
915657
1350092
531574
-1350952
2487291
-579093
-494807
750045
-1317196
-1000444
-1111382
515992
-809599
-1793829
1026523
-2121219
1344794
-293302
524072
-875257
-1025183
780595
-791263
497690
-137763
-162063
-139353
-498829
737135
-208034
-1524569
-918754
-51717
-682756
1264145
-1095194
-596541
-637085
1073488
-226072
712430
2846
517452
1118850
23330
235679
-491670
-64581
148745
56407
-388544
628258
335956
-1220000
67107
884255
594119
-56319
722916
-1175613
-1274819
455854
-1177017
-235344
212888
-671840
-742425
-208277
798410
536991
-708136
-141905
-20041
-696532
-924428
-1378474
-1088242
-661382
-323658
-11204
1328300
-328671
386924
-605705
992221
-576322
8299
-728987
-233390
227620
1508854
-482885
1021156
1972677
-1059291
