#SpinCore Technologies, Inc.
#SF in MHz
#SW in Hz

[HEADER]
@CLASS=	RADIOPROCESSOR
@FIRMWARE= 3087
@SPINAPI= 20191127
@POINTS= 128
@SF= 21.670000
@SW= 127986.351562

[DATA]
-4862470
1539767
-5080624
-1347120
-5207770
-4773847
-1385039
-4648473
2083935
-3616893
3275445
-3798061
4836700
-2136849
3763957
341737
2165271
2822045
2621537
3069119
-1817649
2004379
-1210833
1251408
-3760401
2205824
-2768850
1685038
-1311324
-632236
-2460194
-1065880
-447181
-2752664
533392
-2556895
62006
-1745046
2067854
-1486033
929651
1972977
2162409
948952
2759697
2988873
1136846
2698663
-968831
1339076
-1992621
163892
-2295715
-803431
-2529949
-2595451
-1165953
243585
392802
-2280852
1407881
361275
858412
300312
1569277
-1047125
1754424
1016413
344230
-1470368
472321
-914495
-1193467
55420
-684938
1088227
-680165
1226803
-192407
954134
-895661
481585
-472490
-495011
-53953
-1413169
146719
-1859498
559837
-1652287
-298145
-833619
-351814
-497224
430178
619709
-85402
2689450
1282525
-803837
756046
-252382
1460112
482907
240467
-1346221
-1400983
676057
-1800153
-457329
402364
-678130
1191828
973326
1039127
-1872428
2520887
-1099385
-673266
215343
-760963
-2043482
-579494
1169278
-1418637
1486095
1464679
881725
1002190
1269121
544118
574597
1391458
688044
-646575
-431093
-1714449
-650195
-473076
591477
-1408314
-429978
526748
366961
736827
1306759
1706388
779956
3525257
-1059229
1288610
-812669
-120384
-81318
1125323
41961
-2302542
-113603
-342361
740435
444280
358325
-297591
1293593
1050910
-667296
1206436
-668184
521446
849690
100553
-550090
-1766730
1120441
-610213
2135556
863683
-761886
-252488
1037745
-234454
310346
720986
-226362
-20226
-1541226
944228
-2333646
-1849336
1165211
-562746
474134
1704607
468718
-1163440
1033137
920397
-1131475
-356097
-1048299
-2103968
585590
-615094
-2478596
-1030783
834543
157456
548187
1285165
-112905
644697
2894711
1066906
-391326
468861
-502725
-1619490
163713
-109483
-873427
-818432
1506149
-292341
-816320
641924
-432025
-433078
1643229
1156551
1459267
1348831
1217676
-1608709
-739598
-807887
-1917085
920634
-983565
-112375
-822046
1567578
1224324
-241597
182211
804776
2157152
31485
1799171
-1631132
1638572
1011001
-190207
-1737815
-1688639
-965142
-654638
