#SpinCore Technologies, Inc.
#SF in MHz
#SW in Hz

[HEADER]
@CLASS=	RADIOPROCESSOR
@FIRMWARE= 3087
@SPINAPI= 20191127
@POINTS= 128
@SF= 21.670000
@SW= 127986.351562

[DATA]
4475557
-1656474
4969314
3485644
2293739
4397383
1988238
4372149
-1410359
4049514
-1918475
3593982
-3204389
1227821
-4081669
-1579116
-2335110
-3455241
-1246402
-3316832
989090
-4762464
2643511
-3415954
4680924
-1316037
2667730
-628936
1805735
4084712
167051
4122995
-2463745
2748486
-272208
2544959
-2085528
34389
-2716701
321554
-613746
-2068701
-925426
-3348553
437784
-1926052
373171
-2975492
981998
-60181
1524323
583736
2083897
1949877
-444719
2745008
-1209280
1855832
971022
-86149
803057
-604361
-121448
1215025
-1104859
-1166620
-329875
-672524
672013
-1588542
1983157
-2434953
1357643
-529066
439491
-81539
-256363
-381338
-629336
-1742579
1232163
81731
-440482
382401
-266871
1294189
251948
2739780
-49013
84801
-900555
67450
-235389
-1265147
1575793
-706526
294343
-1330424
15024
283642
601365
-251622
-161715
-924221
1194635
-811797
238936
297899
633490
1282020
-1736413
324501
-1219738
1917171
557640
-453458
589432
-2049207
1581543
606566
2389555
354489
-310890
169243
101711
211779
811804
-207451
368266
-1224774
-638711
-221961
-111992
1495820
-415447
162746
-1730048
687112
-1757033
-134019
591582
-1390410
1472474
441943
-19564
1686438
1313107
-1093938
-764888
-608682
502911
-29578
-233086
743257
694639
-127354
1502895
1865702
-834308
999435
318508
-336389
-1401550
-732661
1683815
-936670
913713
-595431
-269117
-1313173
694560
1258140
-187220
389458
429439
-669823
-1510278
69543
-264264
-288253
558538
395381
1087154
301572
3917
-1387407
719165
63033
-122018
-867904
-108582
-826674
-231588
-1475641
32875
-1683614
445786
-35894
490685
15110
48340
-1074450
1034128
1036111
437790
459283
187832
790630
-576315
470368
355252
-1001763
268902
-934440
-197391
1049593
259995
651984
-2295200
840658
319272
-949427
108020
-929402
-558111
-140563
1092549
-313586
197899
1206252
-456453
-1604853
1244411
-103461
1835046
-1477755
-104772
536826
-521648
-624619
600405
-1492319
-704163
-98278
-1062671
202134
1531847
1127910
71719
-324983
-386576
330639
-499065
271946
-224786
-1168672
