#SpinCore Technologies, Inc.
#SF in MHz
#SW in Hz

[HEADER]
@CLASS=	RADIOPROCESSOR
@FIRMWARE= 3087
@SPINAPI= 20191127
@POINTS= 128
@SF= 21.670000
@SW= 127986.351562

[DATA]
-3282272
737577
-3551107
-615364
-1324777
-1723871
-1061363
-1966744
1476303
-2133914
2783231
-1473078
4628436
-1654375
2854362
1573717
-622874
1886848
63068
3044161
-1386534
923692
-2322050
1887590
-2241662
33555
-823381
-1197871
-218205
-268977
1618529
-2009205
1461177
-1845763
2793517
-1371030
1653976
-1317275
51951
1345988
581122
921695
-302714
1150093
-2509220
2654436
-931454
1288515
-92641
614366
-712292
-748235
1522586
-1097474
2017606
-986848
274458
-1634045
2495264
-301803
81838
-843657
1323386
642965
17872
614730
184769
-906330
-207650
1860161
-1620274
1110565
-421434
-269617
-1251934
1896542
1397910
-143220
-548366
623336
618908
-1651795
3176440
441304
-324212
-1046503
-1404538
-1368803
-1227582
-7989
-2504699
-452784
-179622
316005
-480394
1594713
-701369
420593
200629
786700
-714841
578314
782151
296025
478107
-618264
1603015
-1826163
-950895
-356069
140894
-411592
-839607
-415185
-1379126
-169889
-1223774
275225
-231207
573241
952556
588378
1079395
701937
-725975
1294186
514381
61230
643101
89436
-314095
-696269
1264564
-1552034
244090
-1991838
46766
348010
-403283
-1038819
-616334
63996
-965686
1898223
1520323
1016194
-79297
1966536
-1198214
526667
1658493
-1016014
-519890
-78484
788857
-720357
1416645
1273630
-866870
-1688946
-1974708
-1010709
-1590951
40981
-885683
242125
129999
877195
1196083
459593
1687747
670768
-608283
767331
1649036
-513146
-26914
448464
-444323
-452822
888006
148168
-64154
-542391
-78861
109252
-898999
1522279
-677164
501866
-344986
347518
1665275
-471066
2010386
219962
603695
725775
1201749
686162
139144
-2039480
314218
-1281376
858577
-418064
1722777
-403541
-1139202
-260770
363922
396864
-180081
146855
1177544
-961236
-461980
1032580
700601
-436184
2995211
1221594
12479
1538144
1495288
-189318
-811429
174453
126401
-929719
896889
-528722
-1127316
-1038256
238993
40736
-2432847
1194886
-1794542
600254
-157810
1527543
-274061
1506246
2852143
1013009
766956
1574039
1609100
-178384
-244437
-1794023
299461
-595721
-1085330
-2631901
