#SpinCore Technologies, Inc.
#SF in MHz
#SW in Hz

[HEADER]
@CLASS=	RADIOPROCESSOR
@FIRMWARE= 3087
@SPINAPI= 20191127
@POINTS= 128
@SF= 21.670000
@SW= 127986.351562

[DATA]
-960012
-415741
-237350
674402
786754
-639544
291619
2274377
212941
2358906
-510312
727856
-929131
1237581
-2030427
-485123
-2350586
33812
-1370485
-243041
-775839
-1439789
-525913
-671685
1085291
-2449589
581795
-2040292
2407240
-973177
70601
1001588
237158
1563575
194220
2102465
-1026689
764970
-963240
-204893
-1107111
233979
-1975165
632936
-701708
-1449912
-32462
939589
517442
-189986
714658
-462361
2038118
321418
-1002413
1377414
-550561
-361935
-370033
1355726
-1564258
184147
359623
-72874
6827
547911
407448
702907
261794
-540051
310324
-137049
-1573350
-2280561
1177749
-361551
-290943
1160907
1390720
134706
1337722
-812896
-1376900
-26464
-849249
606387
-1457320
739941
-356847
652351
1086808
481146
1697633
-214731
1921596
-1473545
1820697
-110152
-1133888
592953
-1880766
797423
-862807
2071586
-2301736
1244799
-882351
-1351432
-477356
-1228559
-782581
-1895897
950958
-1354947
239346
-786763
679458
1208890
408537
505800
1421697
-372705
-853693
-875874
-1524435
383715
-2064132
719062
270621
82908
1614351
392525
752184
-616208
1638327
-61384
735286
-970129
-673437
317497
-12297
286024
650445
2852228
-961736
914915
1873231
-487302
-272261
-1144756
-1833553
-2282770
404820
-707734
-1102578
132704
1070519
435377
843108
1172660
1246070
146551
-47173
-1063018
366444
-801996
-899963
955902
-697489
665407
220601
531440
444852
1198593
1294648
-1604088
719939
-1557843
273323
189631
-1266460
-358168
-702127
757977
-1308083
500664
255312
286448
176320
-799622
539060
-1199009
-152010
-1091689
689136
-542486
-672003
487950
457068
1951288
-1141489
1010301
-179458
892893
-482655
-814498
489928
-367593
-198756
727770
40235
-340237
306286
288171
788859
-394402
183372
1180972
-42624
345896
-515624
14934
1304423
-220685
-1586059
1600919
-699636
1359699
-1007977
93815
1026373
1169528
609564
-1585266
-399798
580299
1296752
-853235
-1040893
910965
-441816
-359191
877801
589241
420732
-16168
239981
-1149116
-60690
916193
-1469854
-284392
-1102519
642967
355979
-654115
