#SpinCore Technologies, Inc.
#SF in MHz
#SW in Hz

[HEADER]
@CLASS=	RADIOPROCESSOR
@FIRMWARE= 3087
@SPINAPI= 20191127
@POINTS= 128
@SF= 21.670000
@SW= 127986.351562

[DATA]
6993106
367157
5517103
1620133
2602369
4082714
1247829
5127935
-4776214
6616258
-6594267
2792896
-7510890
-967612
-5785710
-4024716
-1664150
-5084761
954300
-5391663
3276031
-4711985
6059296
-494210
4328341
1095173
2547722
4290381
1974323
4572021
871413
4684058
-2633001
4240363
-2678447
993216
-3335947
-1382503
-3810547
-1712582
-682003
-3587603
578558
-1952569
4183249
-3010724
2911009
-125083
2838794
56686
1536081
1403474
501568
2468487
-743741
2762089
-605847
606718
-3068824
1076497
-3289736
-164639
-2235698
-265294
-2113089
-1540
-49598
-1059223
-154077
-3808637
1840186
-845091
1642724
-211403
1166183
503011
-709682
939366
102993
-23541
-247486
821512
-1670580
-583760
-1085886
927971
-808794
408141
-1260336
424766
997444
-75678
1135133
-1141338
1761439
-725671
-443211
-1955918
771219
-1254711
1398563
2062080
-1092
456140
-1493896
1117653
-173120
1212298
519729
451667
132868
-792113
-204382
875827
1208628
-1276341
-109805
-1198106
554340
-774305
69300
-285649
723401
211485
-353053
556885
1508698
-770449
845284
564152
-683206
737267
25503
1882047
-1166889
573403
-41545
130078
-2026416
-1120110
-495593
-1509989
91810
-671870
-1151423
-82391
775725
-79500
247071
1324748
46289
285907
-212205
328078
473811
-173405
1774129
-1713865
2275119
350598
-599685
-403415
838788
-1597043
-343539
-372592
-649421
-1019045
-13625
-446213
-940867
-917708
395410
-330624
1122431
423893
366847
952111
527186
696371
-1079620
-116047
-1190561
-692186
1048625
-712720
-750635
-1147389
95295
296593
-918985
826905
753050
640114
681303
2265840
-1397687
1912262
-721909
61593
-209793
570169
-718870
-336204
1663032
832349
-556878
-636909
-1749241
-460508
-1651569
-775083
-1311964
-278227
-1177673
906143
2151731
749670
56224
1412976
1101653
427736
347108
-1443621
671269
52500
-1398044
-683050
-981462
-1206098
161757
-1195240
507147
316930
-680295
820618
434994
902235
943683
-217912
821134
963661
1508115
-748104
640516
-939222
1166303
358200
-1302777
1477837
226832
-610992
-317295
899619
1063739
270369
