#SpinCore Technologies, Inc.
#SF in MHz
#SW in Hz

[HEADER]
@CLASS=	RADIOPROCESSOR
@FIRMWARE= 3087
@SPINAPI= 20191127
@POINTS= 128
@SF= 21.670000
@SW= 127986.351562

[DATA]
-4560199
1590229
-3911432
-956551
-3760458
-3004346
120832
-1690009
1459323
-4457551
3479682
-2631439
4853899
-133725
5518054
-755370
3570878
4770477
785328
3516759
-1771598
4118747
-4232570
3319235
-3094969
-749932
-2514962
-288563
-2526183
-2552668
809893
-3986092
715060
-1933708
2818360
-2223870
4197213
-1005181
1027683
-713904
2306827
322966
-622991
1378705
-509041
1511380
-2386246
506552
-3266698
1722202
-28183
-187695
-1258073
89666
265004
-1214353
474918
-2406968
1042017
-1296371
1230194
-353568
457356
-736962
-296961
1520500
974548
482642
630309
1148678
-209537
71957
-124272
431259
-1249166
-165424
-918048
-274890
-240637
105977
-1562804
-1286421
-54554
-993394
18189
-176002
1091987
-1121514
-168986
538064
1393643
211664
1797673
162675
-1199508
1228617
1350199
296634
-2140102
482011
-1099211
476012
1345684
1141519
458501
-1821099
1424891
127411
465572
-665996
-1436092
-436864
-488525
-108579
-352487
-975407
-503284
-474125
1014489
1727536
-376967
1343963
-398240
1150541
1535203
-258447
58968
-332248
467569
-575526
262186
36631
-862444
-93885
-244195
-1205496
487710
-22828
-1276236
-618105
541154
-41621
501200
-27992
-390922
-1352263
448018
-1275482
968239
-846473
-237448
-520146
-781590
811099
-230927
1988047
-1046080
855080
124650
-583530
1422415
-737009
-273294
1630356
1666282
-313580
1181404
710986
104447
-354136
673496
553221
-270542
-1004819
5572
-2543
-379593
205940
-135236
-948091
257152
662099
328510
894090
20683
973334
-1149962
-499826
1048136
-547496
44211
-18561
-934733
-548446
1313748
113602
-1732143
1568550
437037
1157369
-1706726
502980
-827184
-357730
1401343
-905417
-753956
-395840
882141
1549347
301439
-1256758
-759899
885067
2581156
563704
-528315
250408
-842532
840829
897533
-652406
-1280852
506536
275597
473924
531887
2501005
-1333640
647141
573428
-100930
-553917
-137116
477487
-167725
815845
381165
-523550
932754
1191074
-1176311
-305202
553437
-268795
276318
-483272
-436200
-882802
220893
-1244245
142810
142093
-523193
18629
522306
