#SpinCore Technologies, Inc.
#SF in MHz
#SW in Hz

[HEADER]
@CLASS=	RADIOPROCESSOR
@FIRMWARE= 3087
@SPINAPI= 20191127
@POINTS= 128
@SF= 21.670000
@SW= 127986.351562

[DATA]
13552808
7021488
5636758
13474135
-1775572
15056239
-8467744
10655132
-13091493
1160590
-11620851
-5643235
-5768730
-12727829
2628248
-13167110
9339154
-7918455
11731020
-1023913
10008095
6125770
4001842
11256241
-1956188
10487552
-7964638
6946799
-10453333
214318
-7772093
-5125414
-3423604
-9178384
1908845
-8633064
6597667
-5428677
6489999
-697456
6869692
4215963
2626552
6998682
-1302408
6795075
-4814536
5090997
-5563992
458709
-4746221
-1977533
-2351905
-4859471
1126342
-4883992
2803641
-3017254
4787522
-2315000
3459891
1502615
2549082
1971671
676593
3358203
-1495436
2781620
-3259515
2183125
-3384262
421103
-1536518
-1218281
-1412037
-1665254
710936
-2343517
885239
-1128087
794953
-954627
1333547
-389609
581333
388360
1167794
224979
65279
1024431
-759831
752867
-1361100
1183453
-1689126
710143
-1114381
-26792
-56971
-900050
-48465
-316464
1421480
-625815
1311040
185995
655689
1138457
722762
552344
-169312
96023
-765058
-484364
-425857
263808
-881487
-127883
-322492
643737
-539218
638709
34921
-200715
660610
1040419
167820
128128
871078
-4772
462741
510683
-1110754
336841
-1193169
-764283
-489416
-743736
-1046265
-239244
-260820
-864705
391614
13044
1022558
408728
-7444
696682
545576
1229209
-671183
581583
207396
216767
-128462
802340
-498209
-769855
67577
196800
-365251
-934884
446520
-778523
-33645
-266443
1648719
-845406
895883
301215
68278
1588631
719485
1195885
-464272
510781
-524413
-50298
126696
692269
-83562
-393956
148447
252717
-367850
379837
-75300
-780611
-139271
-1428434
855430
113556
1337942
-520793
33652
158092
539291
259013
-359092
596671
-779967
-488020
-772771
524684
-161023
-381570
-537266
251396
-812530
1078188
-193378
-460114
-1144947
173830
447865
-47131
668719
-219163
309401
-407165
1228931
655585
-109942
299421
-62001
149083
-881307
669424
-836442
-610383
-609534
-48970
-471031
722114
-560608
36774
409980
-490542
-28104
330465
91249
-92447
188114
-1514268
162111
-160355
751524
-69861
-82804
511216
-319837
636044
-710167
263421
-939976
-556711
