#SpinCore Technologies, Inc.
#SF in MHz
#SW in Hz

[HEADER]
@CLASS=	RADIOPROCESSOR
@FIRMWARE= 3087
@SPINAPI= 20191127
@POINTS= 128
@SF= 21.670000
@SW= 127986.351562

[DATA]
4709162
536680
3623220
1954739
2005759
4051924
1451981
4873916
-2338589
3574383
-4807442
3565460
-3211448
1062957
-5136904
-4608360
-2198237
-5141938
-265710
-2328741
2458180
-3092896
3320504
-2013589
2618097
786781
4051550
1578003
1375231
4826938
844294
3849606
124818
3760024
-3672555
1379565
-1522890
-1473461
-2882532
-1100481
-746880
-4792950
844316
-1127306
-124
-2971563
856908
386137
437362
2530628
2059354
1067127
1281153
3972371
1040955
416429
1385088
1439736
-2743476
2006653
-345797
-777584
-1061698
-1315307
-2637028
-1807646
-1644645
-1466743
-944541
397588
1574252
-146015
1325134
1860001
-769807
253862
1532660
679623
-820456
-208847
1593686
-636352
1094871
1840445
-899657
-1198962
-231158
455174
-1798182
-386215
-331967
-715200
-207168
-172283
-363209
196326
1447803
-673083
-132631
-553454
-539189
-582471
1193726
943364
-601002
-1017024
2057992
-1586903
-27674
1371247
717988
746857
144394
995024
-2109425
-11896
2870749
1222361
-1123493
-493947
-415865
-38766
431005
1469832
-1836634
-1390495
1200412
-437802
-424727
71611
763618
-764144
299945
471246
-1046637
557719
1341933
-703792
-1073491
737265
573266
-989994
186469
413870
-1427840
-1211997
-563827
911593
-707533
988297
-122902
-1458097
12841
1480577
55534
-1061604
198684
-746688
46954
1016382
-254575
-719535
-161211
-277246
-81951
347049
256213
131490
452142
1306204
361472
-1427316
595071
-1509401
-1820227
-279248
2127560
-1172569
-390481
1081453
-1033210
539521
762143
849746
-552222
215993
-280968
906030
1491813
746442
-13863
-920513
705713
147756
-544487
1743257
-127302
-1967881
-871520
1712337
-910663
465779
1330912
-5285
-543687
1406157
1934717
-718050
1083599
1265426
-1033945
-167932
381230
316865
-1341877
-1818482
-181781
-1614525
-526157
330701
-1712383
546760
-775626
1620342
-1063605
-306903
-1222608
502530
-437792
841551
438482
1538589
683275
208820
-493309
2084647
1011062
70305
-380546
1205862
-382608
-2043356
950239
1780941
-540321
-1224445
1558172
-1052206
-738609
1107192
57868
-1375607
202524
737108
-1199129
212580
