#SpinCore Technologies, Inc.
#SF in MHz
#SW in Hz

[HEADER]
@CLASS=	RADIOPROCESSOR
@FIRMWARE= 3087
@SPINAPI= 20191127
@POINTS= 128
@SF= 21.670000
@SW= 127986.351562

[DATA]
-5575733
-512223
-3677650
-1479454
-3826553
-4402289
-625208
-3780658
1863183
-2455874
4052459
-1039184
3157111
-26459
4171160
2639650
1915468
3076793
418872
5323298
-3220914
2796494
-4529355
-258099
-4591002
-2678201
-2069003
-2137645
-1978817
-2474055
-871359
-1529329
-170626
-101379
3803892
-818061
4043535
1424026
3413276
2067146
2922602
3044624
575079
1269991
-1908270
2497633
-2367444
-778322
-3064552
-1321820
-2836109
-1089975
-198254
-979144
-1102080
-1239395
1937159
1336553
690418
1206471
586666
-823480
3382115
73477
704070
-1196817
234760
-196475
-992534
1123542
-1146325
-1076342
-2070078
343313
-2227538
-612221
420554
149615
276288
890381
1030323
657292
49277
404355
1069929
196735
2269107
-453025
-356989
-847573
-1259700
-964185
-1545342
669977
-665590
-2690478
1177485
1153602
-2224027
866331
-600497
-182749
-1488755
1034667
2041226
-578710
980133
414561
-710477
-415705
1447915
-1299227
-639888
-48413
834774
-1244001
-332231
168494
-800575
-333714
-1171863
555662
-12457
803647
-153729
-253052
-706862
1366084
120515
-205803
-181235
-588614
483521
-971147
523430
-666273
-27708
-366416
-360991
344404
-239337
283639
-966596
-664914
471996
2092399
-627997
-307213
-383632
1382749
83907
4140
1438748
-289799
-547182
3080693
1052968
103973
-465071
92812
-486023
-2837314
765696
-1262821
700943
-1556689
-107281
1029832
921679
1139556
-392028
109031
-53631
500846
762632
-464519
228714
830621
1716060
929676
-294513
-203949
-621716
873150
-1176132
44269
-65032
-561795
21434
-305902
37320
436847
706987
1564391
-270049
866361
136556
1199601
-112880
1079153
949362
-1195457
236717
-1169488
-1169680
786565
-2068518
604796
-1241961
-956960
-1603086
-519574
349354
-706092
701716
823670
-676818
1617565
-65495
549721
-1505800
-14416
2940
-910501
-1291549
264159
831703
-825635
1078613
1423193
-2075273
314580
126666
-631486
-1984272
113728
337364
-280730
1083288
-388354
69830
500354
1110918
-107252
399009
88463
-1187432
-379858
-588489
-1051833
-1250079
429963
483305
520594
-1309920
1965145
