#SpinCore Technologies, Inc.
#SF in MHz
#SW in Hz

[HEADER]
@CLASS=	RADIOPROCESSOR
@FIRMWARE= 3087
@SPINAPI= 20191127
@POINTS= 128
@SF= 21.670000
@SW= 127986.351562

[DATA]
-1973283
1021653
-4003728
-3354171
-2710957
-3055233
-2238711
-3338120
-528115
-3827301
3359780
584034
1338137
-497106
1925376
1310096
-194312
3264756
667549
3079062
-549281
2445360
-2246020
1725763
-1205542
-502014
-1993019
-2296609
90938
-2217234
-354365
-3136141
618081
-1917840
-298203
-723565
772410
-1832919
1222612
1094215
783273
156132
-220225
2055089
-189370
-467015
820912
3112507
134866
-809686
-1820748
-710846
-1687169
-1879575
306983
-2386495
-452054
-1579454
2849570
-171917
-384537
-151839
-1381000
-482445
-475356
181066
1662958
-138249
202115
1540778
719622
1438130
-141004
291650
1416237
-495962
281903
-656004
-668795
-894586
590619
-2810760
-883677
-2092464
-524558
-725454
-776479
1089256
-468780
216148
540125
-142052
885368
41198
-10284
1248542
453387
68797
1383929
820187
-35289
-1658840
1476953
-935880
584520
-318153
-1076162
-674779
-2118522
524651
1078841
-156897
-521186
365305
-960989
-251118
2360109
1279863
218104
-62013
98232
513395
847850
286796
360645
-1449478
1280558
386634
267480
-1590526
-74173
-1618767
-2777138
515199
878896
-1375482
-1160968
-1017202
-1280884
669226
900636
561203
144344
728758
-980619
917547
-101289
215905
-1226408
-795924
871998
327506
994312
477828
874079
-457285
-48924
1425569
-644590
-71709
579984
919988
-790204
-1096679
1099153
720235
-641054
2412082
-1469032
-1280185
-322446
-159133
-504646
-1614253
1033110
1120157
-868062
1061843
-579808
-114099
83439
-477095
-88640
-1606610
1046442
400350
366217
1406833
-560997
923025
-1744650
4980
-499244
-2534120
777379
72811
-40543
-1292615
872326
70341
644116
73705
605376
-622275
963437
88885
206650
766821
-22572
-1096730
-1172471
-7361
915861
-163461
-340997
429136
-704918
904982
1465061
-1639053
66060
-1383833
23836
-161150
902711
491472
-751972
1189444
-303485
501152
-802
-971501
-192781
42897
-845288
1241865
233908
367291
1247276
153187
-1092388
1957755
2802637
-397770
584093
-77891
324884
-492950
-220721
1701199
-1385555
-1166559
-994200
-390437
-1764765
602827
