#SpinCore Technologies, Inc.
#SF in MHz
#SW in Hz

[HEADER]
@CLASS=	RADIOPROCESSOR
@FIRMWARE= 3087
@SPINAPI= 20191127
@POINTS= 128
@SF= 21.670000
@SW= 127986.351562

[DATA]
-3621500
659251
-2080625
-619360
-1707121
-2006272
2816267
-2980445
990237
-2145904
2293835
-947786
3366640
-752015
2512558
-1060529
460837
1913248
165859
2900213
-868214
2418100
-3171175
1976782
-2074497
312122
-1558083
-296451
-796401
-503845
-347311
-1083185
522892
-2304692
2355192
-1047633
1971316
575022
382068
2498457
1651955
704686
37569
2239625
595117
820408
-845519
1206030
-1903706
-146394
-1311534
-1838406
-805122
-264187
-215162
-2518876
-1217355
-1320214
773265
-1029815
2235856
1001626
-1012638
94836
637954
983887
411288
1824525
976820
558872
-2042393
1455230
533892
1759284
1456280
1130304
-1951206
-900405
615643
920136
983286
-839237
416320
-1515615
-739243
297562
1483305
462177
-803375
-58598
155128
40206
1217377
1100672
720979
-1739071
-739045
1597836
98360
207358
-346699
-1192380
-1413813
-338064
-168963
2597653
285150
-404684
-1636039
-567875
1155356
-509111
343452
-159582
-207910
-990466
801936
1513164
66958
1148179
567172
-1504940
-1727777
1527706
358181
1213571
881806
-243926
-885844
-659210
1610758
1053107
-11318
-360723
408997
-26703
-693262
575972
1251821
-1772693
-228520
-698818
-841230
-176097
926482
271625
-265813
-1139069
-1812287
-1718068
40504
1970112
-349990
839256
-764350
-30806
-1354701
618346
-481486
457166
-163821
322579
1266019
356701
133061
1771271
1255287
-578357
323856
-255633
-349888
-453938
1291089
-2105034
353174
-393471
-655506
388642
-184678
-828933
-1869006
-1263002
666553
1107572
1083230
2750965
427273
-1452375
-1021261
1327857
-177179
-33103
1093983
-1678519
-1370401
-734260
1529387
1407889
-429320
-308676
-1246630
-212143
-1429322
1736171
1134532
-1651168
294545
-144300
-114982
1321409
990723
1236348
-19633
-485570
280335
344027
-29228
1330391
1292878
-2267951
498604
-900787
-1425606
-248901
1041933
-795146
344920
-2219905
-217246
734521
297167
1445580
418722
-272220
-672043
217543
910412
-264793
1681514
-91778
-1576569
1809710
-1296349
443496
-140270
1991622
-431228
-652525
769404
-254530
683675
66823
1900372
91693
-1542719
-291296
