#SpinCore Technologies, Inc.
#SF in MHz
#SW in Hz

[HEADER]
@CLASS=	RADIOPROCESSOR
@FIRMWARE= 3087
@SPINAPI= 20191127
@POINTS= 128
@SF= 21.670000
@SW= 127986.351562

[DATA]
-322476
-371425
1001650
705419
-1880223
-514495
1431956
-120607
-277713
-1167922
1785685
-848842
75914
-497974
2742169
1292996
-1410121
1601607
419230
2171815
-394778
2397046
-1607008
-529990
-1327361
530590
-1596234
1318184
1310681
-1836991
388082
530952
2549683
-1649729
1952095
174465
1166677
-55831
20193
-1137265
24712
974752
171281
37254
-2226566
-448289
-949163
-523622
-784287
1137502
-653227
-583647
183841
283515
-73725
1407349
898977
-1264220
-446736
-9467
2037602
186233
1353351
904241
-52783
1271140
-435963
-90274
1291162
-362336
-1373283
-1395314
-510523
-154010
699070
-653261
-837786
-1342132
383406
-148180
-182495
147471
1643213
-1679280
-1514804
1118777
408000
-829568
-175065
904344
-536221
5588
959848
1172529
-263234
337132
1098068
378594
9517
-212028
2512305
-1071499
671412
600015
-393958
-782630
718494
893793
-691692
-1001399
524899
-689984
-845809
634873
-674534
1304335
-1819664
-775982
159967
607939
-68635
1365924
-177606
-568129
-1381071
974378
1207020
-42912
152328
-339717
-189825
365556
1818764
38327
-1204500
1552027
-1093827
-733189
-48804
-725368
-1398716
-1028080
-252267
185067
432332
-1025087
-737540
577416
727088
-764943
-612080
1312935
470137
-1095656
-28955
-215077
312239
366775
645180
398331
-287529
-30622
1459824
-13346
1549655
-458574
734673
-1687734
-878784
607550
-507617
-1735635
-259915
-495538
-510833
1178653
819085
1082285
475456
152535
-838964
403049
207131
2109076
-977578
148750
-283903
-872934
1412297
970645
2745060
895766
2121124
796636
-568658
-826769
2941310
-926943
2088324
-75923
-924752
-915021
-1820640
2266540
-2329195
-2880572
-1360628
51632
-1881191
14744
1003716
5241
-1564856
1166794
119830
154177
1473391
1232307
485239
-875443
750932
732922
-614878
-247491
2277383
1137759
2048574
-562579
601614
-412501
-1118516
-1292007
-196556
-598685
-1169344
257973
-2250309
-188953
-1638604
-351104
434119
-1339289
-456712
653815
65843
757387
-595745
901453
325770
-1139649
2101079
-101139
-429175
-2206421
1281982
157272
