#SpinCore Technologies, Inc.
#SF in MHz
#SW in Hz

[HEADER]
@CLASS=	RADIOPROCESSOR
@FIRMWARE= 3087
@SPINAPI= 20191127
@POINTS= 128
@SF= 21.670000
@SW= 127986.351562

[DATA]
5118364
1657706
7052447
2130420
3211678
4480869
876814
5075897
-2037338
4421592
-5849455
2560881
-5266983
-1360870
-4004616
-2120528
-4241835
-3174520
267871
-4343265
1958068
-4660691
3854535
-200495
5825029
-1390404
2907276
3300656
1668590
3381050
-1308288
3873263
-2691008
3405119
-2904936
589609
-2738139
672534
-3344937
-2256423
-1379155
-3685425
-62001
-1544939
2497868
-2387933
1214861
-482528
971651
1423189
2909936
-1491049
279590
2810262
-496531
1315642
-193463
-75078
-63175
2000834
184002
925822
401291
-176986
-1484160
544279
-1525932
-1567731
-1378223
-1590909
408347
181982
854676
-1246099
362602
265837
527811
482405
-160362
-658103
84512
897800
-148757
979774
419222
-164159
622777
182442
785986
610682
963720
-77625
-197339
-778767
646576
-646475
-1288606
154756
-1238497
471901
-679127
-1232638
-112712
726410
1827041
1538085
517037
-1287397
220959
-359776
1109076
183826
-2381507
-321723
15216
832188
-191386
-42913
382989
887839
1683964
-227173
757087
-1452673
801289
-684469
974083
-70775
-1384531
1254744
70142
643981
37873
-1010447
-1316470
1654506
1295236
-1831589
-626404
-673823
-603017
766846
-1614852
-946620
-57896
1786571
-605933
-303966
435222
526185
-399663
425301
286646
-1590983
1550164
120975
-196922
687726
471318
1440092
566939
951697
-1572875
206301
431455
-855709
-179853
-722545
-394021
-446535
-755002
2101
-7356
75838
252697
-394247
-223565
-34569
506042
1045573
811212
-1005010
1005538
-194812
-671325
420155
-1429620
-792724
-804333
336435
-1940866
53778
582946
371579
1455556
-423659
470675
-2684809
1090415
209839
383549
-546923
-807599
-874033
713719
1642566
-1315342
2182902
-1172972
1681142
1448680
110099
1247833
284516
284299
-242886
1207537
326757
-2642267
-1314366
863497
-215280
496329
267219
-2442988
333135
781941
-1680437
1799762
-580419
-448720
-1304748
437706
-1025342
-1227485
472225
-1676670
353156
-1563216
-1067560
-1422845
838923
577835
-1426592
1037663
593315
-79356
-1609797
1792603
-1828157
962978
1185109
-1435370
-1349860
406015
1188452
