#SpinCore Technologies, Inc.
#SF in MHz
#SW in Hz

[HEADER]
@CLASS=	RADIOPROCESSOR
@FIRMWARE= 3087
@SPINAPI= 20191127
@POINTS= 128
@SF= 21.670000
@SW= 127986.351562

[DATA]
-897515
134208
-835402
-1199349
-2037393
-1049324
1430941
775617
1643070
-277937
1331957
1208082
1102359
421261
-337390
-2607814
-115911
230163
249970
-682025
361342
-25082
722063
1517447
-1901476
-1500289
-386718
14218
-562468
-479886
311029
-161696
1484274
117158
2244082
369633
1760516
250528
-1356903
-2211199
387421
-1065862
-484773
-1018756
316758
-78077
-993584
-211839
-1080291
-298961
-562723
1270075
-1764790
1000300
1483626
-892270
499340
536696
857148
308038
367839
338315
812085
-853447
967226
-1049955
-1119502
218632
-1028483
-1999000
-568789
110306
-861092
1187901
177851
-319003
-1574255
636158
499498
918214
292532
-337270
-2574673
-533454
841965
-1242507
1154743
-82241
-558508
-829350
-1011636
-2161713
-691554
-878313
-1946814
-2449546
-170459
667754
-600963
-48487
71401
1767443
826349
1264425
-437200
630431
573361
-81250
1364943
-730693
1684901
-400641
-953901
-472329
-164819
-358736
-1594284
-416732
-2204010
-975112
660913
-606283
-1309070
-283608
809962
999818
-524175
1899157
-1306522
664524
2451191
1457647
-759579
-1655299
-114686
-1318760
1030996
562519
-1519568
-585017
-1223070
-757308
-1031794
1099592
-1012803
-544725
865907
217429
-319060
-267761
1376172
-290475
-1588672
2460906
-571643
-561835
-1308464
423504
-233114
-709373
1534322
-366771
-448285
1469401
301380
-772988
-1785786
896563
-1804378
-209510
1073433
-1295670
-1349779
93025
694999
59709
601659
900039
-1783544
-15836
-526802
1417205
155520
41586
19829
-700087
-326224
1328581
756931
-171451
-265919
-388331
-174702
-512608
-312671
1264679
-291325
-487790
349212
-216493
-155778
1561640
-1013614
113163
171513
693558
-775637
-684127
-1670984
-924388
-467065
-142500
-1682747
663616
-248862
494505
1384359
43002
896227
-1925984
-419451
-475390
-509468
-1548614
1406565
-412932
-1000103
290561
310477
-1022470
114270
-69463
-2416343
236359
-444320
203
-345267
81346
1945694
-51608
1251487
53170
-478432
1426825
1642541
-1872422
-926220
-1775127
-376210
-1252612
-740866
-909931
-1005820
877745
-1173568
1130874
