#SpinCore Technologies, Inc.
#SF in MHz
#SW in Hz

[HEADER]
@CLASS=	RADIOPROCESSOR
@FIRMWARE= 3087
@SPINAPI= 20191127
@POINTS= 128
@SF= 21.670000
@SW= 127986.351562

[DATA]
3597123
-442318
2635956
1792017
953221
1344758
-1541447
1808464
-1666116
1780645
-1917758
-285843
-1611331
859770
-2235967
-881031
1087044
-1583652
-398139
-452257
1835911
-2064040
1494839
-2386384
1919874
-792007
644161
-1068337
852144
1449572
-842882
1641588
451324
439610
498153
786706
-1628640
255974
622992
-2283128
-1873319
-1221098
-2186362
-2861747
1602223
-962915
-1698215
-112003
2046701
-862158
-188796
1198015
-639039
234994
2307197
38538
-672491
-574351
-1740555
1055380
866076
1026366
-1321395
-977808
1115514
-225
443518
1671969
-411058
-876228
2073684
-59878
-1651269
-574604
613096
-1918304
1123128
1752383
-1361736
-159909
677761
314167
-1388026
1129468
572629
-485408
611443
-531135
-1722769
-521265
1691099
-124853
-212031
622739
-1589270
642088
-30876
248578
-487979
532944
-1028548
-834801
340029
707877
511028
-1665309
-294789
754532
-592653
320994
-847262
272419
429815
488862
495912
198872
284585
28874
1110491
113700
435203
360936
-1062578
-284277
179292
-83405
741338
1439573
-657576
-467194
570680
1220570
-1039072
192618
173888
-1111007
-384053
1865867
-707443
-299685
155975
1211159
-645161
588951
366187
-846488
917097
60155
-1121111
1204417
-874134
-154452
-1189369
1175733
84887
344466
-32563
-499360
188383
1315082
544529
132366
-140403
225411
-425597
-647184
-1242482
816113
-535877
564055
898299
-882045
-570737
-1092997
1509029
638716
-72753
-692161
164159
379193
-381726
15521
136845
205132
1132753
861621
143587
-987417
282327
-552738
467266
239851
-1047332
-689134
549403
-630300
17985
-855133
61620
-685165
-103995
692811
-530717
765974
-902770
826689
1373593
1004555
544745
-761708
1264586
1457121
-2015452
-323172
-859301
680894
-318933
965281
35856
879904
-501843
512313
147326
-1187886
21579
-1373031
933244
442427
338922
-623160
-277092
1241241
-29836
-261862
-768905
197271
-1656512
1267864
-39140
-349451
1266620
352099
88408
-866057
1170001
-275477
-1259644
1259785
-402777
-57001
309572
1135700
-373748
378299
1294776
-642312
