#SpinCore Technologies, Inc.
#SF in MHz
#SW in Hz

[HEADER]
@CLASS=	RADIOPROCESSOR
@FIRMWARE= 3087
@SPINAPI= 20191127
@POINTS= 128
@SF= 21.670000
@SW= 127986.351562

[DATA]
16754563
-2424575
15156439
4583486
9687949
12704069
2710369
15423453
-5024188
15152765
-11311290
10390080
-14488935
2797017
-13423617
-4797684
-9682716
-10746114
-2171088
-13563049
3862096
-12873024
10079938
-8400454
11833497
-2612939
11593513
3202223
8087523
8568804
1725702
10119904
-2694504
10556271
-7448354
7576473
-9646181
2047476
-8316687
-3098680
-6775712
-6113172
-2624371
-7609606
1981000
-7258764
3966066
-5397869
6403740
-2440025
5158338
683597
4129184
4081661
2831173
4766538
19600
4299811
-1112823
3887400
-3209069
2600274
-3401642
-267948
-2602887
-1140184
-3076894
-2642464
-692731
-3240575
1219189
-2207062
620505
-1784550
2517169
-628691
1895159
-454856
1721292
1177121
1655557
1633952
-432043
726480
20139
1434529
-718268
1106416
-1248968
65842
-1098580
1096122
-1607071
-357609
66322
-754236
-1031226
-621924
277786
-2485118
1326793
-1647414
608218
-672786
1436036
-994625
205297
498765
1558333
322577
1145269
567344
-667292
1003209
118765
-361583
-1554277
855854
-1865752
377770
-539586
751133
-951047
151261
-306591
-1602783
538276
-772760
177718
-1372015
1322043
-617966
559505
-780710
345282
-296614
1090999
958900
-715486
316976
217039
1264010
-141539
1427950
-378348
36260
324827
-170815
-9354
-895219
-175501
-1625458
111842
-76247
-977793
-760583
139684
-134007
-105933
1786556
883477
-432256
32099
845636
154916
327688
593148
-661762
-395108
340175
-168933
-1683248
208088
105009
-283723
221874
-399155
-700084
-78959
830815
391222
-254780
295592
-90695
-149285
-2569
379052
-1108842
478016
133971
154487
-73236
314775
-316241
-703504
1008382
-1454959
-208838
61230
-332404
257906
193358
880418
-1291118
185661
369045
-452237
174660
189726
-587109
-310052
349582
-539628
-962315
789514
-266432
11528
360437
752014
-487559
360877
1345969
-591209
-83390
-147423
445981
-814233
631858
-12310
-1183558
800060
93352
-507035
512795
363061
15390
-1130562
525265
-521526
34587
324873
541720
-989275
433960
1424484
-461916
701989
-684235
-244000
-196938
329569
-47646
-740704
314919
-1027479
-616909
