#SpinCore Technologies, Inc.
#SF in MHz
#SW in Hz

[HEADER]
@CLASS=	RADIOPROCESSOR
@FIRMWARE= 3087
@SPINAPI= 20191127
@POINTS= 128
@SF= 21.670000
@SW= 127986.351562

[DATA]
-1655789
1495635
-2288813
-670933
-2077082
-325617
-1737782
-943104
460695
-1036297
2300876
-749342
2078148
1309847
2633057
-270064
-1289363
258159
-391073
2164485
-966580
1518965
-1639280
1426016
-31513
1432830
-80337
1204939
-256806
1452718
1690957
-10740
-1209004
448312
-506897
-725464
199816
-2966005
1017210
745982
1795663
616111
840379
1847045
-310210
933198
226625
729360
-1687868
836981
-941986
-726103
40662
-325898
354557
-188412
852836
1149059
-1120483
580855
1304228
1547940
-1169616
-417942
1001845
-22818
1146900
149529
-179904
-1834469
63028
352394
-129707
-577306
-680523
683804
1297322
591405
-465999
-254586
573811
-1028359
242865
1464498
78792
-1144125
1572679
-571296
-567330
954645
-778341
-2566119
1946038
1594391
-1413470
92156
701335
-159520
-526826
1977482
243812
-34622
-905304
-1709431
-261627
240190
94618
-1010876
-428523
120984
-131997
-232989
-350395
-1538683
-963478
1009537
-9740
6581
75801
243573
1178319
-1676237
951491
-937612
-196487
912392
-527048
-427305
575251
759292
660375
926914
1220320
-1108517
-198573
665830
57982
925557
5249
-888689
-256367
2139490
-361866
-1005866
-767546
1361186
-119144
456634
357943
-1291146
305517
124660
80837
-642259
680447
-245500
698834
146721
-388783
-51048
-1764297
506702
-559198
-188399
-988768
813412
658714
-685636
333023
471115
406622
1724758
516174
-355769
114440
-284976
199324
-679549
1255616
-64332
-899194
-524072
-178672
-254552
-1293555
514946
-555208
425545
-168855
365043
331514
177401
1113371
-1222107
309166
-675291
-879875
-1674169
824197
995224
-561102
51244
-964090
1234764
683132
548097
280342
23573
-208404
14959
836256
-417039
-1574761
306003
-395605
-2046
-907419
1191776
-460133
-256416
1103208
-1949668
-479593
1457641
1117956
-58407
1371937
-1152379
-251868
105619
-55598
6332
488042
-600881
351513
268790
-751810
1004768
-1665599
1241503
-242829
-410997
-601313
557961
771931
468690
-1315740
-1113390
-874958
470849
619490
77958
663555
1408866
-849887
381055
