#SpinCore Technologies, Inc.
#SF in MHz
#SW in Hz

[HEADER]
@CLASS=	RADIOPROCESSOR
@FIRMWARE= 3087
@SPINAPI= 20191127
@POINTS= 128
@SF= 21.670000
@SW= 127986.351562

[DATA]
5436529
-1076562
5138038
3482823
3096987
4332633
-398275
5850237
-3499116
5443105
-5025292
690548
-4353984
-723877
-4532450
-3100641
-3571587
-4073940
707391
-5419471
1249892
-3605062
3417418
-1233513
3893576
1605517
4086187
1875258
1105308
3230396
579924
5904814
-1306505
2681678
-2743239
311191
-3350143
-380368
-1484992
-2231144
-2505905
-4407006
405913
-2962934
2321916
-2870372
527357
-33813
1532260
1243174
1474735
530260
505573
-615469
1425254
4232626
1662264
1367543
-1565970
1744755
-2845504
-96971
-1731051
-3240895
-2119856
-1158246
-880175
-1310180
1333613
-655799
-1000231
276456
1569754
1444146
975530
1102552
464285
541297
1565670
-848247
1034078
656810
808481
-407037
-399598
-572977
-2023009
66238
-1717666
-1262035
-58577
251273
-285112
-1011081
2032240
446928
-707705
923830
-718975
-439564
-365874
-1052445
662527
278457
2385346
-443555
-1026919
960444
839341
446124
-907792
1576988
-2382682
-834328
-357289
900947
-21288
-1006885
-207680
-921265
-102813
1227834
-2075597
-595783
-507348
-238024
380629
-616546
1114338
-268237
-425323
323213
761697
-267806
877505
261451
-1353077
2140702
1750838
58524
-740049
-2416628
-1211204
-926081
2590076
306572
-241727
-1685578
-1045467
-87988
-211360
-941398
-698842
-303051
-466434
-472492
-208491
-186591
1236547
855652
964482
1431875
301350
381123
-982412
-124743
523915
-558383
381190
-3075745
-257302
-298731
1331956
183415
-1638591
-714596
-2205038
2277974
-2036211
540291
1136695
-418377
1496711
1144266
893772
1039530
2036202
3107883
248353
776537
-713530
-270351
-1344557
-853392
123661
-1792601
-1053123
915762
-1808667
959588
-636780
161631
-811424
746596
114279
-941938
602432
164973
1375072
-245052
1470638
-918855
390487
775730
-753192
1078809
-2149036
660187
-785892
456546
-987400
-1767718
780156
700305
-3410
-171605
-110383
-793762
-754096
1341624
-554422
-781097
-903144
-445801
-570744
263309
828072
-774195
1262138
335452
-293829
1338273
187394
412752
-991069
1853438
-198659
-1674876
514919
203856
342
-78232
1931113
-1733608
-1458607
2947516
