#SpinCore Technologies, Inc.
#SF in MHz
#SW in Hz

[HEADER]
@CLASS=	RADIOPROCESSOR
@FIRMWARE= 3087
@SPINAPI= 20191127
@POINTS= 128
@SF= 21.670000
@SW= 127986.351562

[DATA]
-3502020
-313164
-2918763
-2091166
-1536334
-2497420
-643843
-3746137
1674174
-2142977
1868456
-2446205
2640175
-598038
2631432
-267671
2169088
724145
267886
3365976
-1656366
2551048
-1766593
1219896
-3663810
273036
-1316659
-991355
195804
-1924465
-257460
-2950758
2610140
-1588651
1521866
-1609459
1830507
-533963
580217
1128231
1548961
-1072118
-258120
402002
-998381
3206352
-920645
1161212
-2637278
1545058
-2613048
-571287
-66270
653083
109945
-2345378
836914
-679613
1293951
-3205823
673650
-1954246
-1082348
-472313
1751839
252377
-1352761
-1422608
-1095541
994187
758174
862650
-217959
1432805
-1760741
519162
258370
755546
643639
136697
24146
-894150
1610047
-1784423
-955371
-985167
-1071054
-1616614
313033
374062
736958
-306733
-1221504
1197748
-741638
-126220
525179
1593024
562334
-1348034
1393650
758833
-1287386
804865
-1342808
-400958
173624
647864
5439
-1049761
-1184951
-242524
-937111
508133
700434
-2059903
1464408
-623155
-185243
1578828
1292338
-422299
-389031
-7773
-672305
-456007
143478
-338303
-919138
-1000352
24776
-1036962
913213
315061
-1594098
984990
-508270
179376
897601
-354884
476998
-1043035
889252
-108754
-168333
87346
508422
-863128
-1093045
1130846
-418418
-33380
-2037269
-473643
-719545
-1073769
1027979
1467977
-1027777
657638
-1075307
2455519
-1534708
-383387
1000097
-651062
1472486
-757269
1417546
-266060
415277
827929
-1380376
-544959
-526543
-1259119
-1592074
-1344412
384140
151749
-508242
157984
-833948
447169
-1109129
1358349
-794029
602141
1128319
-244506
-286913
-360891
3046820
629807
1943916
-478453
-2220625
2064669
-73722
-667324
-844113
-1881407
-423551
-1442192
430823
1184667
3348
1036585
-870764
137785
-156398
2680750
-699653
-563265
122958
-1335105
-547260
-187721
2949299
-619629
276821
430821
-2735591
-307682
-415840
-931401
-2203110
-258690
-668310
-1151675
1384335
1174004
-1242638
100669
1575937
2399974
-38430
1742298
739503
-1385385
1150170
-4895
1235858
-1079722
1548328
-970379
-196201
-9439
-233341
-825445
-2297696
-69783
-1110116
-582993
1395951
-899028
