#SpinCore Technologies, Inc.
#SF in MHz
#SW in Hz

[HEADER]
@CLASS=	RADIOPROCESSOR
@FIRMWARE= 3087
@SPINAPI= 20191127
@POINTS= 128
@SF= 21.670000
@SW= 127986.351562

[DATA]
1901602
-965346
2470077
517133
1833966
3629866
-376736
2174924
-1273398
1314924
-3037161
740244
-1227992
647787
-2383409
-275085
794169
-2169400
905150
-2834288
2209525
-2126336
2040191
-1881155
1722784
-431795
739050
873763
-1265920
864964
-218810
1142429
-1901504
1238954
-737105
1453255
-436064
250434
-1187056
579340
1385421
-666290
-1171420
-1156721
634273
-964889
988666
-1623782
-1504816
-1064500
241366
-167854
-815513
-978685
-1195217
3153648
-319016
2750083
118868
1565272
306894
400524
5163
-104346
-569233
-429142
718328
-1320214
171355
-2346470
-869868
-235933
-1030605
-1638566
-217194
181889
-1126370
1269464
952568
440560
1282735
3907261
1763739
1252427
853368
-277035
303334
-691686
-414518
-1848954
-1363552
-1492877
-2508121
-576312
-20470
-45612
-2077362
-314656
200204
2537937
2696225
1216101
845131
176644
2029925
421840
2121254
-637651
955482
-1596803
-89891
-1430641
-2688417
-1770273
-3192960
-141855
-1360162
289805
-1173077
278618
446051
2596356
1573240
1633675
2572361
1362603
245587
-960838
1484082
-1232680
943484
-2735305
-1269540
-1311447
-940852
507857
-1856408
-172895
-1333146
103199
-586458
1941184
1264690
-202517
3219163
20490
-261295
91675
1755926
374653
-3877
-1140537
-2740058
-711429
-846155
25622
-1783597
-441717
-1279902
-627836
-225098
2437195
-285949
1492126
1000927
1257317
1567791
1945944
-642686
-1935598
1455671
-1077337
-833575
-1228816
-8140
-2830143
-15685
1504787
-1654929
-1073040
-2217646
748841
-616275
895637
1810119
-1018997
2593799
1644829
462318
-154592
582252
-705357
-1451876
-915499
-1241124
-329172
-695416
402909
-217914
-651942
143846
675778
-2178958
-562818
768115
537606
31132
288936
-1081309
-923104
1599496
2497877
845256
-834346
351679
-791165
-779327
2820682
-1680574
-1660396
-98021
-161905
-1967797
99421
137811
-215003
428255
2721247
-759641
-239138
-92170
154279
-245194
1255927
428388
-2447673
-203829
405082
-250755
-118824
534041
-448520
-904459
-508614
-300178
229774
-540909
848187
-965790
-84629
1193874
-1123087
-552387
-462426
-263300
-353541
