#SpinCore Technologies, Inc.
#SF in MHz
#SW in Hz

[HEADER]
@CLASS=	RADIOPROCESSOR
@FIRMWARE= 3087
@SPINAPI= 20191127
@POINTS= 128
@SF= 21.670000
@SW= 127986.351562

[DATA]
-1136225
-976286
-1209628
1428625
-1791916
-1096659
848576
-1404760
481492
-1091523
1039264
-1109649
-593641
-976875
1164336
276384
1011073
585430
-1857867
1624867
-639276
1297221
-651321
330442
-555784
-988220
1118687
-339541
779738
-2026946
557739
-641158
459823
1581359
-1168556
-570958
143197
424853
-709425
793721
866910
27737
-404782
198741
562913
656399
381108
-769328
34628
2203478
-1080573
134321
-1533553
1302648
852562
683722
-804030
-2088702
827110
-3039631
1865935
-57352
-2506432
-373942
1272740
91991
151719
2947959
1534441
728049
1419237
1902853
-72649
-1193216
546403
-2469918
801933
-913650
-1477597
-71459
-653905
748526
-1914316
996314
-715091
195085
1284316
452358
-333276
-1276260
834073
-1027466
-444795
-2006359
433000
-852341
322904
1494524
-587211
1282022
-949569
-686076
-204708
1163575
-806751
-957262
516803
-179397
-1633291
-1016829
1119669
-938814
349842
481351
-1676674
292630
204042
50292
-1907303
1136132
-540050
-772856
2318071
-1517292
-2567773
-1275854
1624587
-491384
-1674056
-489076
-873749
888457
1532853
1482137
-1393166
151946
-711970
642773
2130039
-431112
76080
-729340
-391750
706573
-175039
-2186081
-731935
474467
-1245269
1603929
1216676
-1846557
-1009894
1127942
-551139
-535438
908260
-2106604
-692713
1191855
-195613
-2564655
-1367242
748971
-2292016
-824315
-539418
-726941
-46489
969507
104719
-1439879
1531699
-169265
1208972
642245
-1066927
-1609239
993733
837847
-1851230
51719
316925
351234
110936
655146
1868824
-721154
2328239
650384
395553
-347593
823177
-747705
15502
292888
-1699506
-1919953
-170430
591981
171127
-621602
-340152
-403946
2296143
112810
50341
363709
510396
-1188967
421503
-1048799
-781352
-1685950
-763197
-488446
385196
422255
-215821
617664
1387736
-205563
1494640
-660448
-62084
-940141
800304
586135
-1012252
-874658
-639697
-250203
-1293696
-192833
642971
1401952
-1287636
387277
831871
922606
172029
-86401
124074
-1847837
-1081888
-674436
-1793872
-80901
552843
-1055173
-1103632
815487
-246536
-1493465
2154540
130159
