#SpinCore Technologies, Inc.
#SF in MHz
#SW in Hz

[HEADER]
@CLASS=	RADIOPROCESSOR
@FIRMWARE= 3087
@SPINAPI= 20191127
@POINTS= 128
@SF= 21.670000
@SW= 127986.351562

[DATA]
5102440
1056020
2660732
2544341
4154462
2712103
-1220164
5240855
-2278570
3691665
-3424253
3289274
-4402097
-1811123
-4186303
-1276967
-3647954
-3370355
-696026
-5077820
-599259
-188047
2676540
-1638293
3013139
1147404
1168016
2303869
3025505
2650131
-856058
3616203
-545315
1088124
-1071772
1992635
-1743855
-253986
-1886781
-1840782
-567622
-2061314
316589
-4011855
2433473
-354520
153616
-1331754
1865131
1112065
555580
1059352
886216
998815
-1073257
2487523
-298559
586801
764135
198023
-1841534
-223185
-293960
-307908
-1567247
-805170
-1453750
-1070428
880683
115401
-130877
-745059
111204
1192935
126599
1864107
-210829
-1085281
817928
1040769
-452497
33660
-598603
971050
-1584715
1869184
-1338866
278557
219165
-349700
-224958
-77576
2192424
-769580
872383
-1975497
132649
-58198
-186012
-1213343
-77713
-482420
-319258
-577387
438972
-1014225
1688975
1221862
-1638238
562319
70983
1150808
263151
1602867
111593
-7576
1606881
1175105
-148284
489731
171012
-838899
124409
-1074814
238616
-496855
1863032
-698725
443949
-321818
769227
1390661
728569
-818569
-457123
-778297
-529451
280729
-258401
-939979
560907
729924
-1923821
1491425
-1541817
-998168
-123116
1216558
-528468
-1975443
-60381
771244
-803603
644954
-387277
316810
-279180
1338460
-78087
-1158457
-1012888
72409
850362
-607824
1165783
-946444
-963231
1063123
-544844
1021159
640772
1240224
489497
-1417367
763175
1045620
1450989
68547
222262
-1087918
-373510
789347
-944267
-1046235
-1023935
-738004
-816483
877162
514196
1724635
-2004418
1910857
-263283
-100148
960183
-79148
-634910
1073772
1600863
1158523
-558282
1921867
783570
-1582427
266770
-977047
741710
-2809191
886708
-1243005
-880471
680847
-29992
1364499
-265237
-137701
-1002925
-1871021
-630465
167696
2116759
-48195
365678
-308743
152127
-103771
-600242
-508000
50342
-2516424
-2066345
-711165
-2352
312157
-26328
-273480
-976367
493613
26882
993776
54091
-740497
217994
-273373
2073255
196601
780592
-277993
-244440
252324
-854514
-65201
199829
-1195800
-170578
-658548
