#SpinCore Technologies, Inc.
#SF in MHz
#SW in Hz

[HEADER]
@CLASS=	RADIOPROCESSOR
@FIRMWARE= 3087
@SPINAPI= 20191127
@POINTS= 128
@SF= 21.670000
@SW= 127986.351562

[DATA]
2927880
-1278569
4279814
2210470
2178689
3280734
1670756
3499638
-1058066
3619860
-3708636
-669934
-4411319
-640341
-3469496
-1939342
-2519808
-2912615
360308
-1818532
1313570
-2134311
4804610
-1346145
3704526
1353114
3685916
-1025727
1193083
431219
152799
346537
-413135
2075755
-3289545
2793619
-2578768
969778
-2742988
-782993
-651749
-1084372
1204693
-129774
2272347
-1724840
2119340
-237491
1885296
692956
1294693
-234059
505773
658541
-773387
2991880
-11217
-712828
159163
2607514
-253318
1419305
251595
-1293781
-520676
-179859
-343000
-1030609
678645
-1777836
341415
375181
872359
298744
-125249
377800
-1357746
510406
759514
-1987503
-704103
150276
-841284
1534105
1526313
1582506
-1576146
-58150
645730
388764
-459727
-89287
1452343
-1040612
601143
-1699235
335308
-440158
465857
-511284
-2138261
-348208
923627
-264557
-1705261
266982
1308742
1258352
-838231
-291029
-1110514
665331
456861
-212084
-581202
-792088
-2081080
1313198
-238992
535253
331102
-419391
952277
1294606
1308393
965252
-501202
-1292548
391593
-592334
-41310
-779693
1176012
-737999
695230
572683
287025
235477
-1166063
1123336
234504
1416581
308556
-353808
-550620
-824207
1214249
293016
706816
-1053134
-465483
-144333
-920437
2222754
-299250
401189
205631
-273030
831238
2273528
489414
-995198
375663
233042
411787
247942
1159052
-2249426
82398
1162880
-1005350
-788093
-349393
-944743
-566368
1002118
984971
-652877
82621
218741
-757580
1166581
753974
-506670
-358482
-226778
-221198
-87456
1010225
-538363
-865484
-228012
-31866
290693
-740690
116459
-66383
-429552
926365
2024108
-403291
-652369
663827
958590
81044
237451
81008
77741
290441
490967
-871116
-740469
-1384461
-1259938
-734912
-1105325
556706
880468
-63872
-1047921
-497216
1171396
608126
-486849
683344
713804
-520942
-134945
494991
-965715
-785239
-284773
-494639
-510803
518752
-1271347
912205
1262210
-280295
340457
805541
-968102
-1537026
-79993
-352484
-474197
-1077668
50164
-791964
-946416
347425
2057842
-2906945
980404
1011004
-225774
