#SpinCore Technologies, Inc.
#SF in MHz
#SW in Hz

[HEADER]
@CLASS=	RADIOPROCESSOR
@FIRMWARE= 3087
@SPINAPI= 20191127
@POINTS= 128
@SF= 21.670000
@SW= 127986.351562

[DATA]
-674602
1735251
14033
-454962
-29659
-1117900
-1039699
-1576120
-1643534
-2383897
1569422
559807
742456
-437278
1451671
93182
2360373
-212165
743341
1555230
1236861
1062814
-1243553
330665
-1115574
433575
-679750
-69907
-1266739
1187199
-257267
605301
216669
-2195077
-1301560
-2118872
-95084
-1487251
-1715236
-1923762
-441578
771017
-19103
306492
-53060
-867233
1458732
453546
850223
1211359
-409378
-927220
-1667140
466597
-1210873
2176736
-355941
905506
1011669
-402094
1282050
-838216
572378
-928387
-1145310
138637
-1272400
-989743
-468428
425090
801806
570286
1021388
1670828
-465927
437948
-1152063
-18351
81988
-2456533
-788512
803611
-1719902
-248088
202908
-466662
1044112
-20202
-1353375
-948685
624922
-2321187
-1336930
-728530
-979944
730962
549056
656173
-159185
1787064
834368
119190
-171515
-1204005
-439110
1085464
-1026315
-3035105
-1252711
772479
-405278
-167191
1616813
-453163
1691692
1107947
853467
-588157
-268958
-665733
-3294978
-547359
-3014068
212952
14916
1244197
770884
-1239362
-608809
-860067
1623261
-540737
-999379
-1076657
-122369
410926
-907291
671499
-1044884
846672
146000
104046
-1322858
-1176879
-9008
-872608
-575865
-1294044
-1198109
-682037
1642751
1225925
1116620
-133958
1186485
1817417
1311962
1218914
-1406811
697414
-1237706
-68265
-1655044
-1169587
-587196
-389169
804437
-984196
-355533
-1121494
1125219
-893551
880979
-291053
-670160
730652
717159
-41697
419740
200114
-1458531
652946
272998
384290
-768397
28030
147720
-313203
-335926
-2588008
-1509144
2856422
-746581
-729446
274005
821334
-692815
1585089
303826
655007
-1406752
-690504
-127975
830750
-547213
650311
-487987
-40908
-291621
198846
-267056
-1571101
1358255
-1726880
-295413
-295465
215576
903377
441151
-94792
581151
143227
-595303
694989
962723
-1236015
78129
-721803
-565537
83256
149839
-1395104
-77814
1702815
-1139184
-53175
-99508
858472
-840296
1815854
-786707
-48276
-1318552
-383971
-1489812
-760258
-2501552
-679643
1201098
509689
1356227
-21129
2266875
159748
-283686
-1233703
