#SpinCore Technologies, Inc.
#SF in MHz
#SW in Hz

[HEADER]
@CLASS=	RADIOPROCESSOR
@FIRMWARE= 3087
@SPINAPI= 20191127
@POINTS= 128
@SF= 21.670000
@SW= 127986.351562

[DATA]
5641088
1346478
5949851
1441031
1019256
4244059
-1153975
4582358
-3148353
6596811
-4232133
2472200
-3366901
1693175
-6530280
-1597802
-2102637
-4992292
1166720
-3490236
3628419
-6224540
6058259
-3311522
3621047
-182623
2944160
2479586
-1368025
5843265
-1479240
2422337
-759784
4440720
-2954719
1046161
-151410
-1331072
-3473716
1185784
-355506
-4504920
1526304
-2535993
1139281
-3818595
2494672
-1955317
2306887
1241395
1296645
342189
258036
3721827
-856589
-554831
137274
1439954
-1617693
3000586
-754543
-477898
-1203788
2812
-893436
-1773190
-206494
-2294084
8259
-1486091
53749
-1062540
972134
300400
-1350430
175703
621797
2676533
-1194882
391090
66468
188280
1327489
2535731
852927
-293543
2533519
151314
-545437
2312835
225560
-3265130
-1600121
-2722592
-1609164
-1861604
835920
-544733
-1922075
-486943
859639
865430
-1470384
1665759
-310344
347460
584602
2216808
92514
511246
1491874
-286431
261281
-374050
751224
-1379662
-523872
141403
-1360748
-2615289
-620956
-2716051
-1275093
564071
1715786
-46192
-887576
3377200
352738
1190119
1471446
76267
-467315
806200
2294038
958885
1599002
673246
1785753
-598692
-652506
-1224777
-379980
-410677
-669864
-1603904
-149980
149544
-841916
7451
-672431
-67483
-1809695
347727
123463
781555
1133405
660874
-15301
217116
-364708
866093
-14698
-344990
386765
-1367118
638780
682171
-416592
-1671310
88740
229507
-3089565
48153
399071
-1165416
-766876
1844144
-1020048
1195152
1358045
1547505
-1069712
-66825
2490326
-703454
1136013
1996256
-715329
-2041609
-1709934
450584
-2163168
-582570
9561
-1243017
-1369480
1139546
867403
-40655
290818
629763
-1246312
7097
1430890
168015
-1001646
-418737
1119426
362230
1078041
-281163
-1802350
-566111
-907523
-44542
281947
399318
-414371
-33490
-607164
260083
-247916
-976675
822009
-454463
-177674
888139
638121
477168
585853
784667
-945169
-162780
1392626
1275506
-702026
-267419
1218099
-108319
555100
61301
291941
-1402281
-2205358
1711118
-620663
441823
659535
-2488033
-1187502
-305650
183824
-911489
-269643
676167
