#SpinCore Technologies, Inc.
#SF in MHz
#SW in Hz

[HEADER]
@CLASS=	RADIOPROCESSOR
@FIRMWARE= 3087
@SPINAPI= 20191127
@POINTS= 128
@SF= 21.670000
@SW= 127986.351562

[DATA]
5467213
-250417
4762287
3954848
3103934
3765508
2024136
5751924
-1476541
2084458
-2524736
2270705
-4499776
-579325
-3871712
-3992572
-3296395
-2370746
-2047948
-4969593
1299066
-4072797
2931363
-130304
4167204
1830661
3857569
2045449
2476892
1861912
574536
2126887
-1962393
4098090
-3775427
-2692222
-2206475
1559849
-3960063
-232450
-1502813
-4361984
-479272
146632
962633
-1389806
2932300
-2014538
1468167
2404633
4611040
801452
1766077
1100096
-347958
2120158
362286
662732
-1925203
1772446
-1220355
2310502
-1403980
-322107
-2030047
-1295185
-281334
-807750
717419
-362474
365196
-518023
2100540
-983295
-873423
-1355415
466488
-93314
-593268
-646566
481692
1923303
1244634
-312146
-385632
1375580
-766986
379711
-256072
-487138
-1230979
-43489
136642
-1328381
877993
-736431
-2075612
-2568054
-712643
-719320
-361716
1224503
-1501924
750101
2369219
2112178
1161654
638397
215226
-368717
70760
763392
-1271014
192129
328401
1004978
-1534937
818
-386375
-120979
581088
747972
-714492
560397
-195448
413977
445841
560695
509828
1298068
-572003
-877571
791079
-1564495
-278824
709101
-690894
-1199388
803503
224017
-1814282
1084642
384155
299269
-1198237
-684621
67484
45108
418447
-1506143
-909423
181344
402045
-698421
156310
-37488
-1141303
-1056819
-786239
665215
1134657
354904
-99130
1072325
1524464
171693
1256076
1258204
-386919
-446800
330309
-685009
47613
905244
-181766
62759
1366881
508060
538549
934169
-14157
765170
-645241
1674496
-1137389
-1463464
1048060
287237
-231200
-481134
-598161
-824078
873706
1099333
-273475
-860802
359728
92190
338855
80111
-366583
-1178613
-284321
-1371747
79674
319828
-120416
-211357
-362421
50038
770162
-280683
475187
-349471
-1427137
-284476
-78354
-578061
478333
458740
-134415
-1151671
528337
-867650
774664
336223
-1583515
262804
-190608
1029778
-307468
835392
-55387
-949949
956595
-1171133
1664542
-1134634
778573
33906
463660
42439
-187644
88786
223580
-138944
-1725957
-780887
1440106
-624935
-302288
-389162
-271410
-49451
-597656
986627
