#SpinCore Technologies, Inc.
#SF in MHz
#SW in Hz

[HEADER]
@CLASS=	RADIOPROCESSOR
@FIRMWARE= 3087
@SPINAPI= 20191127
@POINTS= 128
@SF= 21.670000
@SW= 127986.351562

[DATA]
-1448023
500794
-4086684
-2407840
-1282770
-5468414
1790808
-3354508
1802693
-5820383
3221836
-769025
2861642
1095118
5040799
2257747
-697759
5180156
-181358
4629676
-1943107
4798318
-5803453
1855561
-2199219
65575
-1872594
-2730696
831376
-4378092
1333589
-563965
1150265
-1710769
1629858
-328549
988578
96289
3355887
36805
-630385
2791135
-2582358
2046925
-1836146
1881573
-2971721
-1441634
-2211723
295613
-517824
-1063137
2204833
-3662037
-245335
745139
300417
-1217733
1956646
-1673529
-239995
220341
2112127
521971
1483843
2931434
-184504
969084
-651504
1582072
158597
-1368865
5601
221687
-748636
1441878
2460144
-1451230
-1818085
919506
289044
-127842
1903384
-865556
-273924
-1276303
1245973
760073
1913417
2699940
-131080
77726
62912
891402
-64061
508212
-1001579
-1074177
-867541
170805
249020
897359
-143939
875244
-1003145
-455848
-874107
-366579
580122
-344458
810562
-374856
-71908
1877025
-822803
-174030
197166
576288
-393895
-801776
716746
321520
-522103
1698145
378866
-1255501
313661
1947897
-888802
-451303
2502726
15140
-221987
477912
338582
-1706428
-96827
-771452
-848254
-1658313
687760
187520
-448260
25169
802415
965202
417108
2292687
-1154353
-839617
-375495
1519944
1396990
139475
448867
-990763
-514022
-861658
1044819
282177
730921
-777865
-1728449
-588462
-225359
525007
-1008099
-1452731
-1299674
681409
1050335
588439
-625085
-482681
649835
233431
-1317828
-943097
-551649
-555131
824465
-154814
-907017
-985057
1300794
-792599
886741
1434307
568746
-1264908
626139
957192
713662
-434119
-47958
-1250096
522426
493931
550421
222883
-341544
-137273
310920
648344
547559
-594038
1237513
-1146649
-793619
1051575
278060
-1762572
85469
-350348
-2651533
1259834
519328
438177
96877
-217421
-1453096
1290237
-37452
1337454
-1199564
-967925
610270
227358
1235024
356665
566209
363836
546792
-1035458
46744
907039
762853
-1455796
-1200010
-1150734
1409094
-1144019
-2167681
-472441
-477400
-325209
-584533
14781
-177530
1338141
664018
-591302
482498
-454358
1899671
-1252851
