#SpinCore Technologies, Inc.
#SF in MHz
#SW in Hz

[HEADER]
@CLASS=	RADIOPROCESSOR
@FIRMWARE= 3087
@SPINAPI= 20191127
@POINTS= 128
@SF= 21.670000
@SW= 127986.351562

[DATA]
-3667390
2486323
-4040751
-372952
-1702435
-2202845
1102589
-3855796
606594
-3916690
1564385
-2839111
2794877
-664376
2623368
1534860
1448013
1937780
637435
4888311
413191
2380757
-1970379
1336141
-1992113
627336
-431664
-753819
-2389786
-996710
-1590153
-2605334
800368
-935914
388832
-2720166
2379576
-1004644
403516
1104638
3488657
809246
-1649960
2316488
-1283156
1062532
627028
1927316
-3512028
916655
-88219
1252898
-2022830
-363840
-108912
-2232763
149663
-1241492
1099574
-1980970
345586
-589372
1872360
1318251
1314475
1072450
750911
37433
-1744798
-711969
-532331
-1148029
483541
729645
-1936177
-411519
-273114
740062
-1234457
-3399
99867
-931444
852257
-678747
1428343
50792
1385621
1286736
-721426
-587862
938427
-1485227
96465
965357
1184527
-96158
-1882947
-16408
-1364115
-611397
-1064749
-2075734
-154666
-761239
-370712
-342889
152453
592756
-2510937
-98862
799834
-1678773
528044
961203
-1316110
234116
1463126
400108
-119370
1507160
-196597
-865071
1219750
1306401
420241
-1709665
810080
-2292776
-1219720
1155251
964801
-1070054
-1060316
-842722
-718784
-365869
848278
-149600
-470193
-1209
-1195186
446805
81424
1172930
-271688
-1289506
-1761936
-1047429
1733929
2205429
551993
1368098
-1103386
-361777
291554
48327
805763
-30551
1214444
-1613858
-210619
-195808
704763
-1100604
-714246
-1897381
-442644
-685782
-545847
707932
1233654
-1395447
678624
2208837
-2395949
1119671
101113
1488974
-852403
-417644
774472
-664819
349234
300747
-321526
-514275
15103
-106661
-281572
-1075993
1202474
-360984
512303
-643058
630839
400086
-1098275
218552
-1761254
-387045
1050263
299562
1006491
-929868
1058062
432417
-189268
1212037
-1424261
-1193553
-19635
-138565
-668252
96939
2887664
464442
559577
492083
-953768
-597917
-552568
158096
-35443
-582633
887114
-995049
-2445621
1187312
-80651
-527480
-634607
-429204
-1499897
-424277
-508543
443152
-139902
-1905067
-460883
1939699
-62227
96291
1359503
-1075497
-1005388
371391
1200504
-542563
314020
1856940
-316252
-1207086
1502964
1161250
-131279
-320143
