#SpinCore Technologies, Inc.
#SF in MHz
#SW in Hz

[HEADER]
@CLASS=	RADIOPROCESSOR
@FIRMWARE= 3087
@SPINAPI= 20191127
@POINTS= 128
@SF= 21.670000
@SW= 127986.351562

[DATA]
4265263
1006869
3769473
1362604
3430074
4012972
847777
5266803
-339210
1127032
-4216658
3308769
-3330022
-456465
-3308209
-2921699
-1967989
-2006833
-96861
-5692835
3085995
-2734598
2541851
-272046
3827526
-901983
4439272
2213578
385880
3618198
1523353
2930714
-671388
3185550
-1920327
802814
-2320688
-1177628
-2810825
801400
-1483462
-3373486
657973
-2739746
297678
-854503
2115469
-2079648
2879580
818571
1247692
388066
-1529653
-461988
1547196
1858054
-1451713
825935
-982522
397246
-1483288
920988
-1724905
157389
47818
-123176
-1143377
-959778
415797
-1786540
1403083
-2673190
-1759064
-12705
615007
21545
1186252
241573
-376992
1350848
145954
161879
-2011316
738696
-184079
370022
-1101848
-903180
-827408
-1494170
319247
-386635
-1024149
-276492
800426
-24436
706160
1248008
-765708
42939
1388757
-1392660
164577
-1237291
-860205
-973236
253779
-203292
-391810
82066
2218752
1100389
-311258
-255993
362814
622672
-826604
1314386
-770483
-252806
-278551
-663616
-715531
603461
-1546164
-1798781
1811279
420340
-817661
-1002563
228039
-446253
1208767
-83525
201192
-128583
-115765
763543
5566
1366897
70599
-642642
1147139
318559
240035
319016
931584
-612784
565131
1256027
-1843052
-18033
-68204
-120353
1063740
-237272
-156330
-58907
1585353
-1099234
1158131
937097
441369
-226562
-996773
-120176
-346446
1453816
-898466
-1456687
793901
-594568
1037168
1415850
-697063
-1044659
390340
-503047
-1901218
548357
-972626
-1507744
235385
1139381
-662978
-546246
188812
-67996
1552115
551610
-768293
1035008
436583
985962
-113834
23743
-828222
-2781960
203554
95064
-267360
336352
-214909
1020985
737061
1424438
129155
519443
472073
-735592
-130029
770628
50033
-2272333
846569
-2228092
-1769594
-37874
-233039
586972
-507876
237196
-440234
582107
1609448
-1504577
1189386
579618
1136067
1586492
-6889
5464
-1353736
1226157
-973553
837002
1310223
-226099
-146053
560885
1315635
-1021793
50267
-98458
104204
-1511077
743062
-1434281
82008
471310
406188
377777
391130
-46871
-658116
966040
