#SpinCore Technologies, Inc.
#SF in MHz
#SW in Hz

[HEADER]
@CLASS=	RADIOPROCESSOR
@FIRMWARE= 3087
@SPINAPI= 20191127
@POINTS= 128
@SF= 21.670000
@SW= 127986.351562

[DATA]
33323
113615
82443
-505885
1414666
-1342495
-1155669
-1845926
185962
-584296
363999
-76661
2084738
-194080
-776551
-1256576
-395362
-507482
-51088
-1151104
748984
1089825
-74528
-1033074
1415624
-24594
608006
1376258
2137908
1334957
1513956
34538
861779
34027
-1096288
121096
1529292
1258492
670828
-475946
1039895
-471384
343266
1969145
1553775
708599
1686367
1287149
437739
793345
-213935
-645791
13038
339973
582384
969631
1550244
1804899
590853
-1295069
1110030
-87132
820623
1758357
1034633
-722542
-123635
-2466673
-429090
894912
-814863
493939
-520047
-724055
-81538
425853
-690085
-572837
-1285397
2082417
437476
-322489
-59200
-1145832
473024
-592610
1280211
1916243
632733
-882805
-1303110
-1465830
-410004
-1587753
-702330
2575690
280346
-513737
1317010
-274903
102656
-988179
-816315
2401447
-170627
926468
571983
82764
930956
-1265116
113441
904368
-197695
838311
504955
301845
882559
-636989
-2158602
840893
-1583240
607140
165693
-935690
-455342
50611
-782877
-19678
-1730732
321139
286541
-1023998
-162728
-57564
-467036
-2627039
240167
16626
13406
-575841
907076
384103
-258856
-78424
-1623283
543526
-126521
210437
51159
894767
65543
-1695538
-865893
-366724
402813
-222601
1101287
922166
861736
-1597406
-793343
333572
-288199
-630591
-477125
-289093
-73620
643358
-1555710
956551
755702
348389
-511355
959379
1014192
383460
-1985724
-508818
-869373
450143
-856772
-483041
-428938
727905
-893718
-2417628
-32365
87974
605552
-255033
-656432
-353476
-131456
-1350857
-123722
-15363
-298899
-938271
-1211807
-1023160
-318667
-919033
439907
-254189
1197369
1338011
221693
-1055455
-808842
210118
-1850764
-1458267
-706705
1213433
-902299
-716476
559378
-376087
2440835
-1334293
394923
391266
790395
-1455793
-780749
-543547
684533
-450248
-323684
755084
-297237
-356789
-917394
-1918085
349886
556559
-664321
676007
-376188
-805789
-46688
-1028040
1386142
353116
-891747
-1700243
-394199
-1204929
615152
-2157079
598550
526906
-947494
-498904
91504
-1119197
