#SpinCore Technologies, Inc.
#SF in MHz
#SW in Hz

[HEADER]
@CLASS=	RADIOPROCESSOR
@FIRMWARE= 3087
@SPINAPI= 20191127
@POINTS= 128
@SF= 21.670000
@SW= 127986.351562

[DATA]
4099669
-956806
5204565
3282014
2700666
4780994
-1196473
6363801
-2593525
6694438
-4891367
2423768
-4613243
568654
-4613773
-2701352
-1996885
-4231638
1421402
-6191586
3116990
-4287422
5040978
-1957081
3308325
-1801966
2979066
3005548
-67752
2131048
562293
3848958
-2535554
2554629
-4077011
896753
-4450855
1282926
-4925316
-332801
-2077436
-570363
335132
-5125411
3046979
-1657022
3845015
-296857
2988774
1673905
1887760
1700982
1130063
513400
42858
1832313
-1346291
-712625
-1699454
-121266
-2609753
-2120122
-1023487
-2013151
-1345044
1012640
122740
-541021
-1606194
-407127
741738
-350574
1385475
1258742
2519853
-12763
1237317
2666600
384238
1968207
-286500
-480887
-248463
-177058
1485715
-1102917
-566515
869739
-30782
-1324836
-815681
-1247415
-803458
-1148780
-907507
-1800808
1841230
30846
735350
269263
269627
814256
-1287041
473075
-143414
-303049
289462
121355
-292855
1696566
-18449
517214
-1154477
-357179
594613
229844
199089
1929
-801360
-224068
-371729
297954
1545323
-860743
116174
-602315
2408677
-139480
320631
1365747
164769
856903
-468419
-164179
310878
-554223
-149783
1097139
171826
-320890
-871790
-593641
-1136180
182561
-1423105
-82225
607484
534997
307263
1238697
2058872
1245858
-602245
295518
-13208
-603877
-36328
477877
72813
835101
247294
-839269
-1065334
57198
1081909
-970273
-1743646
-76290
-248165
-54239
1704424
-431925
884686
1461472
506621
-1362898
-1461309
-221115
-80634
25958
700224
482073
-85084
645651
758629
-340686
-770735
897370
376126
-787292
-1153004
620819
391176
-614285
1294254
-1114909
-1498452
1109005
953229
-828497
-1032068
511033
-477656
-1244865
735899
1823822
537997
83783
207791
175467
203334
2769039
1003566
-1905861
-170987
170825
-1070426
-1521156
329347
746165
-954216
-506708
629012
-40954
-1257193
1132202
-206113
144305
-1419069
-133882
-1703655
-606749
-121288
1246798
-101322
376675
124253
250081
-1026904
1075011
858908
-699199
-1721038
476475
190251
-807335
103261
-698047
-1057201
-1522398
714834
-1011766
-1040961
177223
162563
2681611
