#SpinCore Technologies, Inc.
#SF in MHz
#SW in Hz

[HEADER]
@CLASS=	RADIOPROCESSOR
@FIRMWARE= 3087
@SPINAPI= 20191127
@POINTS= 128
@SF= 21.670000
@SW= 127986.351562

[DATA]
-5252778
505914
-3066850
-1013740
-1971691
-3411661
-3197
-4706270
1475031
-3130251
4630207
-2850190
3840471
-1628999
4203606
2445408
395914
3080926
-2716438
2367269
-1340214
3135475
-1935718
948467
-3933991
1312286
-953813
-2108653
-2487644
-2843456
383013
-2536973
156987
-2073705
2640447
-2697718
2355588
973921
3425581
360991
939606
2428338
1004318
2658464
-2476297
1520542
-1541704
-803726
-1068323
189183
-120017
-1457396
219289
-817216
-163057
-931831
-544783
-1427406
1322615
-17628
111895
-783849
1409064
-99255
-1173145
865749
1181926
-614082
754292
103039
-325296
562421
1121384
629956
-1491217
-1293064
882065
-734200
-641434
-1076017
-1288076
-1425521
559744
-223458
259885
-260576
-941083
-379394
1111571
864867
1525877
114677
-41254
57695
1452135
1587799
-335660
-683185
465609
-299040
208081
1012514
-591984
-790195
-567823
160952
-731314
-493728
164724
-520317
-692753
870802
-192783
-1042876
265563
1292647
94367
122827
1432766
860740
-129938
1366818
1489
-986863
-1565079
-608971
-599497
166886
740416
-1714091
-1633684
1079469
938976
294447
-134786
225631
-1838007
291411
509482
-620106
-251477
-2011313
469773
-1424911
1171120
406093
-1915122
-2099888
-694166
246908
-92131
1071389
710594
-727798
545359
1440017
502449
-528509
695357
293416
-856048
544931
67858
-1522582
668443
-257519
-987176
-320127
201758
191308
-70837
1912162
-773292
914523
-216111
414838
-1099056
39169
-893849
-339121
-108920
-561847
-678530
-743455
148297
46619
842690
414899
-504571
-907529
-1133307
124635
-473539
1609669
-476024
-383297
-106019
-102173
672140
228868
-691092
-613217
-617142
428466
752405
-532086
-1690267
131252
-869413
32616
-826847
424569
-535130
-1445352
-532445
414724
664946
910551
500411
-729625
-244785
239274
840909
-18641
-658709
1211019
-1242281
2432226
1248024
-1183926
-1116395
-1743615
984184
204320
93421
404286
-1424761
-782979
-601925
274923
-1175456
445886
425456
-652593
511184
-401300
834662
-132616
61034
639922
-416209
-729664
-540930
-490618
1297631
-1229820
