#SpinCore Technologies, Inc.
#SF in MHz
#SW in Hz

[HEADER]
@CLASS=	RADIOPROCESSOR
@FIRMWARE= 3087
@SPINAPI= 20191127
@POINTS= 128
@SF= 21.670000
@SW= 127986.351562

[DATA]
17295957
-1361331
14533573
9039716
9745073
13901421
-106879
17003172
-9089230
14847060
-14185774
7698659
-15155476
287201
-13118161
-8778741
-7019219
-13024240
630494
-13893505
7907400
-10852873
12335773
-6382927
12019043
1250179
9958855
6080740
4732402
10847794
-1811518
11281463
-6356292
8831723
-8653320
4169812
-9326709
-986049
-6675959
-5461131
-3071965
-8047280
963711
-7643527
4023926
-6998818
7028622
-2351373
7531680
1716091
5399608
3617070
2683733
5483094
-1091197
5065035
-2961673
3137909
-3195656
3737949
-4607562
317676
-2593028
-1989246
-1314324
-2742723
-788942
-4028668
1860161
-3045277
1998458
-1732783
2384776
-386568
2811875
964160
1638835
1400482
1329004
943299
125147
1447317
-1339965
1441118
-1032384
515336
-1713610
1015441
-1482157
-722847
-445098
-592821
-676412
-222051
450553
-1827563
930368
-854140
-190114
-1343032
2149477
-1283133
1828022
1102551
796615
1058772
643631
81387
-188590
980368
186057
361562
-979851
328888
-869886
185737
-366051
-2564
232799
-15307
77217
-748445
753993
-130676
154163
-535723
1046522
-74715
314171
22286
1316680
497604
484029
678305
-196423
879345
20086
1141073
-904564
551614
-821797
-521996
-1024182
-375238
-22313
-412222
-941587
-311877
229646
-607681
633795
-1314466
563663
-307470
333101
335778
146186
-805278
-870822
352753
-69928
-1041220
-300408
895593
-306115
539824
-241306
-899049
686821
1021180
-104665
-45765
-508039
-1001859
483285
-212075
-353231
-1037096
-214810
280787
799895
-215529
783053
-361465
815003
901331
-170416
-190671
-468631
702237
663396
649833
-986735
594744
-540507
-51202
-449694
-519438
-305675
273824
551481
-805920
419627
545812
847839
455987
545687
297476
-186867
556674
-333146
-525361
-938646
-211129
-776547
112981
362089
-585219
390667
-388377
-318276
30278
611305
563517
-27323
408089
-216
-514485
-259951
963322
-761251
-738078
49241
-1038693
754043
115771
374333
-310300
94829
210780
-207374
541105
-63225
255694
-496883
700082
-455126
429547
385172
67018
868409
-148223
717277
-1105634
-142804
-464970
