#SpinCore Technologies, Inc.
#SF in MHz
#SW in Hz

[HEADER]
@CLASS=	RADIOPROCESSOR
@FIRMWARE= 3087
@SPINAPI= 20191127
@POINTS= 128
@SF= 21.670000
@SW= 127986.351562

[DATA]
4021784
-1722935
2311628
906515
2585133
1760428
-949950
2461359
-1098479
1587375
-1241702
1547826
-3885510
-645193
-1994546
-1536162
-1021051
-1409034
-275936
-1824672
1370900
-1536425
1937123
1025214
1398385
-1431419
2783070
1491259
482695
1795032
331273
886680
-724192
2929019
-978984
1473631
-1114885
1404418
-3452581
-222149
-888909
-2562882
1005812
-1609597
981646
-1365501
2856173
471634
693436
810382
-669525
2771837
-73708
189452
-401494
1000206
2158657
258892
-515966
864003
88992
-443200
382851
-1372862
-3021481
-1381289
-1421148
-677636
1434895
-1479857
-544460
-1245834
1252999
656552
1419765
2039300
573056
-196915
1529830
993804
-649355
-115086
-267996
-1385154
-430601
469187
-183460
-1442100
1376720
2085388
1332934
-697167
-643530
-1332955
-407039
1228693
-705287
-483193
52726
-2067570
282721
230942
928996
74220
181819
288665
430047
1962358
-473268
-1058114
236472
562749
505753
-1629933
496591
-2244344
1032837
139103
-1008663
-708727
67258
-40144
-2641652
620129
6014
-1855363
335484
-246453
-226790
-1882120
1486585
-280467
-375205
816455
-264378
-263221
218363
871050
-1486252
-759564
471161
-895533
1646808
976213
-668418
-103682
1851670
1283591
395887
-283332
-443321
-645750
-898212
447240
-1220305
-2254333
-837091
-2004071
-397740
-845049
34134
675812
128692
2071947
660817
2077853
843376
1339554
-1405673
-1114146
237672
-1426009
70216
-2919053
-219309
-30479
-900209
835394
-1250552
-344026
-746499
1227004
2101713
-311683
934229
-255701
1149861
1020324
1250247
-1118703
-90280
302530
-757650
119556
-836548
-873832
-2356537
-702963
-576542
-425647
279558
-30767
56742
343664
928678
818040
809183
146166
-1703092
-694101
-109528
-400410
-375361
-1442490
-1043135
-660867
1029702
500136
-887898
-835296
-1339263
3190125
523874
1319821
819273
-113226
1018132
-21036
-356886
-2333741
49061
-143084
-974181
1126974
-190776
-209496
-973696
389591
385472
746871
486470
1398027
120997
448433
1886385
1449979
1213001
20281
494435
-845534
150390
-492094
-1382579
-1897126
-2054392
-385585
