#SpinCore Technologies, Inc.
#SF in MHz
#SW in Hz

[HEADER]
@CLASS=	RADIOPROCESSOR
@FIRMWARE= 3087
@SPINAPI= 20191127
@POINTS= 128
@SF= 21.670000
@SW= 127986.351562

[DATA]
4426075
-200542
5437728
364235
2994977
4147982
571995
4929687
-1174389
3467734
-4099890
4934520
-4840958
-303381
-3034031
-1662094
-4982851
-803396
-965168
-5554387
-109899
-4334067
3118510
-3051584
1960609
-3627936
3948131
657061
3692792
1305015
1741557
4068195
2312947
4327061
-1580208
1673400
-2071744
2025331
-2497697
1901324
-4534727
-478773
-2309041
-1209140
-1181136
-3292775
-526305
-3060973
1655143
-2321010
2834041
-153998
1263302
1204880
2919585
1139582
93404
1385948
-130444
314816
-1568501
3006814
-1353982
461115
-2003674
-800240
-885332
-171429
497551
-195062
-750969
-657474
-244597
-49368
-2086584
-2017510
1031225
289807
-1189195
-992637
2112550
-647655
2709868
-193953
447005
304600
1230934
932344
-949446
1221134
-2384720
408702
-1878311
507598
-40630
332446
-854406
-835964
-558531
-978129
1398637
-911734
-264727
-1151123
704130
1084036
1126698
1414121
668531
516146
460142
-1221393
620577
359088
-155932
-1073185
-85975
190128
-795790
273489
-1752230
1741883
-54116
-109348
1786108
516901
-1280362
1338675
1442719
-1341012
455665
401211
-179762
552053
1366905
-1059414
-876556
2204163
-219154
915977
327680
211121
999044
-417275
179415
-2457088
642188
1058991
-41905
352412
14802
-545153
2107571
791849
447265
-505200
1396555
-366713
-84832
1230048
629248
-1305745
1029283
165066
-1229100
-145570
-48051
-122077
-364928
1433888
-1957877
432203
662675
-971711
1308583
503967
74563
-1856329
116120
-249779
-93931
135765
-69471
742895
-287173
1439101
476769
-1089235
193027
318705
590995
339157
-902609
-1373660
-712854
-269721
-806621
445797
-377035
172150
-81704
-647263
443463
1403222
1488827
-208505
-275936
-1279022
78647
-685271
-870416
-202356
-1779118
1081869
-156066
21935
-1008854
394233
-144619
-999677
-508440
-352610
-420344
-545453
694405
-53922
309705
-317305
-888548
17114
-805272
1462020
-959027
-138820
966744
1351973
-315250
-1388916
601385
-2375439
788934
-87104
-1083305
-1826208
-1333274
69878
929076
3004832
-422257
750608
-42612
516359
-672762
-630864
-1553985
659548
