#SpinCore Technologies, Inc.
#SF in MHz
#SW in Hz

[HEADER]
@CLASS=	RADIOPROCESSOR
@FIRMWARE= 3087
@SPINAPI= 20191127
@POINTS= 128
@SF= 21.670000
@SW= 127986.351562

[DATA]
-709686
327551
93802
-358055
180713
-1268508
-1897219
-376441
1471725
-2208364
1248038
-960561
448482
1061450
769156
92363
-830297
1335270
-955864
1017648
781068
-214349
-129628
227798
1545741
979122
534096
-330993
-1394113
-1607934
1127918
262858
-601562
-672955
670116
-589032
1901623
1426000
38668
81081
945118
1380135
-488663
1878769
-646982
-45734
623237
-211394
-394785
-501370
-164466
-1589472
-766134
-2469192
-57514
-989681
-946608
1739653
355811
110751
-1183388
693649
-43445
2082728
456233
-8906
1352763
1752096
-183512
591227
-755270
-871938
-438916
178627
-671845
-697417
568299
-29440
348530
-449263
-647689
2069
-1461540
1888774
88534
8319
484542
1116318
-801576
239309
1250988
-530536
890408
732117
-146388
-689790
885989
342923
-150040
1744737
-921003
96516
1466558
366354
-1914924
-283344
-1006435
-498653
322859
90042
1112061
-506807
135161
885106
1055866
312626
324790
-349625
-243189
-337405
1349178
641933
-1256753
-1855917
-1083574
837776
-1303286
-550358
-149718
-1026594
-937327
2108930
585934
-1525108
1860443
1336421
35963
18286
1100196
-1237306
-2087437
-110810
946026
-2507811
2002738
-683039
-2582406
97411
1467966
2202345
-2984947
719664
-1411505
-2564834
1186614
1862602
-569591
-962275
2657554
-694399
-684919
1259618
300207
-2107309
-1131112
697728
-1244003
-715039
351155
-269948
546914
-314703
-1103859
125530
128988
419131
173955
848002
418248
617340
-330984
-1311673
-213978
-518942
1353282
-1466850
-1507044
-875117
-828277
387713
-46505
922503
-1344028
422881
-32376
-572212
-837274
1602886
358163
1500747
909880
1143093
-763935
-370657
912431
-17534
1179343
-246791
394044
-1456248
1281354
606508
-682720
140454
-604930
877069
294322
5735
-459948
-374060
353651
1732860
160793
-960574
-439322
-153443
-1691531
1004146
-17872
-523742
-661360
269175
63183
-1739611
637130
149429
-1137296
-215925
784478
2279904
-1284727
1724402
-1423954
-597211
165832
423470
659289
-337434
2269015
-1398618
355086
221646
1020982
-11720
-874461
315478
