#SpinCore Technologies, Inc.
#SF in MHz
#SW in Hz

[HEADER]
@CLASS=	RADIOPROCESSOR
@FIRMWARE= 3087
@SPINAPI= 20191127
@POINTS= 128
@SF= 21.670000
@SW= 127986.351562

[DATA]
2059630
546590
1680462
94893
2218580
174616
-641022
1403572
-923213
1929887
-1726574
2052938
-2422401
1285804
-764376
-2089430
-1449294
-518899
-165219
-1754374
2056005
-1256155
697934
271834
2326054
1867994
3108546
1799680
-1256680
502633
-334578
636833
-1747873
711992
-1156859
-568130
-1322936
655819
-1768961
-957091
319376
-1439306
1433146
-621915
-160061
-22471
1395352
560092
-57307
757699
811507
-297463
551891
-910566
478329
853266
-428933
588245
-1500596
1836679
-1409893
481918
-803410
-2174554
-562602
-921131
-489984
-1285241
932482
-664081
325326
102724
1463238
-188390
586406
-1191372
-1410596
5820
174762
372105
854803
-1599509
79473
718349
-167836
518084
-1090527
339294
-731259
413928
-2371299
197480
-76873
680165
188920
-256890
2317077
1758561
822255
906896
-297274
715235
-2304032
1860426
-1885542
456326
-543269
390688
1166192
193602
-357318
-969267
281432
-242381
-1311352
457655
382552
-111500
-313281
510766
1939755
-933657
738550
833573
-901075
-298349
453018
2414706
151380
850161
-1080798
-661959
-11917
495619
-1393576
-2003658
578140
-889120
-1511563
-932415
1401216
1499382
270184
1949462
-227987
-568512
709956
634419
784578
-1487856
660798
-1172921
342321
387354
31029
-743515
473621
-226708
-1505073
275154
974582
426425
649500
-23188
792952
-1090021
1523153
-372710
607699
743716
2088291
39512
-1175856
1499832
-1314703
575951
-176093
-485988
45409
-1683131
-937021
-1663317
811754
-1531451
-119811
651751
-23861
867990
1475756
474146
-711361
-1466638
147781
-93285
382598
98866
-581228
-485861
-681814
1126228
-483913
609948
-1726991
677101
-2122821
-392367
746305
941340
1458530
-248341
1695096
-397217
989963
-580537
-1073897
-153151
-408767
35498
-9313
571707
475277
-498865
502242
1479192
1264417
1445042
-527987
230420
-1172756
-62409
520942
-586223
-113507
-1220779
904896
-573884
452813
-221016
-1230766
1573037
-483995
1073489
-72211
1298892
-816733
-538272
1191933
-471779
1446841
-1395474
810973
-630293
1178337
-1069285
-1869737
837760
