#SpinCore Technologies, Inc.
#SF in MHz
#SW in Hz

[HEADER]
@CLASS=	RADIOPROCESSOR
@FIRMWARE= 3087
@SPINAPI= 20191127
@POINTS= 128
@SF= 21.670000
@SW= 127986.351562

[DATA]
-981107
-1829403
-190286
-1528778
-718140
-2089279
-145118
-893261
-968535
-1381716
1482129
658150
1703365
1459404
585725
1432083
690160
-147712
-123439
-1206589
-920612
900691
67888
-78283
-1319240
118687
-1482189
213067
-259041
-141993
-1139511
-1351472
1282662
-778446
634892
-1952947
1916133
-446946
572410
-768111
80544
725633
-1615330
-872868
-1419261
-974643
679218
773446
364005
276844
2722525
1604135
778746
1319177
-1681727
475972
-1255109
-994385
-1696190
-479088
1136560
87745
377296
-407986
1729420
-5303
560243
1805521
-554678
-84008
-1488586
-20070
-1066896
-1151957
-421903
-2388817
1159899
-1535982
-1183453
48162
-536484
-373646
621485
1143020
-860356
1164897
225418
-1572150
-617018
-1826197
-1380762
-651405
716270
-480520
-1075015
705940
-720385
750736
284635
1189725
-1310155
630523
1198842
-1545982
1510469
-670684
491872
301641
1354239
-263361
-396501
627957
596150
-395934
1052606
646057
-1507842
-59799
579122
128244
-1174569
-643709
649305
-989956
603894
91856
-1483685
-4338
723568
61096
-1765093
566153
-240659
-2053706
-138646
-408591
-693081
-131580
331046
-1048445
-778463
1433106
-2104695
546492
-326349
450803
612207
546941
405939
1018246
455620
-846428
165220
1141832
-529452
-664526
-1151901
-768561
-1076623
-29781
-925134
533976
-957160
-234707
829472
-373491
-474158
67937
36465
-524301
1500847
516468
-992871
585105
-611859
-1266760
-816867
-834235
371005
513307
196505
1502899
-888950
1645461
1020928
1248676
1154980
1066688
-181483
-1460797
922114
-105127
-245379
1087948
-509240
-511943
434881
1397905
-2539329
425918
457860
-56641
179192
1167259
507891
-129559
854911
766928
-473124
-933762
150148
-999293
-638935
-602722
-1788138
75688
112831
359641
340021
251679
445390
1789603
-67242
1126134
-863634
-70053
-47648
-448871
-533389
-1312165
-433468
-1997228
1030244
-1022127
-1125651
567361
-1126562
1223300
461052
1082094
-341533
180755
-667483
-129833
986771
-1294606
264766
-768873
1329401
-863632
-12989
-1162710
-984503
-367542
-105869
1935875
