#SpinCore Technologies, Inc.
#SF in MHz
#SW in Hz

[HEADER]
@CLASS=	RADIOPROCESSOR
@FIRMWARE= 3087
@SPINAPI= 20191127
@POINTS= 128
@SF= 21.670000
@SW= 127986.351562

[DATA]
16905157
-2233137
15679625
6784235
10435164
13298038
1244721
15277721
-7152163
14544731
-13170764
9208443
-14706250
2243522
-12685416
-6438348
-7304152
-12026201
-430613
-14059541
6040827
-12760552
11047042
-7292668
12042894
-597386
10521681
5397212
6000632
11143704
714970
11469422
-4645366
9785800
-7588427
5499939
-9702217
31047
-7757638
-4649440
-5391425
-6974227
-1677578
-8981136
3153751
-6565735
5138041
-3512726
7290373
-1193206
6420161
3335863
3445950
4828310
311009
3910309
-2071162
4626509
-3980824
2833316
-4425259
1048970
-4332849
-485484
-1936832
-2046258
504192
-2680203
1051129
-3465163
1137331
-2764930
2198064
-2044778
1846309
-504846
2316360
929505
811775
2221794
1267021
1709966
610694
1761588
-322119
1197641
-452230
-394800
-1931497
-554027
-1575413
-887665
-1472538
-512790
-1708832
-451669
220530
-78562
1970864
-707098
1300482
-599069
2363790
-716921
903441
-516848
219277
45458
-332872
1696588
-1564506
1891082
136840
2431046
-970526
1796604
-336103
377007
-117190
50525
-481355
-2179208
325487
-1627327
-636541
-1718759
-339470
-1091296
667691
1005893
505973
1475658
1274347
466548
601669
686059
55406
-321260
-734023
-458229
-703719
624167
-894561
-982107
-810473
-212191
-178880
-177785
705267
669836
3569
231093
110283
473994
96239
-901491
889622
-823683
-87198
581567
306627
492316
-224901
630463
144494
957543
-180658
107731
-14443
377259
-1341038
211664
495020
-237120
507988
-284981
-41762
-371887
239658
-510128
-747659
-340735
-148332
572059
-143968
-401352
137223
1234081
-272488
-304354
-186298
-34758
484608
404866
164548
-1118192
5905
-31252
81254
77169
-170579
197914
59017
175447
-251245
169496
-470410
45317
416019
131648
-396936
21966
1029631
176662
197325
352632
1210433
-1087970
480313
424968
88602
-817122
-488619
-55096
-610891
197286
-1010162
49470
636954
567741
901187
-192169
-213137
205860
1170698
-187425
-152111
302567
601555
-927190
-22391
510935
-1659505
55553
-237022
-508864
-364700
288198
-363832
163846
444619
-117074
-321998
-309478
409250
269153
