#SpinCore Technologies, Inc.
#SF in MHz
#SW in Hz

[HEADER]
@CLASS=	RADIOPROCESSOR
@FIRMWARE= 3087
@SPINAPI= 20191127
@POINTS= 128
@SF= 21.670000
@SW= 127986.351562

[DATA]
6304939
-1561715
6675787
2401416
3163558
3709131
1659484
5690557
-4058546
5413652
-6273159
347993
-5236361
-661943
-4821376
-5804164
-1723869
-3315944
-1091041
-3083258
2828619
-3223653
3436733
-1015010
4456729
-496620
5554902
540952
4028519
2840593
1028981
2838481
-178990
3065101
-3895111
2949309
-5262324
-158896
-3307566
-970462
-2811432
-4068769
-242561
-2366601
1882899
-2752971
3107856
-2456884
4329952
1321063
2061568
-182081
697026
663466
130118
1351367
231456
1607566
-2308352
788975
-1870101
1720420
-3263871
62174
-1815818
-1179612
5493
-1289204
455733
-2208257
1251013
-694902
896010
-781947
982221
1040104
-367590
161225
1233313
210716
-698291
-1217739
427381
868986
245448
1098341
-2705908
2439049
-1670296
638806
-23661
81224
-2117614
-572764
1000069
-1811046
472773
-1236150
-252807
-213153
212979
952170
-774764
-1975477
271977
-52429
-345552
1417110
1659326
508672
-907450
809329
1030124
1772868
815124
192450
-98814
1213296
-133822
-1582811
891689
-860396
45679
12466
296821
558403
-1007057
1336500
-848478
-337040
1224821
-106218
168316
-1335798
769106
247948
1291192
1157990
633874
747017
789898
1012937
1135253
-435678
654807
-1205503
720880
-598962
-844328
703034
-781837
896627
-849108
672950
-50958
-435934
-817825
107220
-537351
-492297
1444309
-724379
-272048
114124
-759092
365131
-579367
366972
170810
-1619446
-1550046
-169657
1034837
1217674
450661
747724
-923000
-973491
-726361
1279159
-358227
-1809282
787572
-149291
-235039
-1156265
708545
195034
-145173
-317844
-195474
-570006
-771524
-444866
-1844664
-82606
357960
1283750
293327
29659
136930
-367605
1143930
-1133
624518
-156402
-266780
91571
1117015
158491
-348711
-1517705
-317882
-367723
-47009
612718
-241364
-1393926
-922470
1476708
-78375
-65655
1439674
-704485
87487
-632570
284678
-1018302
595167
-801535
-805496
-1667891
-786055
-217869
1086229
546247
82531
-150471
-925390
1692162
-223905
863728
-121263
-829637
-8745
-628474
106235
-395619
882138
-1699418
-428181
347403
-126475
1175451
-267760
406281
