#SpinCore Technologies, Inc.
#SF in MHz
#SW in Hz

[HEADER]
@CLASS=	RADIOPROCESSOR
@FIRMWARE= 3087
@SPINAPI= 20191127
@POINTS= 128
@SF= 21.670000
@SW= 127986.351562

[DATA]
-1378514
-278934
-874440
338173
-1084910
75982
-873316
200242
1555735
114018
252033
-805834
1243471
-346133
1363606
1741718
-704730
-929830
-595267
-1280880
536038
-1363155
-1816597
-2576788
594712
214137
-2790844
-1237736
-630582
-129065
206806
963061
801624
-505795
1050536
1168784
2391959
-644573
1641565
-1127301
1375011
2023104
208759
-1328680
370329
-254109
-1893173
360509
-167770
46941
56153
936160
367049
43939
932140
307931
831776
2043600
-601653
-1112194
37164
1250624
-1232584
1211498
1528201
64673
-1279464
1560548
-1174556
-1845287
326710
1082640
-1436286
-124974
-395173
-540087
-554851
1338083
-136386
-99253
299258
304249
-1287896
75418
1417947
199059
-121663
783278
-1344901
-812702
-47560
472636
-774745
-853434
198338
-248261
-204262
-968713
1941558
-541754
584427
2329030
1158559
327504
135018
715411
-1844559
-33346
2295210
-1033818
365877
440827
1188939
276487
753275
-205387
-1226085
-221769
2153547
-143013
1149015
144794
586617
-1261212
-147813
-704173
-935947
-990637
-492829
933464
-262775
294441
-396432
332278
-1286865
784729
-890549
146966
-212548
-323663
-624783
-1755703
-1163371
803012
1045033
-194600
-182813
-7317
1539246
-16269
420818
-627311
201515
467413
2197540
-260823
81008
-1558194
71620
-677791
-65694
-970120
-1688869
-641013
-564654
-470868
639687
34858
472192
47813
392100
741668
1456008
-1189691
2400299
14460
-1474363
-1042588
936174
-1237830
-120007
-636744
-1911022
439934
-1244582
270930
-894387
342083
-231984
100158
-173901
84065
873486
-1672815
1231713
552569
618185
-780857
742317
-375030
-1839812
113286
274926
-1165096
-822829
721406
-554279
-1135360
1195624
-18221
-1248272
-387
634740
-758019
3929
-927430
-595788
-2049948
1828833
-180250
-224264
-498624
353474
1441009
-259047
588402
109199
25124
-210159
760875
-463326
-992185
562405
-574457
359396
-740200
1074851
-191985
-679420
649273
-563030
-335849
-1199269
-971613
561371
-96658
1714656
812262
524046
1774213
54334
64494
-33898
210240
1116091
1725787
