#SpinCore Technologies, Inc.
#SF in MHz
#SW in Hz

[HEADER]
@CLASS=	RADIOPROCESSOR
@FIRMWARE= 3087
@SPINAPI= 20191127
@POINTS= 128
@SF= 21.670000
@SW= 127986.351562

[DATA]
8119660
-53795
5124101
4097707
1720702
4168843
-451771
4449070
-4055942
4485167
-5755939
1818416
-3498784
895247
-4193184
-2518778
-933726
-4492098
138918
-5002159
2605490
-5325462
3234891
-1369016
1764268
-45682
3622615
1872217
2355743
4204122
-777062
3832123
-781143
3797925
-2890433
2002495
-3338375
-274922
-2313970
-1294004
-3917943
-2486337
1035290
-4448877
1463020
-441297
1189593
-2108467
3415374
-706091
2268270
1662761
-257282
1887408
321811
1714686
-2062560
1485244
-720353
1119914
-2076503
413363
-988379
535778
747814
-360485
354122
-1002404
892000
-1644018
2566005
-2308177
-341301
-1340611
-871242
-288627
852572
-428222
794
1406041
-1412614
1615902
1108212
661301
-581310
3023534
-774223
-438760
-1391971
-628281
-1850109
187209
-1774125
-1895631
-303010
1089718
-763433
-187266
1950744
-382286
699031
1929170
365280
-1376936
417605
-243473
-329463
91645
-1008110
-447611
460704
1157675
-1308992
-668832
1970439
-256519
-202317
435105
893293
-222741
779660
-323260
-2314267
288831
-857579
-857661
589479
-39935
-1703088
-1578613
2787594
565117
421225
1168453
-180010
618116
-122309
862818
-2153878
183192
-1423570
-138887
-298413
613771
-1201597
227858
1163200
-36101
-120385
555808
-100996
-574976
-399611
-602227
-1868756
1824947
-1697234
1196897
-565776
121280
91843
298576
1137110
-621685
-1239242
959363
2113844
-411199
-915517
100362
708412
-564280
-1148595
-451423
-161446
495814
395895
-158788
2215988
-387444
800999
303250
783004
-76468
316929
538689
-305066
253723
-3135434
-894251
720993
-1196628
-805798
282251
1156366
-717623
1404201
1852662
-228715
415038
-1022603
409425
-395800
353674
-2421336
-131997
-1122502
-697260
655406
-268665
406902
-201408
1885596
115943
48256
707692
-956937
-15515
178977
746149
-1439755
-43825
-117741
257765
1826424
-1436733
-322801
717075
1252244
227534
-342622
-399487
83345
2854588
780063
1285639
-376488
-1387859
298987
1961282
-718438
-349946
-12725
-564218
880924
578511
1249599
-14093
494992
-305589
-632351
942790
-259315
164384
-1486878
1889872
