#SpinCore Technologies, Inc.
#SF in MHz
#SW in Hz

[HEADER]
@CLASS=	RADIOPROCESSOR
@FIRMWARE= 3087
@SPINAPI= 20191127
@POINTS= 128
@SF= 21.670000
@SW= 127986.351562

[DATA]
-4265113
1483706
-5254618
-159787
-3545306
-3064784
-156364
-2998271
44195
-5591504
4424876
-4669427
4409144
292861
3503070
-1290906
2522490
2429429
-225627
5385449
-2191961
2660931
-1996090
3347859
-2221503
1998030
-2675292
-785573
-1364076
-1059358
541884
-3895347
-449269
-4104569
345716
-61159
571608
-2370375
733813
919503
2037697
620127
1480173
2490137
953612
2275936
-257087
1619334
-1215296
-406515
-2929459
-75323
-2961382
-1522511
-2281885
-247374
-431868
-2145305
1570003
-1180189
374406
-57138
1283135
-1484214
2083224
-1357708
-1903369
-502064
-319431
-67311
-625945
643574
-2816605
1589195
438825
-797266
-597243
1879583
73115
-100687
158606
-1002800
-2080573
-63969
-173901
-779083
1167694
2234166
-545116
387398
998623
-145278
2599666
1378374
-1459704
-56763
255041
-1081039
-3876
62502
-1190137
1047284
748197
1860214
-2164908
49322
-1196716
1387198
918971
503345
-2313109
-1068476
1027741
-1227333
332185
-623149
-1459896
-366194
-1252966
-618286
-28992
288632
354030
1634516
1274805
1281870
1215075
-675704
2123630
762427
941771
453543
-1291235
-1257589
-1515276
-1144569
-463178
224193
-861610
-350006
425911
399914
925742
943702
1675560
-33063
-486240
410838
-442680
-69054
-510058
-1879396
705096
360212
-517418
-581521
162334
-346934
-846763
565245
-976025
649363
242468
1281580
-288461
1041886
-549305
-1154332
-13513
-262992
-54640
-294020
643917
-1640504
166640
2082172
-800631
360332
-79171
563411
-171497
1867894
-1085870
-2232078
684528
607814
-307282
1006011
-727221
-1853768
814001
88675
66662
-436715
900487
931139
123892
306247
438341
-2105589
-47371
-1002451
68007
-414919
-1610375
508173
199121
709274
-142454
-745012
989238
-107630
1662326
-935530
-928757
-280832
604194
-1092272
-1050410
-934091
-506428
-41596
506537
-391048
-489649
1331325
1229274
25469
1991119
1464032
-401796
761232
-353241
-1408648
-1353216
239156
1196349
-1367857
532516
-510429
-15385
1471305
616063
-182548
751711
1086844
-1032431
-817413
814691
-792019
73249
114693
956703
-763169
1338424
1890421
