#SpinCore Technologies, Inc.
#SF in MHz
#SW in Hz

[HEADER]
@CLASS=	RADIOPROCESSOR
@FIRMWARE= 3087
@SPINAPI= 20191127
@POINTS= 128
@SF= 21.670000
@SW= 127986.351562

[DATA]
55154
-1094102
-1124090
-990803
-1547833
-212951
-158173
-870516
-876855
592044
551772
188721
40623
-103455
-698164
-762302
166526
-458633
1896558
1248173
-1625829
-390154
-1149993
1051408
-890465
304815
-253162
-36436
660061
-150549
525981
706463
394073
207764
-244679
-262383
1100398
-246856
879490
-566066
-96104
425855
-322537
-2255739
185744
1212686
798200
-188231
1581064
244842
-1847394
813022
-218799
-2002086
-1345123
-333619
594983
-1213198
1978835
-342290
696358
122748
1787208
-9169
-551244
-254993
-1319447
-808123
601194
-337095
412865
1108028
268462
167427
1227799
-277512
1768352
-299258
-739543
-623332
-172782
-364002
-300481
497527
-85823
-612126
548523
-905918
-554770
1735614
453338
996292
1802846
-529093
333516
349828
361679
-894429
658479
644618
-511775
-216548
-605587
-480881
1359822
1610966
-978493
-1466231
-346371
722859
-159520
228202
428137
-1400795
805415
-741355
95161
316343
1624596
57486
-633061
2291516
-1329031
-147904
1236533
962688
-581438
792836
-235650
-1878610
292917
-568189
-136252
-1030999
1199121
1395723
-1261118
563801
-1649025
-1294713
608896
409731
421920
-462815
1347064
799451
1149194
-909074
-988701
-844169
-557309
1251436
-1558818
-1039249
-1426520
271049
-129425
25180
1924266
20473
1147361
1279775
1255234
-577430
222420
1068476
-1108728
197543
329768
-671362
415192
-2020767
-1029146
561438
1534657
-656869
858282
1182322
-1097894
1417529
-378013
-357461
-336034
-835063
181911
-1918236
1274234
-205683
537307
-1173531
227167
688247
83006
1773141
-139647
-236501
-476210
291111
-113973
-666164
-2642
-1742631
528122
274627
-529428
-953496
-339261
-606384
-262377
1150600
-1192177
-1043353
940443
-466938
385966
130297
-222559
648422
1520151
-311703
329229
971126
342259
-688550
80356
1005151
-502634
-1134930
70611
244894
-255035
105936
729554
-570343
-582354
358134
-172040
317242
371904
627842
46416
1025706
-176896
70559
64912
743791
-411447
-550774
811217
-969472
712872
346772
1237718
-544230
1105717
-190217
