#SpinCore Technologies, Inc.
#SF in MHz
#SW in Hz

[HEADER]
@CLASS=	RADIOPROCESSOR
@FIRMWARE= 3087
@SPINAPI= 20191127
@POINTS= 128
@SF= 21.670000
@SW= 127986.351562

[DATA]
-3157836
-1239633
-885771
-365760
-3164796
-3870508
-443674
-3687432
-141868
-1123701
2959497
-2457323
2425951
576538
2508517
782243
2078764
429140
565658
3620457
-571463
1561048
-1560119
1779753
-870397
-90055
-1268101
-573319
-2270275
1030407
-1955552
-1033990
1678415
-2380918
150089
-1376045
2317054
-1203162
885398
-1231080
-690615
1892853
921062
391039
314306
1507680
973436
1322723
320935
596424
-170231
-237852
-784506
-799833
-937719
-1000789
-151144
-311751
-836127
-459016
1334720
115651
-339177
-753854
1781335
154232
2425857
437866
410971
583142
957835
-1146063
-436688
-686292
444631
1102520
-153864
5079
-1288366
395470
291137
-1017808
-943147
-19570
-40158
1122676
745815
-893460
730305
-1594099
2214370
-1496445
-257106
688513
3100
-536774
471786
1570757
-218609
422456
123599
-518474
-66859
828112
463933
-128804
-829995
161669
457196
2075857
-160348
-1513865
-645242
-710912
1639381
367756
-949650
152766
371940
431605
-241829
-17057
937779
-7916
550945
2614613
-1864584
-551844
-265801
-6766
651450
-1279620
1290927
-2353346
702042
272253
371930
-984818
-475560
763476
-1225189
1419159
-1047187
-621605
-369037
220788
971006
-682264
-167416
-2160668
743583
1367252
-249648
314666
447630
-357866
-1716801
956329
-648591
-635397
358972
-242273
-215095
267478
1280414
-885300
160230
300444
39525
-397443
636581
800879
-435024
1242095
-799654
-625515
365882
-720457
-408863
1813133
-466030
-1238773
-501566
2042074
-840005
566648
1165241
398765
35354
860189
245124
-1040535
521029
610504
554897
230700
1917684
-695027
-11036
303320
-783605
190783
818680
721478
-1216151
1691349
33917
-1254051
360326
-351448
-262519
375959
1784528
-684525
119342
-332298
-37659
-654972
34285
-346985
-64831
-1545640
-205636
-993194
-1573015
862218
-164860
1385032
971038
-754331
-721147
402018
1500113
731133
-824219
1425715
-57071
-110354
388258
336353
666200
-169133
192781
-979695
-285199
646968
-840347
174896
2239431
1310132
-1046986
-215335
1627444
-621794
-1130049
-161895
