#SpinCore Technologies, Inc.
#SF in MHz
#SW in Hz

[HEADER]
@CLASS=	RADIOPROCESSOR
@FIRMWARE= 3087
@SPINAPI= 20191127
@POINTS= 128
@SF= 21.670000
@SW= 127986.351562

[DATA]
-2628407
2191645
-500274
-735564
-226597
-2531410
721330
-2220834
2583092
-3429586
2255493
-2563447
2633875
-979984
1972493
123107
-577501
112833
-637668
3088311
-2120031
3300851
-2704156
2130854
-1029765
1657431
-908420
-985677
-1212984
-2113277
1848289
-3195079
1256564
-3418972
2343166
-1595977
1070712
-1017315
22067
-516208
-635203
1669540
-258072
1267133
-75436
2031984
367521
1268752
-581855
1444209
209372
-1332770
364522
-648922
733034
-1550013
1344693
-1636761
895738
-152207
1114928
-60127
-1030303
2422224
276806
-256581
17457
716188
-264882
1841034
-42263
818482
-12021
-58207
-856182
1854333
139521
-609104
274834
-1180745
-552502
-229170
2251632
-2437429
-301888
1054176
-659794
-459740
-34409
173139
-528181
-940777
1639967
-496473
585205
635193
1475397
-89438
897521
749191
-748765
-238175
-33044
-1292122
-1425823
-1048804
-731556
-1059974
681553
-1177316
-1218720
-230002
392943
435432
1395921
261171
-854597
15939
661863
166220
-212874
-1034202
1239432
-1481555
-354018
1099708
-1019670
-429094
-413245
-968875
-1276501
-651539
-65305
-1776961
411609
1036864
401965
-943274
1188470
-1106225
-672863
105076
-1131986
23012
877688
1768668
-536213
-592230
1807296
-1082370
-1380150
1748615
-689424
483680
-985307
-37148
-1247108
-827760
124585
-1117879
-949512
-1443926
947087
-412152
618001
1213056
-1450866
-528232
328490
485263
-1406119
799055
-866614
-624472
1992500
-19987
-2501557
-567019
1143140
1326407
-397627
83557
-725438
-1642921
471365
1824912
-624661
-1576637
942673
663769
-519882
736424
1424329
107030
-149900
764625
-258042
-875936
847087
82316
526475
-192855
1155768
587861
-274435
-474339
555915
-1125103
-389242
-1204001
571704
-150222
787061
-177767
-1395971
1251590
-424582
598851
-1886943
791805
-1744495
22650
1332277
-1399869
1137266
-1200053
795141
912991
-431524
2250741
-1313634
354877
-762635
-618203
358606
-261749
562924
-270058
1107093
-1586905
1288380
955923
-413687
287356
-511072
-1396362
-2131815
925936
1381001
-1376013
657264
404860
1421903
566641
-555610
1367720
