#SpinCore Technologies, Inc.
#SF in MHz
#SW in Hz

[HEADER]
@CLASS=	RADIOPROCESSOR
@FIRMWARE= 3087
@SPINAPI= 20191127
@POINTS= 128
@SF= 21.670000
@SW= 127986.351562

[DATA]
-1740568
-292376
-859685
-1375239
-1114814
180003
148704
-1009160
-845408
737794
958872
720705
183908
-2122017
1586061
656181
-165470
207715
158475
1510081
-178652
929676
448837
28003
-837273
232881
-694882
190734
-1552597
-107175
-320580
603341
130708
362478
-1618697
-1010386
1560457
-905918
916123
-2071851
1010390
163645
353511
493219
597523
-328189
-619617
54120
1068938
-122955
-1461877
399215
795237
283975
-464957
-1753702
178503
960839
376399
-386393
-1515810
505810
699738
-711625
626015
-1508098
-153416
1007321
753998
-777366
-540204
416486
-1292797
-105569
360041
-740061
-598136
597601
55319
1700627
1225135
-527248
-470908
42294
44243
-952976
994533
-1017560
244017
114713
251513
723658
-327119
424471
-381519
625074
738999
815323
-528765
-1748351
-454921
819790
-260246
-733172
-474693
367963
1101628
-1292965
280270
-17633
-681175
938689
-524840
-306966
-1203070
989579
1945676
-778471
532211
-70699
-1456425
301291
-443830
-1382110
-772467
144689
1384544
222666
906792
-1024533
142674
-1414691
-60697
-1200857
-860525
-563335
-1166394
1920482
-343844
1041064
83559
743396
957387
-1418894
-172020
-691644
-1216283
-264573
101197
-518211
313215
-470278
675406
82405
2179748
-180729
-1987762
1598216
797985
75913
895202
694379
-1543534
18284
-134444
-1374834
-39256
-1455723
-1453923
876084
1618354
-1131808
731431
379243
381738
335491
-427376
-1313324
654256
573870
-1354604
-289077
-1134860
701356
1471185
-150439
-1095666
-687630
3049875
-319301
207606
330246
1264275
-6495
1000149
95130
-1463463
2424879
-320199
350271
-128526
386594
-97976
176160
694991
-2146275
1295367
-487733
496235
100935
80810
-1236006
656745
170753
-138793
1109359
-1429276
1902387
440147
316819
-88755
-1130260
-350448
-927613
-41931
-853965
-108245
1329515
2147261
-1199580
1383193
717160
457674
912927
748037
-1561046
-64949
784608
-59330
-1238239
266581
-1073032
-342222
515811
-658329
-1011776
-1435276
-224829
1033823
225768
346134
-546752
-315146
-202260
-400890
-695239
