#SpinCore Technologies, Inc.
#SF in MHz
#SW in Hz

[HEADER]
@CLASS=	RADIOPROCESSOR
@FIRMWARE= 3087
@SPINAPI= 20191127
@POINTS= 128
@SF= 21.670000
@SW= 127986.351562

[DATA]
4720708
-600007
5183491
2287838
2150849
3376815
2123190
5983246
-877051
4812889
-4311993
1870184
-4576212
1462046
-5913954
-2746381
-2927345
-3509704
-3003344
-4930273
-345903
-5418246
4242611
-4243097
4036604
-871314
4696559
2603654
3017864
1760995
-197872
3110865
-1996177
2851932
-2237793
3153551
-2878131
1925181
-2266289
-1036135
-1674252
-2320444
-688970
-2498250
405043
-2894631
1922792
-2090249
-13653
-106879
1137060
-84029
3308313
945318
-932327
441906
-540770
1738327
-840686
865909
-115357
851484
-573667
-491316
-719615
1899759
-27202
-222971
-1107744
-293437
-2015787
-1236769
-254646
-1383051
-295195
561786
388986
-285861
2905414
1132536
1140894
1665217
814014
248023
1625336
559369
-2483315
-1055016
-1197975
-54166
-1118976
167591
797574
16785
858995
634733
257871
-223847
1609618
154834
572535
3671
83079
-1575172
-917142
-224650
-704542
-732807
588914
1066534
995494
1374466
1609245
655042
1614858
422967
348243
-25343
-1668160
-1185527
-1390202
-36042
-1118808
-716894
344755
-398033
379607
-1099962
-195875
-1478197
71974
437482
2844
-985914
1201306
171422
-291312
211794
-784050
-1513941
1014787
505451
-1312737
-262675
-603965
-680714
1392746
-573555
-601830
-430893
1139680
434642
14153
946273
-642652
-2380885
744546
-91174
113683
459052
452014
-1473275
853633
-19960
197417
1639212
1100289
-1230632
-137664
611371
-1558960
307572
294576
-642766
-968602
1368723
194565
-1111209
2373173
563599
-976989
991458
-28512
-1277211
-229316
501052
638299
-440335
1131424
-567309
-651691
-301713
114351
-933415
751565
1522731
-418601
766189
535345
805898
126272
-28787
501797
-1572441
33678
-1132994
-361984
389145
-1613655
-144718
1257235
597161
-513637
746664
1139469
1292333
-766589
-467246
-1340578
-171596
1021406
-1176606
-1468948
-1371518
140997
466022
1159939
-660503
-118483
403813
355086
-22209
619666
-1119685
-1666848
-174801
-1524065
20846
-747343
400471
-1303246
601862
1598410
91111
1304945
-106399
1554646
-109065
986837
927438
-435026
-851237
-555773
381352
-197792
217186
