#SpinCore Technologies, Inc.
#SF in MHz
#SW in Hz

[HEADER]
@CLASS=	RADIOPROCESSOR
@FIRMWARE= 3087
@SPINAPI= 20191127
@POINTS= 128
@SF= 21.670000
@SW= 127986.351562

[DATA]
-4146720
159038
-4024874
-1920435
-2811707
-3881925
-167910
-5124530
2414229
-2198815
2524008
-1906099
3103978
862229
1690919
2217797
3065218
2746763
-173163
4378469
-1925752
3498463
-2504807
2350630
-3738508
-750820
-1584559
-2695176
-1472908
-2079458
2016916
-3863292
1798099
-926100
3912031
-883070
3020604
1292820
419900
901481
1935267
1593466
-1396251
3032062
-404946
1867628
-1441131
1361913
-1745428
187390
-3139395
-1989085
-1028850
-2208160
-383730
-2675782
1327627
353316
1294114
-975978
139268
1028347
1018779
1903756
1581234
-182460
78144
1502925
-228184
192386
-649604
1068444
-459695
-689096
-1050312
-1156465
376241
524523
721407
-1059563
258501
-247421
-96651
-1938867
-520795
63489
-498127
355480
112477
603080
427571
138673
800046
1281653
477929
-93861
277088
1002050
84525
-493528
491792
-61498
673836
-2138544
-659989
-746030
-660403
177633
-1160668
-1044726
389249
351054
1784396
-307054
1390696
69422
-205359
437152
-1501645
533681
-1995555
60080
-1554911
-1790686
888759
-479517
1377354
549583
971414
941715
-410204
-169452
-403635
647026
866789
-695085
1519949
-882720
1212363
-559185
1612216
-449069
-581981
-459061
-2000100
-1016932
542194
639726
113727
-1077808
358223
1596101
839964
-225763
451171
-651914
1327054
-1035699
862344
336216
1778721
-2490167
646657
50629
143536
1247620
309137
-139092
-1454712
-608121
-790466
-1347552
-154910
1001534
384792
1577997
1402481
961008
-998148
1684616
650478
-1181713
280932
-355373
596303
-1038415
250652
481904
-2886874
698238
-572265
-1046785
321889
192084
-83448
-455394
1742822
1584085
-859883
509992
-559038
71863
580003
-1336668
694647
-1692840
82431
904796
478340
1372668
-763870
-662136
-1716812
-433544
796802
688236
-353243
-353857
-206530
39783
629840
1203806
-2030136
778246
321060
-647521
455298
-621041
104756
-1387141
1107938
256247
-1797442
218979
199999
-152098
-429710
586635
216803
321988
-52164
1305838
-1054805
554251
3659
-917167
-961224
-1055599
917363
-1163605
742420
785175
85190
1015512
-820199
-98580
