#SpinCore Technologies, Inc.
#SF in MHz
#SW in Hz

[HEADER]
@CLASS=	RADIOPROCESSOR
@FIRMWARE= 3087
@SPINAPI= 20191127
@POINTS= 128
@SF= 21.670000
@SW= 127986.351562

[DATA]
5679674
-1632825
4463624
1839858
3600007
4490927
-42630
5777269
-889975
5708473
-3862101
3471291
-3980008
1389127
-5191352
-1959578
-3034288
-3835434
-1215994
-4626299
-523724
-5244357
2674566
-2595039
3607829
-1047907
3149224
758435
4117982
2951251
420626
2385484
-818519
3998391
-2446721
3806789
-2213373
1150517
-1405192
-15260
-2451412
-1902729
-1350530
-2130160
-987486
-1609187
2112885
-2679944
1612768
-291334
1931796
704046
2298716
522275
279702
1820362
2435458
1397780
-474448
-437698
-2485461
1225604
-62103
460660
-3565896
-765966
-1383535
-233577
695106
-319068
-396363
-2321079
984920
329936
1292829
-1981443
646624
287939
1116021
1265745
50500
-1578269
525460
2315873
1164674
1582550
-577149
-171339
350442
1863565
823343
-512469
-1519498
-163487
679751
-463768
-561317
-1032757
555958
-226971
122751
-43153
1457796
880581
-888076
-669244
-131758
638245
-732013
-1044116
1009951
776175
1137865
714936
-1124505
566104
473247
801895
527505
210722
-72892
-1876821
-481295
541710
520458
-291068
-53665
-1384998
-747450
1034627
1702585
-1031660
-408879
-1882666
141467
1513070
1923855
238383
-1067150
-226884
-481107
790858
337541
725004
-625185
-765958
2260377
344827
-907237
761041
-253243
83956
286614
1070907
-252862
-578118
-457839
-1780733
1102678
312241
1136624
194293
-2159081
1523662
217536
450669
-1118950
-933123
-916543
476711
1383179
-573645
-346625
-266061
1973427
661049
1599058
-4530
-1501941
-448292
-586539
-377817
-839147
-674278
-682165
844607
1122215
229285
958062
-2044842
1243745
-546763
908206
610234
149449
-2117773
-942973
599244
-431775
-708259
92358
-131161
543967
246005
354762
-109830
168730
1656520
472155
-362517
-175016
191539
-1954505
-1249305
-1577453
-1750773
535618
-1375304
-1364758
-698961
1626588
1663483
-697025
1309313
-1317690
-39279
920601
1186284
-399764
-1994609
1521882
-645919
-104751
-1060538
-874354
-175862
145475
1404344
-2677198
1494440
-533359
-716545
456003
910231
1939687
-2547316
1582750
-1141820
2120651
257417
-354149
-806343
-61373
1061853
-660544
942471
