#SpinCore Technologies, Inc.
#SF in MHz
#SW in Hz

[HEADER]
@CLASS=	RADIOPROCESSOR
@FIRMWARE= 3087
@SPINAPI= 20191127
@POINTS= 128
@SF= 21.670000
@SW= 127986.351562

[DATA]
18116259
445484
13727400
8390063
7577550
13975616
-1154888
16291215
-10009438
12715672
-14346075
6122128
-14577667
-2320561
-12054317
-9337870
-4250956
-15129163
3519247
-13583001
9425299
-10013475
13452101
-3155285
11012035
4069175
8207297
8527564
2693300
12680323
-4496461
11456332
-9227566
6413613
-10258438
1782441
-9578273
-4156801
-5051878
-8041207
-1139516
-8471269
3510129
-7657817
7104266
-3253832
7144196
-425849
6692468
3566434
3473954
5685447
-7761
5135002
-1896153
3873493
-4405166
2571663
-5140893
413717
-4379759
-1929902
-2311394
-2834060
-31247
-3434368
2300855
-2216675
2516226
-2503598
3441105
-858115
2920102
1745896
1192941
1097766
494248
2152280
-527360
3175246
-1559798
463567
-1219192
591944
-1594578
139955
-1057173
-2022182
-1160216
-535551
-860430
-1647839
18088
-1700495
945560
379963
793783
24754
1212908
-96763
1406736
901521
1079880
111361
-406015
488321
-1549796
705203
-1348589
256070
-1559172
1797496
-784499
-333234
219628
-970180
133531
-1325995
348855
-1245763
919477
-807499
784860
-1356989
451429
557842
-451014
769046
141923
281050
578844
1471322
410425
-170901
-236239
338204
-384765
-22930
-59746
68319
-733160
-405335
113645
5177
-101968
-257286
764180
-68949
238704
-48130
967968
544996
1366052
-228537
-142055
1122386
-2082980
344179
-305741
-281576
-485524
49859
-42216
-461530
321879
-53545
-72911
-940667
1647952
223408
139466
226305
-442362
-1200536
-285853
551144
-381099
-74489
-1018656
-339770
65082
842271
-191980
-283140
-406437
652766
-554457
-434639
25313
-1313642
743684
939350
16212
-649032
-267858
323051
504288
597995
-294280
579514
-13019
294127
-298445
747235
425937
-985220
48933
-169985
-568823
-1175694
-215751
-328762
17730
877208
-473278
46628
171974
224958
352744
-326217
-100691
-1137121
882968
-882472
-58927
75982
-89965
-1120118
-9197
1089129
-772327
340280
427140
-313646
-80142
620197
-67211
190851
270419
-370092
280507
417166
216333
-484687
-647694
430454
-535043
-657648
402374
688660
-351789
12152
159214
336911
858410
431711
