#SpinCore Technologies, Inc.
#SF in MHz
#SW in Hz

[HEADER]
@CLASS=	RADIOPROCESSOR
@FIRMWARE= 3087
@SPINAPI= 20191127
@POINTS= 128
@SF= 21.670000
@SW= 127986.351562

[DATA]
2992097
-1775329
3915488
2059218
2053298
4826661
2456715
3877891
-1086551
3838065
-3354957
2666813
-2699836
-1975108
-3596108
-2347794
-1667267
-2637766
-784263
-3449134
2280115
-1583271
2192500
-2430784
2131275
339044
3108818
492287
1726497
452433
1954595
1206302
-748763
2530662
-995538
1903683
-1209425
992534
-2688628
1496292
-1517323
-598946
-2002742
-968556
-646879
-3668556
1166944
-3608098
1643722
114661
1899567
-1201753
2073693
1369334
-615018
394718
407050
2514136
55901
421850
-87989
463195
-984260
-313608
-734417
378874
-1683865
-97712
-345083
-621653
-89057
-731194
435018
-472567
-426098
-154353
-319626
408589
75493
-246257
893280
248224
594809
-1302350
1029842
472764
1166473
106735
-465268
127442
-1593654
572376
-981244
-829023
-691436
727186
-558548
-562122
407036
663498
2448339
-61372
677391
-496967
1560203
588794
-1229853
-644435
-2150602
-329311
729455
-118989
-392161
-464371
964392
895287
-115388
-58300
724722
402
1029625
-38610
-762883
-1104144
-1220195
-1518734
-604527
-304478
-417556
-600668
-1103793
202263
118941
942304
1327182
-838327
138368
199680
818443
-281574
-1307878
-30711
645407
47763
-133407
-1751563
-322587
34735
339829
676768
-568853
43573
-1050116
1808541
149166
-1555956
-380633
-411523
190081
151287
281391
-990682
776738
295219
-1003297
70231
775199
249028
-756955
675364
-927336
211752
1632271
-1345764
-1309688
1084104
590238
-503203
1118959
318756
-1388429
2475191
910748
-1011043
-447998
1621344
-484547
-160541
1384591
-422223
330286
-471527
1285835
-638027
325372
396880
-810338
-910906
-193229
697814
-1026292
353410
-1051501
231428
-145839
-1250817
589042
51622
2020366
-304348
-761149
-1272424
88630
1650832
92174
961625
-2050127
510224
-127125
31502
256572
-257912
1497082
18268
1639569
661162
-362305
921635
1209896
2277578
-2605503
1014795
-1502085
492360
-1119748
-824573
976802
-1611271
958614
-1387956
288672
990409
652785
102398
720748
-825878
886291
-572001
-107625
-1226344
434175
80210
-521240
-693965
-200243
23055
