#SpinCore Technologies, Inc.
#SF in MHz
#SW in Hz

[HEADER]
@CLASS=	RADIOPROCESSOR
@FIRMWARE= 3087
@SPINAPI= 20191127
@POINTS= 128
@SF= 21.670000
@SW= 127986.351562

[DATA]
3372112
-1264843
3131885
1801304
3809805
4657617
84727
5276580
-226968
3064400
-1989648
3737491
-6110600
-273763
-2483194
-3178615
-2974901
-2259204
-1251818
-4328608
2111908
-3166949
872983
-1765342
3047440
-1036727
4223830
1597441
2792679
635010
1618588
2574675
-812307
2995125
-2061088
-421462
-2928028
2378359
-2577113
-1153205
-1463028
-933744
-2431322
-2045912
3037992
-2111627
2700765
-1651773
1443558
-76328
2256328
-2480328
753907
74701
479722
1563960
479678
246359
-1872473
1279121
-112798
1711756
-419152
-2614
-2619693
-314951
215190
-1894797
-81270
-1545164
-31546
1551746
881968
-973817
-246940
455191
-950502
1201831
-8159
125274
86199
1481365
645273
-676401
1480724
-969223
-310270
1412312
459380
232265
350956
818726
-173329
-467136
-1248675
-1037883
-642803
406225
862956
-1640883
291729
-346948
1645123
590978
1589878
1111811
107633
-1180800
-87109
-772233
-79383
1245821
836735
-680470
239841
317118
-2458169
-265865
-607786
-11431
401615
635325
-414610
-2102902
-227036
-324804
384405
610073
362122
-1603826
351973
-152744
40642
-16001
-15467
-795052
-875616
377376
-1596200
391509
-287319
-966940
-490403
340127
-67493
-1553941
480326
181814
-315861
305392
-62244
-1629536
980831
679343
-1105395
707910
1710337
536559
-1069361
-286285
-353876
-813450
-283560
-562952
179916
865881
958489
-241626
-526332
64213
833978
-369799
-659194
-44972
-210305
281522
8622
-248749
442317
-779292
-290161
1446449
376210
-901013
264856
1043630
75641
-72988
1451008
505038
295287
-403700
487267
-1376206
68679
-717207
507058
-1137249
281950
761345
-472253
1703889
-640855
-1332008
-203203
386493
66389
568272
65643
304679
-953717
-456615
188862
125460
764858
-1351692
-1415200
1367048
-29601
-1706411
525236
44716
713984
259891
947310
-742986
-294421
979266
469924
-132542
782907
-11425
123465
1281911
565912
-674696
1141270
874745
-1533461
-906614
1769748
-1190976
-1005182
262293
-1495933
-2050859
-124778
-916334
-2121336
1631625
-626291
-762116
-571330
1266100
-402570
-292062
