#SpinCore Technologies, Inc.
#SF in MHz
#SW in Hz

[HEADER]
@CLASS=	RADIOPROCESSOR
@FIRMWARE= 3087
@SPINAPI= 20191127
@POINTS= 128
@SF= 21.670000
@SW= 127986.351562

[DATA]
3069952
-208865
4848152
1411839
1345876
1553326
1270347
3841690
-566924
2866489
-2328843
2525148
-3998003
2270998
-4441128
-878077
-2349664
-2291998
-264594
-3732793
2043481
-4928521
2505310
-1002504
2598575
-833751
1683537
1142818
954120
3415379
852399
4588540
-905215
1679534
-2267485
2270003
-484179
421339
-1944668
-898407
-1052121
-106796
-1805764
-1639823
-476898
-3322113
1879875
155944
706633
-2308773
2889815
-7300
-14235
1527411
-155512
609341
801107
3223363
-2686453
1346253
-287717
476504
-1201570
838611
-1048124
-1954170
285374
154368
552103
-241011
-376927
-1969760
1602975
1422136
-2110
-466630
1124645
325053
1832175
1102681
-206559
23863
-60580
797265
84263
183543
157848
383096
-162434
813158
-1244952
328574
521135
-717568
883449
27939
835279
-1178202
34364
287319
655485
-893207
-16655
79975
-206670
669977
1121327
301522
-61242
-289150
428764
18856
1876174
-684421
-1190747
1156579
269582
458009
-549322
-513213
-193897
-967646
397230
859279
374903
-206713
-56504
-502389
322647
881928
-298388
120866
686955
46626
1336858
932073
692728
-1758186
1767753
-416503
-505474
764626
-793754
-1441408
-654888
291055
-640742
1982311
-181228
-116260
881250
376316
1359417
-929169
2069317
-1738396
154590
-8522
-139020
-524611
-1420191
-393410
-2839552
513039
156944
-6923
-503190
809740
589288
614475
1372668
455109
984884
275934
-273569
-402673
329451
-216326
-771144
370766
-914192
-1664191
-528157
32682
-848408
1046800
812669
28990
1077072
-47430
924088
999930
2129447
-919864
-1840528
-1137178
-767985
-1282189
-608926
-1151654
54396
505600
461880
-274598
903794
2291094
517749
2365178
820828
-1047600
1117870
-2039272
1520349
-2528001
333940
78956
328477
-674863
-795823
-986931
671998
1562325
-1631309
595769
758772
-511351
593277
1264930
510126
-822955
742421
1287049
200060
-1873993
162145
695933
-1979871
1077214
-971522
-1925291
-639249
-65076
-1025723
1599684
1404496
-691674
503732
1048993
-296024
-1516849
619862
-1591903
-2037520
-1007727
-904029
-736339
