#SpinCore Technologies, Inc.
#SF in MHz
#SW in Hz

[HEADER]
@CLASS=	RADIOPROCESSOR
@FIRMWARE= 3087
@SPINAPI= 20191127
@POINTS= 128
@SF= 21.670000
@SW= 127986.351562

[DATA]
-3840945
-1328381
-1055233
-518181
-2428044
-2492757
-1194755
-2974555
1497454
-616553
2171856
-3790526
2251224
-224002
1637368
2426933
1095531
1279302
-1804163
3737506
-1893342
1196037
-1444849
1254917
-2270576
-343041
-1305675
658289
189214
-655038
224932
-2940094
1186097
-1970161
3331382
-1210590
2655703
674435
1263571
962344
882612
1448896
224586
575933
-960123
59967
-1960064
-662460
-1129793
366358
-2537302
-1094706
-195676
-166405
-1053625
1045900
1185802
-1924539
1217699
953915
1217917
715761
2378180
-297601
94130
-32919
1848100
2063342
515815
514697
-493382
-1664522
174301
-21017
119375
-997035
103413
-1530757
-2380798
-1386714
1349842
-478218
-13915
-1030421
-907698
-1502384
-167812
1299502
50993
1396585
-345582
1866674
-1416765
566837
-614710
-603816
-102363
495665
-559586
1865072
655459
647196
-114551
453260
455923
-450601
640313
550418
639963
-391711
-1311310
491262
701010
-118259
71419
-533706
1154592
-1310697
-497205
-252788
-813083
501172
231697
606894
-2294302
-974770
-294922
-1510248
209842
2030753
562361
632651
418390
1327531
-1173936
991330
1929367
1405215
1106786
733274
458930
-1259767
455550
1789320
-238947
-832411
457188
-258488
943160
-557651
341911
109260
510923
50310
-1166715
-15232
-168500
1472116
1454398
-1393754
-138435
324219
-2174576
1918094
-142813
734705
-198222
-1151156
-179585
-24832
949240
1305188
-59801
574810
-1223134
36497
-393144
214196
1159414
-2070774
1592608
-1291484
-575449
1784890
6079
-288647
-1054423
89276
945068
-1164633
-704946
712122
827954
734042
-1601664
221002
-737220
-1472968
-859186
-126294
-559744
544202
-779177
-795872
-680447
54230
260880
1445639
13209
-282132
426910
417620
-1105707
1143055
-166636
-854782
426716
190760
-415634
-531867
655756
566195
36213
-1455807
1260615
-874121
348534
-945399
-614123
227430
-534717
413079
366887
-636499
-110056
609296
-302142
234181
-996057
891539
916235
-299192
-293791
411162
-245047
660386
363895
1000054
689592
1073549
1137967
1568609
419869
-886084
445534
-437861
