#SpinCore Technologies, Inc.
#SF in MHz
#SW in Hz

[HEADER]
@CLASS=	RADIOPROCESSOR
@FIRMWARE= 3087
@SPINAPI= 20191127
@POINTS= 128
@SF= 21.670000
@SW= 127986.351562

[DATA]
5217090
-2298363
4683831
2358793
813984
4431362
2452040
3492546
-1726374
4154568
-2095217
929648
-1450849
226856
-3368885
-1828168
-2296511
-2670450
527916
-2115433
1013773
-3514089
3125535
-2196599
3481639
-1279758
3110843
618682
2445592
2733359
161471
3977485
-538690
2686811
-1424625
1487128
-1376193
1018295
-1905381
-3135678
-1342555
-1982419
152125
-3321600
-142367
-2570545
-3202
-823642
988457
-482717
1160638
694230
2073072
1069262
720191
1525855
-763326
2007294
-843795
363412
-1036667
893549
-1239984
-1523923
-584139
-42855
-7519
-496701
-1677748
-1124393
1637876
803366
-833672
-802089
1072138
138691
597255
-11656
614738
1544517
212684
2055071
-1333392
503943
-104280
710673
-1364119
-647105
-237530
-1104709
-163476
-927002
-325947
-514015
429187
1350414
-470443
-379902
1415851
-600455
-1048751
118693
-238734
-26105
239618
292639
-117785
540981
-333127
582887
-482762
361462
139329
963819
59785
-67563
1136851
-1193254
-279652
-2025791
-699745
-210246
692975
-58123
-1997415
886250
255999
734400
1253228
-248343
-37663
712881
1557389
112419
169098
-477978
997834
-588333
2287715
-135651
-940254
-673564
-1266886
-375459
-2235460
519017
513581
-415822
426383
-415581
752267
-32116
223697
1679782
-708578
617912
-963402
1098616
687772
595154
35986
-1226402
-17801
-2527477
241406
528324
-489214
-708455
-1181757
1318374
-805520
-881781
222679
426995
-836318
1271802
297237
-699821
1792384
713334
56747
1267834
1867127
-1421074
-1168350
-926647
-1015759
-789993
1835278
-624627
-744933
-1975714
-1441012
-631351
-803186
2059482
-2088713
-86579
1685463
1362502
569172
-332931
1482470
-861227
-234665
1138248
-959412
-1247306
1880138
1392173
-502824
-798540
-832577
-1040476
-1696259
782743
-551959
-678650
977320
907958
105351
2359377
871668
-982658
1814262
315331
1407324
678884
1023465
53692
-759739
-858351
623135
-765348
138175
-583428
774716
-1245511
-661929
1889236
-958873
26098
1044425
1063671
-1565896
220347
742669
-1017743
-64285
-1898124
-722328
-2012209
-122929
1423781
609549
-80217
