#SpinCore Technologies, Inc.
#SF in MHz
#SW in Hz

[HEADER]
@CLASS=	RADIOPROCESSOR
@FIRMWARE= 3087
@SPINAPI= 20191127
@POINTS= 128
@SF= 21.670000
@SW= 127986.351562

[DATA]
276667
992074
-1544344
788015
-781008
-601573
-1423093
-1053945
514472
-379495
645994
-1050481
927019
-1874739
322588
-379650
450969
1627688
1188907
-183767
468243
514210
-933631
-875666
-300930
-309396
661441
1431784
-284593
2017111
905328
-386215
-505177
-371812
-774212
260644
-295284
211350
-999624
358756
-256639
98406
-1104644
-219382
1070389
-1122777
-729032
-630982
-424982
-912588
265363
-923412
-746418
646080
1220020
1843285
422543
397769
537426
383977
742910
760235
66016
-561070
2271128
-1134493
-316982
1599000
-524886
972000
-1925280
510899
-525655
665565
920684
-315251
749879
-1281988
839831
-2347466
-1636911
1766804
6046
-1373612
-285801
-285125
-429984
1013027
-1739318
-1531972
-1298453
-295547
-24739
263442
-1264094
1402654
1146683
-493802
-1192331
422353
121181
-24401
6962
-17463
-50246
946955
1082290
318704
516401
-909303
1136678
969979
-852004
-304849
836247
-777369
10359
176039
1069876
157490
-719230
-1873242
-598704
-481926
27135
-42168
-960771
2019301
1038932
-1223740
-241739
327168
336208
-930309
-1807587
1334773
695218
181874
1618885
402856
213652
497910
-1660467
-2807589
-599030
670932
-1399083
779325
-876871
339448
216159
-1733343
139226
881368
-849020
-152808
-277471
535115
1937733
730504
-413271
-1340867
1298595
-830405
140640
491717
390713
560776
-1065315
206469
313394
204995
34397
344069
-668035
-467230
-1327086
-331846
-1439290
612894
1094498
290209
-1241662
-2402159
1459659
-661179
-242496
224239
4645
1041195
1429369
-616066
267075
-289291
636637
-2387213
-1037553
-348152
540583
2140507
129666
396701
67332
988694
872694
28205
-2308824
-212847
-314162
-442856
-787329
165816
408206
202065
-360480
-175237
-246466
-772966
-1142367
-300782
-115016
764388
111276
-198625
1054717
-314037
26321
-1413796
-423756
117759
122278
418391
1009268
660022
803876
-78265
1498902
-1919462
127683
597051
-980745
1796017
-105598
206176
245483
1451971
-10231
-12880
-148685
-1479224
-472549
290538
-104377
997090
-776595
-754616
