#SpinCore Technologies, Inc.
#SF in MHz
#SW in Hz

[HEADER]
@CLASS=	RADIOPROCESSOR
@FIRMWARE= 3087
@SPINAPI= 20191127
@POINTS= 128
@SF= 21.670000
@SW= 127986.351562

[DATA]
356772
-909053
-425918
16062
-1949763
-2521661
-847290
1092011
-1548371
23914
371668
90581
-69280
731499
1081991
1186588
1313302
1526069
914551
820463
-207258
-280809
903507
378062
-1424417
-1320762
-1292533
-2213455
-79215
-10687
-729794
-494697
987864
1599060
-180909
-31097
-149012
-446538
1046154
-24364
1794855
-993775
-69323
649791
527244
521599
-840643
-627600
-932691
-699877
-113022
35400
-55536
71473
-1001191
1192129
-202826
2161947
-790085
846800
753692
1764344
1354337
840106
-404572
-564161
567355
440315
907490
-2071060
-65075
-490300
-1041417
389117
-1151485
-891025
-249042
477894
-155260
1939600
-103157
1286941
361968
-50136
617566
1043224
612807
-584705
217499
-243700
-7990
-718188
-1082522
-1019027
69883
-1572344
-2182725
-727527
29299
1527415
-68872
852190
370790
681441
648652
907948
517273
57246
194205
-156227
1714812
-288812
1061691
485645
-116070
-896874
-1987254
613071
-413756
442219
-264518
288053
49246
1090427
1872631
1220474
1149700
1810214
-965237
475556
47280
-1060093
-1157646
-979569
-968138
165706
588574
376291
-35317
-254993
695166
359806
-970718
593354
995160
487246
510585
811951
-639665
-1744358
2106495
-607345
-784558
972968
-462355
496716
-823084
443136
430859
1279539
-12230
835147
-125394
-580646
616244
782577
-156602
-60765
715396
-711676
-765463
-301933
-1004298
-1568792
-2087946
812385
-2361430
-1131396
-949912
854213
844456
1847180
1022004
1815163
788098
925685
152803
227728
1352193
-354020
433293
-622793
2545361
-481775
-1595189
-302260
-1420902
463834
-2948026
256524
-2032907
-2063096
65563
1630291
291028
444109
246220
-186600
-169718
2748072
1388130
-476235
2080394
-233510
-1006683
42871
611915
-196049
-1099408
-2455120
-629267
342549
489651
186287
-1153878
320140
-134305
-404602
-451693
576132
697031
501582
1752301
1257182
-57816
1197637
1462273
-849066
1078290
208162
-704221
683103
-150367
-192368
646847
-273829
149119
1289579
-231932
199175
735681
155763
365363
-172207
-220734
-326447
