#SpinCore Technologies, Inc.
#SF in MHz
#SW in Hz

[HEADER]
@CLASS=	RADIOPROCESSOR
@FIRMWARE= 3087
@SPINAPI= 20191127
@POINTS= 128
@SF= 21.670000
@SW= 127986.351562

[DATA]
-4937083
1330988
-4182677
-1072109
-2126277
-3557698
-1105908
-3456396
1640126
-3874339
2110696
-2366736
4267316
115088
2974125
1325026
1200665
1495599
933734
1648294
580662
673238
-1717791
2377128
-2941050
-985123
-1599104
-26688
-2509545
-2052630
-1859954
-1705739
243409
-112910
1389304
-1634072
3028707
-747648
1653372
1202133
-235895
832883
1323598
1518064
-3138618
303582
-543937
-697148
-716585
897287
-1127412
-441553
1480299
-268641
-82593
129632
1400175
-329504
-1199763
-1318462
-456285
-1829482
-682837
-1910239
2074579
788151
1258036
443421
-114752
757158
-496599
1241965
-2146287
1215582
-318952
561804
-843767
-1248843
602974
-921778
110748
-580552
-1288868
-185550
1619563
-1221284
608722
-927345
518586
1815386
1474185
-590370
-904531
1474745
1089817
-457114
493354
-1795707
1003651
25853
1068849
1096542
-1886375
-335355
-1104006
864786
-2102093
-433470
1027468
207666
-83172
1572850
28092
-2616273
1233870
-208096
1597259
-384768
634393
-1198528
670720
1421369
417394
300714
-1362622
-378400
1413931
266808
-935
476893
313943
-1399932
846099
161608
18082
-1013680
597734
1484198
-334780
854892
-1312291
92086
-537249
148779
379772
-1377369
-615237
-1421231
-396784
1807114
-271392
-944519
1496482
1653086
-505018
473642
463024
-355216
492868
688629
-149816
-546025
253021
-1904672
1043623
254949
-511764
-712157
1755645
405876
80516
999864
1095254
-700955
381893
978277
-1078479
-706734
432262
-205144
-809781
766802
595710
407528
779205
-856944
-179467
-1108645
438941
39839
-740555
1410086
-513946
-217356
873682
-56148
-290681
1278290
-1269015
673561
1529846
374195
-2103978
109885
1592483
-361551
1062665
354936
5535
-95852
1110735
1027756
-682240
753202
649090
1050875
-733888
-66722
258274
-485262
-365281
-700958
-900973
1127498
-658060
-75499
1222662
454283
-808094
1273195
-516611
-809508
849195
215399
714634
-232912
948865
-712678
-37203
32079
-764198
126763
-692860
561972
136280
1869974
401163
826333
264485
942423
1285450
-489259
389283
-2598250
1554437
-638448
