#SpinCore Technologies, Inc.
#SF in MHz
#SW in Hz

[HEADER]
@CLASS=	RADIOPROCESSOR
@FIRMWARE= 3087
@SPINAPI= 20191127
@POINTS= 128
@SF= 21.670000
@SW= 127986.351562

[DATA]
-2719961
-339541
-4103767
-2004888
-3231050
-3370996
346625
-2564766
1216043
-2645038
2290024
-1053567
2341944
572998
3104695
567056
2735843
2880474
796789
1178186
83245
2676734
-2196426
1554104
-2883594
-805667
-2594540
-752548
-1526828
-2029295
529559
-2901038
1174768
-1890227
773532
-2000216
161332
1523619
-124855
1783220
964986
-193553
-98283
2101871
508604
335232
-730668
2617954
-72254
-744947
-1771033
111861
-1161175
-1816851
1588785
-1491708
-256684
-1821347
1381837
-249980
-144803
-609252
-1152398
-1005759
333873
1327035
-519792
584327
907290
442440
-559089
1060786
-707657
1289586
-755567
-149571
-411205
106074
515624
290788
-87270
423409
1429090
156503
-318243
-319623
-624263
-2174831
864237
1530777
-161311
57828
-1234004
-708710
903981
1698708
462219
410723
-686366
802453
-981819
-956861
559645
1772359
-1177346
561038
660912
791062
445261
272800
445098
-1140303
200446
297236
287287
274027
276542
-378860
119918
-1215510
1400352
448580
-645976
15800
516599
-247038
-595737
106393
-2332037
1134559
-87054
-1194329
255520
195924
-1712613
813516
926362
-671223
1020579
-110805
-364556
665982
317529
1244023
224293
-1089680
503029
27072
-519503
-2266893
1725299
-298538
-1789418
1301094
-467113
-227100
-1476127
455670
-155138
906389
-314535
849482
7856
1114642
2810516
1526737
-1730863
1624350
-367699
399624
864194
1359686
659737
652978
1869119
-91712
-26983
-594314
875651
-271548
-43065
525568
-577407
-1550215
-135148
-76645
-652035
-192962
-190794
574428
-1928410
-122454
905758
-317549
-149225
129849
-368841
757936
267908
-175567
982975
-326971
160086
-445971
681017
60759
-73794
808094
-1714793
-1299263
507630
2370298
-224930
-735381
460339
562956
-1166779
50590
1083761
-315644
131858
1160131
-387822
-282204
1774783
1853828
-839930
45924
-1114068
-707139
-944470
-615280
1426469
403629
-1826809
309771
42752
-336980
666777
-84962
-1154524
723764
854920
73098
658823
601744
-1220117
145357
1154086
1506403
-114288
-666278
-457626
-673693
-12327
1640747
