#SpinCore Technologies, Inc.
#SF in MHz
#SW in Hz

[HEADER]
@CLASS=	RADIOPROCESSOR
@FIRMWARE= 3087
@SPINAPI= 20191127
@POINTS= 128
@SF= 21.670000
@SW= 127986.351562

[DATA]
3715399
-551158
4840337
2199151
3170762
3649382
-826448
3171816
-2139622
4057470
-2154528
3245943
-5178983
-1571792
-1672496
-2652738
-2239040
-5433943
1415767
-4594616
3348069
-2023052
3118914
-1401397
3818734
2850701
1033934
2914458
-283682
3157861
-1353711
3262469
-2156230
3823072
-2453556
2336430
-4242875
63503
-732992
-2640705
-660430
-3479083
1899338
-3477591
2291154
-1631129
489498
-698065
2291791
-526609
1486428
-175930
-278718
1979719
-470675
1760501
-1941010
1153259
-2136339
421981
-1093748
-1479964
615640
-1804512
487062
552269
836507
-1186492
812088
1242094
-186013
-1117882
2871827
-230247
702399
-1102170
1680943
733514
-388580
495563
-1005272
992577
-2226086
2096907
-1435828
404338
-1211892
-867443
-600976
1457017
528925
585984
-1196079
2083914
244315
-129092
2404640
265864
-77002
-908842
428016
1283052
85785
-122073
-1682472
-404869
-961316
577168
-867678
-2144054
-2383586
907273
-385174
345726
1478744
-542519
-1231922
506539
759545
-1015043
634090
-1516002
784478
-758470
731826
640676
160040
-932336
456338
448646
-180652
-607090
1300404
-1686463
-943
1242889
-403891
349252
-694704
-462916
102917
-900354
467315
757509
559670
-90747
1300227
747626
313695
1726320
191360
1843551
-2402661
-1041100
-66111
1538452
-101354
302810
1309672
706657
-854958
529757
1408559
-360167
123347
124223
-2063407
-1248982
1154329
670618
-1071757
-167007
-1218400
1468935
486347
1363361
-398889
-234243
-1026960
400984
130754
-820528
379287
207778
-883712
83327
-131355
-484874
-572661
-1920400
648700
-309444
593538
485636
-1026733
-150888
772870
533022
765706
-1012831
383400
964967
-1203231
-596158
1237450
457480
128712
604789
774615
-371724
284446
306686
15736
-367657
492299
-782629
55050
887311
-485196
2757505
78872
300079
104212
610551
691366
-1697331
-648201
196441
-1443470
1051419
300524
-10554
-801682
161740
-1228207
-573811
2538290
591508
1094402
-8472
663848
72506
405522
219138
-989830
-757115
1666676
35157
-174574
-222718
13204
444470
-993186
1331778
-894828
-812022
