#SpinCore Technologies, Inc.
#SF in MHz
#SW in Hz

[HEADER]
@CLASS=	RADIOPROCESSOR
@FIRMWARE= 3087
@SPINAPI= 20191127
@POINTS= 128
@SF= 21.670000
@SW= 127986.351562

[DATA]
-702202
-699309
-1077932
-193419
-233540
-576320
-95273
-2258900
301102
-158951
-838446
1658521
1854673
-922424
1742273
234395
730015
622142
487914
-683064
-952498
301786
-1895531
838746
719361
-223100
-319320
1323277
259904
1308107
65833
-118949
-1248714
-1305685
-697413
-1445638
-567286
-1024660
-95005
999187
1226237
1043856
916736
-35179
-21284
287650
551325
423521
-2006931
-2050061
426154
-942279
787009
-1669487
206069
1091806
1367967
762718
140937
46533
727687
302068
648536
-2225659
-696717
-869826
1116755
244930
1711288
-688554
565027
417769
-730577
634783
-966016
-471290
-1067268
-487154
-1671409
-1192685
1165273
-849554
-271386
-1493004
-141051
241254
324681
1156120
-508457
-237738
856660
-85738
-190614
610187
-1516466
-1917880
1751911
-320553
-1895786
1585645
60311
-247787
3044319
1607192
-435907
395924
-340874
-1018193
-136568
-690673
350896
-449228
1771182
578506
222650
765240
-1083700
-380050
71646
827902
-2582867
-324779
69573
-1482072
1301780
-10374
-1510071
-561303
813281
175899
142149
-254294
-112431
463182
-952023
1084501
-25258
45382
941601
296150
90919
-128574
-804860
1045805
653190
-379523
-73766
1935171
-394775
-470141
-970203
-322571
-298659
-359312
-888649
-754009
-1152223
-1920202
-156802
709582
430413
-1087777
-1396349
1122095
-288131
1841342
662547
-820675
-254297
1117795
809983
-295866
735741
-969612
320287
-578738
-83913
514771
-788344
146387
-364485
841521
1397232
-804515
-762948
-848115
995192
34040
921994
-883634
-812474
72782
720011
-236224
-2084014
-371709
544096
-18988
73374
1535780
-546351
-418341
912790
-197600
1036304
638073
1191435
-2685484
261797
-895372
-1140923
-35909
-151070
223015
-566707
1891390
284814
357234
237904
1071711
-1161843
128653
1448525
-778608
601783
-1116621
139923
-967505
1295398
1273375
-1546402
1295195
-433836
68750
-53173
1136584
-770939
1048528
2304737
-193212
-970729
447164
1713106
-375427
1665374
-634190
-1543504
-214164
1431444
-739856
195083
340315
135245
-122094
1604628
1150557
