#SpinCore Technologies, Inc.
#SF in MHz
#SW in Hz

[HEADER]
@CLASS=	RADIOPROCESSOR
@FIRMWARE= 3087
@SPINAPI= 20191127
@POINTS= 128
@SF= 21.670000
@SW= 127986.351562

[DATA]
6372693
-2075952
4816860
2808549
5797938
2887783
2069427
3379962
-762085
5765074
-4162152
2901538
-5317181
3404016
-4309710
707973
-3898500
-1413973
-1265308
-2931011
-1158554
-5111365
2200805
-3978075
2340540
-2736687
492400
136059
3253450
3156843
3209550
3542337
479384
3734295
-315687
1367536
-2872839
2033964
-3048323
-304608
-1789960
101853
-2611095
-267963
-1109732
-3014681
561637
-1168236
1428907
-615933
413566
-3254486
1658752
-1171321
-850890
2483569
506153
514628
586227
1699902
26829
1357410
-389022
-1547538
163714
1543426
-2247271
1168492
-2100986
-1062559
350246
1160349
-692340
-145232
138073
-1344254
804311
-1301752
-1847736
-1382829
1071226
-252674
2422092
1623198
343932
1168745
1353327
-404340
942146
1514997
-1667599
-108109
375962
-465627
-1644547
749761
-430377
500793
158627
-225819
1175823
1284109
184022
-1400764
541882
-943721
-1221592
-1560494
615044
-1000718
-1272126
1213198
-704019
657755
665447
141654
1444062
1273818
734305
-754098
-157450
-894623
638569
-576598
-740493
-337688
125233
813285
1139000
793936
67682
-659528
1569001
-50023
-1081912
-1647124
-729452
-236104
868426
106654
160103
-1337228
-1417341
1167338
1463699
-2231226
-840426
1090789
378841
-1231099
-1126749
-718330
-1031436
377981
-585451
-1668394
413156
-166134
146196
-36525
-238425
-372296
1707079
-760972
-175086
627381
-193885
446885
32070
-399389
-1839869
-538689
451187
-501492
363680
1164789
377936
-1040744
351171
-126546
-996251
-621503
766418
214478
506063
761618
-368154
1175622
338970
416898
774734
433565
-910794
-75209
765905
-685694
-690958
-447511
-302100
-374687
-253196
-393289
732573
949
1801759
-698182
234072
24527
563221
-220226
578896
450828
-1377233
-1049571
-1758348
1355619
1156049
404580
1299931
681271
-17682
2402
483922
-123593
446550
337096
-1157850
-1127774
1559007
-545616
-543316
706561
681400
-504937
890783
-1080583
883010
140066
-624573
-1675807
-94467
-426467
322666
336603
-462306
-467679
2530305
405151
-347049
307191
-43977
-279001
203297
559135
-779529
340824
