#SpinCore Technologies, Inc.
#SF in MHz
#SW in Hz

[HEADER]
@CLASS=	RADIOPROCESSOR
@FIRMWARE= 3087
@SPINAPI= 20191127
@POINTS= 128
@SF= 21.670000
@SW= 127986.351562

[DATA]
-2652378
-929683
-3074030
-1816894
-2096057
-2321269
176898
-1999019
1957561
-465761
1320258
-158101
1742077
180387
1625409
-523811
908961
1357555
1975607
390460
-1251217
804266
-677438
-250656
-4116016
112058
-2014393
-300253
-248616
-167324
-526747
-538616
228551
-1015168
2622763
-1299195
2347617
-1609358
-109966
1218933
-290548
239087
-1295865
895361
-940764
2005492
-1933938
1453698
-1273723
882791
763840
1769568
190686
-642830
2502677
-1010103
1352946
274391
1197834
-2458694
-344777
919962
-1048106
705067
-1206649
632166
-1096713
2304478
1515626
928471
-632658
1204024
-221626
112565
431824
-538335
-1006421
207236
-687285
-1158053
-1309589
-1457109
-1641072
-921172
793465
992357
-379934
371735
405568
1155476
2592534
1108448
378720
-1558909
990447
-667273
403191
-308108
1170638
-1491782
-428000
-584854
-531704
-636447
-860115
2356407
-434443
815333
-72872
853624
894932
675015
1716061
-1064878
1320475
-594161
-1480068
-1101474
-777273
-932624
-872454
-785912
485707
250181
-549546
147106
635822
1121242
2313853
-449314
551330
224215
2422991
602002
-1100932
-1253460
-751831
-350870
-104170
195767
-243747
-1058562
-715714
1726738
-199436
1031953
799903
576253
-12871
432173
431090
-1243311
-554895
-246276
118687
-479784
-1353319
-770092
97840
1903915
2078745
421399
-1432599
692322
-47293
-373982
1464377
-1318935
-396711
-245794
2866652
-1621497
1176340
-1065729
-2551426
-1136059
201355
-32331
453139
319835
-207637
401900
1574214
341660
-1319935
-253520
297637
605656
90481
65809
-421956
34493
687621
473280
903095
235298
-2181810
-117042
134645
651423
-706291
365832
-624991
216729
1991101
1738439
-697444
-595497
-1097390
339499
-2479148
324537
-1368545
-1225342
428129
-27725
783196
906686
688863
-535053
-483269
62523
-2042667
-708252
1641718
673789
115682
562966
514907
-314437
1947468
-939924
110571
-92126
305495
-373708
-210019
-396055
-23651
128898
-413729
-1017683
-38309
-665544
2354836
907469
342858
229185
-270804
1079640
1171374
630831
221757
-132378
849407
-213131
