#SpinCore Technologies, Inc.
#SF in MHz
#SW in Hz

[HEADER]
@CLASS=	RADIOPROCESSOR
@FIRMWARE= 3087
@SPINAPI= 20191127
@POINTS= 128
@SF= 21.670000
@SW= 127986.351562

[DATA]
-1175410
171279
76493
1024842
-579740
542290
1227813
-791031
2145075
279058
2055166
-1733547
1730131
-568555
-1538101
-57524
519898
231258
-464036
257891
-1320224
672122
1070499
1005525
-668567
219748
-967151
720707
73736
-2229752
-604473
-1001091
159160
-748022
1296405
-2173340
616589
487068
-556400
1238278
-1058159
466815
-1361729
-1315826
1346254
1418971
1596740
-576495
-1111
17870
437599
252939
568180
-1446018
432288
435674
-64479
-1644990
948049
8664
-636773
632381
854452
-274287
330851
1427658
-162097
390080
-93963
348972
-1067977
-600100
1799529
25800
353451
-9158
-1884035
-45694
971662
436063
-2148506
228007
163101
-676627
898044
1435638
1252411
277315
2163586
708349
-1146226
281984
589475
1336802
98623
207898
-612384
-1426051
284161
-695364
-166175
-839193
1452963
156367
826211
1101069
178656
915135
975110
-584405
-1155260
-198634
518211
-998604
-905047
-790954
503233
-885396
2382503
-247315
-1271295
785191
284779
542229
-425278
582643
-323070
643696
-345286
574909
278131
1554077
-632760
-114177
-482333
-888350
260915
-458585
-691146
-1544914
369567
-1008469
257891
-319187
-1161889
1338185
391042
658230
365089
808942
1092054
429702
-355878
-516436
835106
-1128998
142237
1012586
1278752
-180495
-33143
-913091
405688
-1240864
-63434
-1552139
-520772
109048
855162
-80494
-501156
1748657
-343914
1525474
297596
648491
-390429
-25339
251814
-302313
558064
229496
-712692
149557
-317999
56279
-2859939
-1040157
-267500
611968
-272711
-1220816
-1072554
-547797
-499886
2163457
1038374
83571
1039619
498821
76225
1594952
736697
-463773
-1601163
-1911339
1253939
-963160
-588922
-1433040
-57230
-700712
-673530
998708
-1804324
521810
-29348
1061909
-783684
-814961
314295
-931922
1473783
-739228
-989269
198517
1779220
846459
-901309
-906424
-351817
-737122
-1700934
-74868
-153341
37626
2682732
-2869304
-516894
1102825
1494583
106736
-1579262
297602
-442327
401148
581412
-1300527
-238960
187521
-244212
282655
171919
346761
-982468
551768
