#SpinCore Technologies, Inc.
#SF in MHz
#SW in Hz

[HEADER]
@CLASS=	RADIOPROCESSOR
@FIRMWARE= 3087
@SPINAPI= 20191127
@POINTS= 128
@SF= 21.670000
@SW= 127986.351562

[DATA]
-346735
143405
-210357
698360
-1085149
-759088
-497303
-65021
-573130
-824407
261213
-1782070
-609615
891917
1182104
-1628332
1412827
171797
631702
380031
43875
1182049
-974260
1239706
-1335405
834100
-133822
-1387105
247664
-455722
65199
-1750192
-304218
-2056169
30462
871208
322971
6130
35571
-67668
457890
798265
-295276
-1127027
151451
-211609
-602074
62342
-1275880
-334395
-149923
505039
665474
-541343
245368
-1224685
583984
-1134484
-370965
-479468
-61104
-959486
1433967
51688
-1884367
449010
-2317216
-82748
561325
-503932
-222057
-1045653
-260583
-195983
191450
-2638915
745510
1192920
258108
1536695
-270146
422816
-699627
832784
-786904
-668107
645415
-190163
-1108534
-353078
-1297448
-843897
2201879
-382055
1110952
3378
770069
1380823
1009867
-190889
-1069645
1442790
-404358
306957
-1246579
643144
-495627
-208489
-381460
-277019
1629518
794796
2009507
1608048
-476130
-414126
157232
-32683
-993904
490400
-13852
181754
-381528
-983517
482219
893234
-300412
263551
720612
-815997
825935
2347147
-82728
1148397
203182
1165071
987659
-1318915
1158631
-1426058
-237671
-1101546
-760306
-1486325
360262
-419314
602772
-246480
1725712
849582
98649
801142
-1733230
122236
1020738
-257031
-751662
-171445
1037214
-380374
-357149
381931
-688389
340194
982332
1474516
-333430
533235
-549254
-417848
1327876
-870366
-1353468
1121705
867832
-168969
499777
1006937
752146
-412344
460214
-1123956
-757036
-233261
-514421
-894041
-581173
-925471
-80414
766818
-1160196
-1488571
918114
-80658
1101232
574023
-796737
-2335278
577630
-107128
-799704
581623
-764993
145050
516483
484441
957925
-862660
452421
20599
2675006
261538
638704
540102
123008
-949453
430070
1384766
-645470
-487419
-92905
1342770
2131147
-314892
-222
317152
458586
36119
-15350
287382
-181430
-950691
257877
936778
-496555
-712200
370684
824706
581875
-820535
1438310
-2146943
-424761
-646800
-570561
-15835
-197312
-509700
157585
481161
-478541
421872
1022391
-312509
-89707
666712
