#SpinCore Technologies, Inc.
#SF in MHz
#SW in Hz

[HEADER]
@CLASS=	RADIOPROCESSOR
@FIRMWARE= 3087
@SPINAPI= 20191127
@POINTS= 128
@SF= 21.670000
@SW= 127986.351562

[DATA]
-3278987
420472
-3817044
-1552962
-3140397
-3279607
743993
-3017968
1167569
-2147937
1419055
-1154543
1024384
407979
1589420
778054
1282682
1450753
314779
3312092
-352539
1057994
-3209041
2545141
-1232532
-1648213
-219741
-2441527
-1013382
-1268925
3122131
-257170
1012631
-372207
241784
-1919906
1817091
-734911
2068514
843608
2023001
1844706
-1110042
2273409
-2140207
216912
-1477279
-1546169
-1063942
-1124885
22364
712744
402524
401652
-1026852
-740493
639739
197674
432330
-594664
-57657
-255363
1538142
82887
469655
-226775
-101193
1003376
954335
695731
427158
-1126879
90349
353591
562548
-179740
-944240
-439640
-653288
-486782
719077
-260474
487854
721579
187855
1348813
915801
1110010
1421445
607220
414529
-407259
-218995
-74849
-435854
1073498
-825002
-694273
628765
753336
-1071094
-383450
-1549839
-424085
-793947
608909
766783
590482
255073
1628343
-563786
-463053
569550
-372448
-116354
482495
720052
-792830
1241234
1299044
1528413
-597885
-111800
-29326
614787
-1081566
-208169
-629525
7129
318204
-1333587
1391855
-204533
758513
-487241
-633172
1083466
-36998
2255712
484511
-372166
-280377
61228
572876
-1161395
-465634
1254988
-1487208
-1384074
1350371
315039
-311646
-101449
26071
-1623624
-1154577
30042
-1239469
1284826
249935
-1505314
-1267924
-1227081
-47934
1130682
-224940
790869
-1084452
469981
307962
552294
1594531
-308511
-160643
-831352
1620943
186855
493980
2205242
428689
-711538
-2557166
382136
897789
711481
-1221866
-867391
-314431
-342445
893170
1455032
537021
-170237
-398247
-1445888
-1106218
-484358
-780347
-171697
-1153465
-288353
523256
335675
1532856
165404
-356482
-1256810
849753
8007
411689
1223397
86614
-734104
524542
194295
367836
-9767
-215460
291645
-1571397
-155959
826954
-351168
59377
491483
-144149
-815180
-1032177
-204724
-218956
564836
362224
-2009784
-759216
29563
-610916
838716
67227
-573825
1302345
431896
2416337
-1620217
152798
-55103
114853
1780946
285003
2106934
-301325
-1240740
-1218354
-646804
-29631
799490
-156506
