#SpinCore Technologies, Inc.
#SF in MHz
#SW in Hz

[HEADER]
@CLASS=	RADIOPROCESSOR
@FIRMWARE= 3087
@SPINAPI= 20191127
@POINTS= 128
@SF= 21.670000
@SW= 127986.351562

[DATA]
-4377683
-1247636
-4294243
-1655538
-5140699
-3148627
-1477320
-5425451
811077
-1548092
2086244
-2711476
4604602
-2493098
4175745
1498467
333580
1953485
1191264
2780212
-524593
4330789
-935738
1693530
-381141
1364752
-2686232
-955545
-3145659
-2671405
-2495870
-2788215
-334247
-2578614
952072
-2195195
3309912
-1712619
2023979
-268374
1004873
501858
654364
287504
-592452
1676069
-814557
1580369
-882558
2006768
-438145
198863
202163
391843
108251
-1363883
-749005
-331015
-1517985
489560
-936327
-476976
-166983
951216
1157256
-1573285
-739121
-2504518
1791939
-1734533
-2365164
-1015081
567423
1402479
255581
2124792
-98098
2573838
2697873
1040589
-1977217
737435
-1841234
-323827
-308185
-980360
-2050049
1577537
-1815657
-1501894
1997847
660893
-423243
942441
682136
-2795017
1786026
-524541
361439
944672
-242652
221583
853405
2559570
-657780
2403138
-1682630
203059
848771
-1266948
-2683041
-1106894
-2622283
-2505151
1153240
202132
-1004475
625307
1899113
-725763
707268
-71528
398208
962969
-1428197
-2746950
-1364978
872887
207329
542222
-1890555
134304
1300712
-128751
107303
-742069
-152049
-764561
-73049
-597758
-1377260
796969
99351
1074903
-4747
1730547
368646
-200464
-592623
-1242250
-556803
-1695675
-506641
856183
-734755
1002744
2226503
872355
413585
625380
592243
-888377
-670131
-764822
-837474
730840
-1063988
1965202
-1052701
965684
320428
1293767
841718
521223
-25036
-1661793
407939
-1587234
81640
-230608
-1384806
30650
1162818
535435
547199
905553
738906
469350
1239418
347719
-996214
-1683832
-374029
144106
-1586944
-1422585
-937443
142217
854857
1179955
1087934
1138784
227647
-812589
2478366
413415
-503957
1303475
-288859
196230
270505
1521065
-1802417
880441
192401
235641
694580
-542174
495502
-730561
-506802
-1301833
970761
1267781
1254406
608014
887798
-648354
980948
1211840
-1226290
-245761
-1398376
-545040
-1161733
-42326
-586486
-607925
427512
636865
1704407
261826
1580734
-765934
354385
525901
-310493
586831
-866251
91181
-812713
-129471
327808
1424470
-2044760
299360
