#SpinCore Technologies, Inc.
#SF in MHz
#SW in Hz

[HEADER]
@CLASS=	RADIOPROCESSOR
@FIRMWARE= 3087
@SPINAPI= 20191127
@POINTS= 128
@SF= 21.670000
@SW= 127986.351562

[DATA]
16721375
-4640045
16396574
3755441
13017686
11906601
5209468
15975584
-2807905
16572051
-9751269
12796854
-13699289
5530804
-14204030
-952590
-12123013
-8402889
-6255092
-13019755
736897
-13596927
5900524
-11576988
11996810
-6499943
11991707
93507
9685876
4444998
7112483
9017695
587841
11396186
-3266002
9871607
-7283072
6644397
-9384138
925306
-8401381
-2338524
-6302750
-5179351
-2121666
-7942542
1596184
-6857973
4305030
-5601978
6064792
-2042177
4974861
764942
4489963
2667225
3710283
4028260
950451
4953715
-761217
4533396
-2585045
3073527
-3446712
1162867
-3019891
-1356435
-3607462
-1510805
-1865080
-2889256
564533
-2922935
-609414
-2540677
1967434
-818025
1574838
-411986
2319341
-596542
1990347
1025739
942329
1233188
676300
1244990
-327893
1383436
-840909
990
-2263930
1039308
-710020
515239
-1278498
91279
-1654986
-240074
-88166
-682221
98125
-2004666
1038473
-1705327
548469
-1088046
1530284
-880300
798869
-384223
703352
276347
836703
1337872
-254609
898337
340147
1181602
-1485521
524896
-776870
518357
-1165497
681667
-1143914
-556879
-63094
-370302
-408068
21541
932550
-1302941
731452
390919
14356
-223461
827730
570193
-238692
905128
213341
-18525
90719
340316
-534824
240549
-403588
206254
-946749
484147
-780070
-516674
-167234
-480290
477821
-245544
1080832
-554982
588645
-449796
-29600
-194634
663498
-391753
-470414
1132196
-229875
-351175
758176
395307
-771334
156902
838967
605260
-548838
422553
830554
-347175
277391
287035
-564062
-795971
216127
1330838
-435510
-470590
1008727
-530960
-786017
369838
-489238
29530
499568
989157
-1159608
901479
1375491
108033
-177488
397723
519963
-143731
829379
-29821
-536459
-763589
383904
308220
-279366
687856
234542
86366
-668996
-7653
-178085
723522
-222498
-1034480
-125431
-111530
-161678
92365
3274
-616287
10814
400445
197640
-546098
9402
-607085
1203317
-165664
113357
1591149
917285
-321204
-484851
775822
-372929
85160
735485
234118
-499058
-208197
209032
-604834
385016
750486
-1057899
-237958
341453
-390170
-756665
428108
