#SpinCore Technologies, Inc.
#SF in MHz
#SW in Hz

[HEADER]
@CLASS=	RADIOPROCESSOR
@FIRMWARE= 3087
@SPINAPI= 20191127
@POINTS= 128
@SF= 21.670000
@SW= 127986.351562

[DATA]
5078205
-1635531
4682275
1500130
2829015
4255601
-451896
4216219
-3479361
5762805
-4022894
2578539
-4195516
51728
-4788762
-720007
-783806
-3769190
-1905393
-4117694
1438528
-6365500
3444191
-1398893
2611878
-185225
4964515
737786
1166096
3852897
-744428
3019375
-4051865
1964574
-4892998
1175677
-2903675
-182355
-2841703
-1250262
-1725832
-2934525
1122189
-1754386
229758
-2891072
593814
-2425543
3018896
340146
2243699
-108206
933748
2712387
1458578
1216421
-526512
-188737
-4098874
255736
-599568
-821759
238774
-1085089
-2115006
928486
-186895
69311
-520310
-298300
-1165404
-1355122
305463
1458464
2416306
-49672
1000460
861035
2794807
1296764
-104642
630553
-371958
-834872
315022
-325358
1196709
-1431335
-476144
-431922
-1052977
1670589
941718
473436
-473578
-825683
409078
67386
867022
-915767
-34699
-1701058
1144202
941338
1273185
-1114940
-243955
-849643
-1106181
245180
-102529
-170060
-865993
-1226166
-1730103
91707
-294867
-1190547
-874626
-24204
-458167
-44351
1268909
1289439
127486
-884367
507459
537429
51900
1090185
1031220
-362612
-278455
81263
-387876
433884
-104558
3088
-1052013
-954472
-362595
555729
30279
1689531
-480557
156513
237120
394795
532252
691386
304582
-979628
-821396
740737
149708
-274126
1889088
-1667608
1208540
-1363517
297683
-186212
53099
1203269
-632345
563619
-348300
1407393
-266707
-145219
2071291
-819443
-966696
356366
1472797
1702921
69917
549145
516367
71764
-173547
616443
382606
-310902
944969
-565069
1024463
1619707
-128512
-717949
-112620
26336
3506
-1040672
-399549
-632549
-946292
634639
-632291
-693263
-1321773
-1536824
245523
-925701
893451
1115599
912219
1545480
-509609
154957
245668
1200869
377484
-196679
749989
-544322
862748
-152647
296880
-71737
-211190
207945
541725
100882
-840577
-717785
-273457
-1124476
727722
-647036
768897
-622320
26209
541191
1141687
1944922
1221982
-781911
985878
-658680
1482720
-1822297
451070
38845
1650630
1835566
447479
511210
-673838
-613560
-1413224
-443617
-867453
-747706
-591938
260495
