#SpinCore Technologies, Inc.
#SF in MHz
#SW in Hz

[HEADER]
@CLASS=	RADIOPROCESSOR
@FIRMWARE= 3087
@SPINAPI= 20191127
@POINTS= 128
@SF= 21.670000
@SW= 127986.351562

[DATA]
16930784
-1261387
14580171
8472085
7638434
15152343
-1726684
16081229
-9847281
12344871
-14732264
5324061
-14960071
-2042235
-11253923
-8803367
-4784689
-13235113
1944914
-13297782
9660257
-10415000
12500961
-4247041
13190167
2832011
9477297
9289144
2481294
10321959
-3191058
10383694
-8009770
6512219
-8724412
1842630
-9578946
-3275273
-5467726
-6812506
-2329881
-8021510
2590555
-7692737
6420081
-3525694
6857860
54932
6932466
2910487
3061365
5417776
902619
6068209
-2003065
4498107
-3784483
3176540
-4538580
920230
-3768559
-1933147
-2935094
-1655929
-1390846
-3817632
1388240
-3264097
2177494
-2418802
2250165
-776067
2002786
1079377
1616671
1016110
1869483
1365933
-522905
1270852
-676781
583887
-2037496
793270
-1966721
-33602
-1741273
-364832
-1488125
-1586379
283721
-1418737
-201967
-267787
39522
-1606667
832320
-726672
408348
-668414
1718990
695789
647238
1115018
-148255
1146409
-583049
988834
-326043
-331092
-754323
986319
-836048
460285
-1296197
-901439
-985620
-977950
131688
-1037101
434217
-1142500
-183485
136398
774304
1293381
473962
441119
-108963
218840
-28993
1937381
-424229
513176
-1316918
60761
-1439882
221188
-1074944
27033
-926876
-629045
-715179
-814065
930090
124964
751704
-484769
86629
106527
280522
112169
1149811
51483
538046
-423386
298436
-192041
410476
988180
-780293
91914
-515963
-1441693
-475902
613873
17065
-595300
-513491
-54050
-259834
683286
844260
-58559
719344
246656
133180
330626
633175
392780
611837
996316
500281
-158593
678615
660072
-231115
1188056
317618
-426459
294976
-129686
-34058
-38684
783958
-656913
56641
242795
-96564
-500098
-94098
240630
-746443
-117681
255267
-167808
-618578
426928
48196
12817
-600647
-41375
18322
773983
76847
-332629
126009
783771
-572954
-460311
311823
225226
-478313
-698109
726548
368742
-403989
-361156
240154
-1143323
-450347
-129292
82080
-422602
411117
5055
-260198
360121
447675
25152
-53028
-1045761
295363
986529
688482
1266396
-10899
577789
-41957
458225
23842
-53107
74295
626241
33771
282739
