#SpinCore Technologies, Inc.
#SF in MHz
#SW in Hz

[HEADER]
@CLASS=	RADIOPROCESSOR
@FIRMWARE= 3087
@SPINAPI= 20191127
@POINTS= 128
@SF= 21.670000
@SW= 127986.351562

[DATA]
2968625
98613
5150805
1837035
4342581
3223295
-1056516
4623773
103308
2896991
-2345475
2902837
-4653743
1864214
-1469104
-1021503
-2417766
254710
-2200870
-4091538
877240
-4872073
2253870
-713717
824119
-1813199
4722627
-1087220
3089182
1754523
2282138
2770939
-412330
3322384
-6458
3204333
-1783188
1977319
-3632248
-617088
-2128023
-124148
-1159669
-2135460
-979436
-2185826
1188272
-33632
449825
-986735
2331425
-1487770
2058394
1242581
217144
557969
931380
1344275
450397
4310185
-2382917
627584
-1159783
1009601
-1853983
-460973
-2906205
-892787
-1224240
-2244932
-2370
-249691
287405
-1850
1068058
-675430
2136069
1007586
662969
61657
-1315783
-874914
1372837
549252
-747780
81091
250169
-673571
887612
-90831
-1020799
-336880
306915
-599008
-395767
-2107530
-2309542
362981
394352
1103797
774383
1069015
165074
1395556
505942
-1703861
-769646
764914
-205784
-770210
-2030965
276467
2343796
1739321
187480
1335940
722959
-1029947
796468
665503
-2201193
-303876
1097104
-1265466
336345
-114616
-857670
74429
1595293
-865113
-844626
-988744
-1236378
70525
-1016199
-1559636
-1681552
2253684
406129
178067
843053
-348666
1313812
113920
-1248565
-2158237
215139
-283534
812566
595330
337335
1205163
-13146
-997082
-1069239
693895
972857
316694
-1126668
398220
223388
1378088
1139739
-1151383
1411147
564450
802598
631458
425340
-682171
-104274
535514
1011339
49312
-1280971
1358051
873858
994697
754370
20072
1476672
387757
-184259
-1348906
552998
669647
-412650
-1836845
248280
-134299
815769
-461068
-1448623
904183
1475194
-80873
-1234481
-209903
-635518
61837
-244770
-149854
-295308
-472155
754369
-671443
-845447
1484650
-562369
-710958
1136618
-468298
-1041913
-640124
-1352723
-1732535
1473450
625760
834665
863655
-400573
619178
2090569
744324
-826752
-1003234
-537010
779139
-406021
-440213
-2329744
893332
924267
-741479
1073172
203855
162496
-381210
-227283
-305500
684761
227169
346098
-72662
613701
1125429
1656058
-241194
-1729332
-1629199
1176949
66427
830405
-1404302
-1488055
-595662
