#SpinCore Technologies, Inc.
#SF in MHz
#SW in Hz

[HEADER]
@CLASS=	RADIOPROCESSOR
@FIRMWARE= 3087
@SPINAPI= 20191127
@POINTS= 128
@SF= 21.670000
@SW= 127986.351562

[DATA]
-6370458
604393
-3094365
-1959693
-4210334
-2186492
663400
-5936255
2995025
-2181656
2274289
-2075091
6416983
-95419
3207656
2822840
1536606
3073384
352945
4185975
-3782270
3551825
-2507765
2670490
-4108416
-525236
-2381943
-3070864
-683210
-1815520
217244
-3239212
3716620
-1353912
1029527
-371651
2507665
1423055
1016006
1441348
55815
2792256
-414786
2527792
-1345959
1585935
-1858709
1506441
-2158899
-582281
-932021
-1487071
123904
-1345886
-467661
63454
2052667
-1569510
671289
-70606
1601725
1743969
1507136
-1078780
-429672
2103003
9529
1579299
98376
2825001
-1629371
1384656
508427
-276435
-1218253
707141
991508
-1644384
61987
1776272
-1760474
-1247201
1057288
-40121
-634907
1530141
1458283
-88202
-142297
965309
-632880
54114
612021
1274689
-727069
-1009400
324918
-316927
-389609
-790879
-406364
-177007
-338605
1016017
-340661
528924
266053
-852563
-770476
-15739
587855
-832599
-285680
444753
851658
-840798
2699958
829898
-456185
-555132
-754437
267164
-188326
1263731
-2046290
-232673
-301440
443791
-86940
1489108
-523747
612198
1519762
919935
-1450274
-1665368
1033151
126669
128880
476525
1861679
-1452796
296022
2676087
-245370
-425232
707932
64913
-2564088
506633
-828812
-1548968
1155115
697294
476523
200813
723575
567138
634315
-127106
382201
-1459841
-939385
1165747
-345031
-881701
743548
-984206
-235499
1209833
1014270
257722
-860904
856095
-1095330
-202501
760698
-1119763
1023521
669192
-132611
-144995
1508639
759475
-452520
294831
-345261
1065788
-1295057
255728
-581159
-1093726
1975840
1203272
420991
1106001
-731318
-542128
871703
1228020
-1789185
-1119632
620480
-443158
601810
362913
647472
-576302
-950734
843057
-1104976
-819825
224423
20667
-1080833
-23674
824357
-129830
-190108
481873
869509
2113186
-245330
374862
20579
1040266
-544885
-75268
1090659
-431997
1054975
476681
-390963
-443307
528962
-700133
-1179671
1080944
-286077
-1482247
238227
-1578820
85212
-1124667
415596
2033837
-1126309
1526662
-19147
-772354
-1584123
1003163
-205188
-1503072
1073404
-557194
