#SpinCore Technologies, Inc.
#SF in MHz
#SW in Hz

[HEADER]
@CLASS=	RADIOPROCESSOR
@FIRMWARE= 3087
@SPINAPI= 20191127
@POINTS= 128
@SF= 21.670000
@SW= 127986.351562

[DATA]
-440113
697015
-1160759
-1038686
-560977
-33560
-765422
-492758
2692614
-2900657
1989731
185451
340499
-1726240
2145225
-806060
-393270
307329
92792
-49827
409211
2119345
-1192895
1190405
248313
1616551
731913
1934546
-1620316
-1410880
1223499
-676693
1111320
-717392
-401007
-3955661
7393
165881
-1304583
681771
66768
1057853
-192979
3134355
2361089
741199
2717201
447859
-335995
-804351
200002
-2334834
-1981404
-499866
-1005501
-1766372
-69584
419091
-1434922
422320
1069530
1455947
332797
111700
-838912
669630
1954487
-1073490
954166
545546
1166393
19171
-769541
90312
-1556951
-151673
63218
469147
-937394
1398991
883102
-78874
1932634
58332
1085494
-450392
887176
-1602996
-322551
23828
-768645
-839012
-1213909
-144697
-1149269
-540212
2060161
1313630
1818374
1074834
-98572
-372405
1005232
428978
-543846
-224747
1273480
-571242
1503366
851900
-2326045
-247746
-664260
-43609
-1369626
815790
294128
-607493
1188771
1303421
-1955929
1481263
1077878
-1004415
52295
331544
-1053414
-2339443
-645169
235693
-2098831
-833414
970395
-478826
207084
2252060
-847206
-1104306
1476713
882498
968740
2466693
245134
-1202403
-1222035
268135
90821
-1196420
-779840
1943699
-881209
1271340
96417
-576313
58178
1648774
-661108
1218764
1648445
-1231482
-937684
-393266
-560890
-1264484
677414
-1277509
-2212561
1099669
-891865
-568418
125184
812599
-1601097
824213
970594
-1387934
397781
628323
-160825
804308
2370367
-1547218
-1212420
1159086
53776
-475804
-736895
-378234
-115138
-209800
717210
-126748
-390272
389799
249127
-455725
1702948
1848040
-1441177
-246336
-1151896
-1217723
-29540
351223
-2493208
-1295662
906482
110947
-336718
1290481
-170202
-468145
472551
2261152
-449477
-208016
980600
-2183233
86346
-543415
458194
-607058
107898
371894
-72031
1049791
695703
-688913
590290
-437030
-38821
769923
-112772
-1032977
1162729
605009
1745339
-104698
154985
-626686
87456
449544
-761811
1463778
-972452
-1475666
1598787
208483
-720253
607103
-868890
552770
470111
1163077
1103735
-975174
