#SpinCore Technologies, Inc.
#SF in MHz
#SW in Hz

[HEADER]
@CLASS=	RADIOPROCESSOR
@FIRMWARE= 3087
@SPINAPI= 20191127
@POINTS= 128
@SF= 21.670000
@SW= 127986.351562

[DATA]
1138751
1302191
2630680
3047343
-2023871
713906
-2025858
518069
-1944669
1003349
-2368711
135956
-1087036
-1326687
-449054
-667025
1376823
-1928334
1025574
-1532004
2113874
843011
548878
1242759
-2047886
1944200
90939
733571
-1365245
1166570
-1741379
-678388
-757437
-396099
-1503359
-1126426
46221
-479275
1490462
-959505
1812981
1262987
1375920
1033303
-536938
300304
-1036546
7237
-2044694
1357862
-2280161
-1584954
909150
-1087344
371944
-290558
206576
140456
360737
118673
-732209
-249041
312089
-874131
-861736
-110584
745801
512273
-279413
-1240199
-446231
-59761
1365320
100780
-685223
1070505
-1889130
-1675016
-634944
1127468
865796
515823
-220320
1107122
240142
-113303
-436129
-1668570
44752
1170042
-165260
161014
29665
1582867
-810928
1469892
-1355505
204797
-1229801
1981688
-1960662
-1202880
-750194
-826544
291185
-579109
-1150480
-58315
360920
299542
-603810
-316047
1165769
672147
592307
-407696
-527012
1451638
-809253
127032
-1115584
-259024
521838
575146
-717839
-461210
-858555
-2517681
313899
32920
838331
-188497
1934251
-75455
824381
793407
176296
545575
-281011
-255125
-1102987
-310351
-545449
740300
-904184
1220270
-982950
-1128107
1029597
-1112109
-563300
710912
395060
-567639
-1151388
1746481
668396
886147
598372
1708502
854269
633520
-638653
-1318028
144080
1240489
-177157
-1887972
352331
3810
122533
896371
1578314
-1548114
271871
2237143
353728
638391
-569764
74850
-2111055
1626880
-675197
919373
-1004073
648870
563743
-458099
-709518
-1176529
-461478
944544
-37006
-995203
1435655
889973
516821
-754966
-62211
682741
-269973
-744982
-540432
-1400127
-1553482
341788
347540
-2150006
184189
-819842
853619
1375850
803873
-1397271
-1576517
-105072
-375765
-852036
-272930
-572185
-1688038
430036
883229
-864890
2842
573083
1185742
731215
-89210
1132882
733939
-189998
-317450
-1511148
-301047
1139154
-661046
-615132
151900
474381
455731
1070610
529921
-284872
288512
1555524
-1157278
1394971
105533
-1281586
-834588
1158709
1382205
-1385981
461937
104605
