#SpinCore Technologies, Inc.
#SF in MHz
#SW in Hz

[HEADER]
@CLASS=	RADIOPROCESSOR
@FIRMWARE= 3087
@SPINAPI= 20191127
@POINTS= 128
@SF= 21.670000
@SW= 127986.351562

[DATA]
3754818
1996115
1833807
3328125
-416405
3467911
-3178268
3207342
-3633962
1073440
-2134402
-1112606
-1820621
-3142304
-652927
-4345815
1699602
-1310014
4137562
-179314
1572838
1785350
3297475
1776448
-247273
2606921
-1355278
1571779
-2835966
534211
-3619213
-516927
-96035
-1577799
754593
-1397691
2596155
-1982672
1302903
-2524413
915471
-147611
1679499
2018456
460541
772832
312925
639253
136136
553078
-1480313
-396134
-317078
-1750373
-181423
-1567871
-1231691
-112102
1708151
-1265031
1624616
846654
1341076
1263301
1464907
-613296
-216707
1851324
-1060972
450779
-774033
-1075520
-1204002
1888921
-1446605
-1609
483974
-149426
1214649
-821692
-1372915
-474970
533000
254216
7858
-457935
315297
629193
1994448
1163849
-247055
-192866
-748463
-823558
-1830413
-859649
-881358
849134
963110
-822121
-536610
193769
161522
-208157
-33408
-3179951
-159233
697081
-2208304
574590
-375250
61313
601190
799771
798690
1363011
467718
-474131
-1559910
-679386
-2529610
202930
-142690
1083450
616941
1138772
299789
266038
1384078
-1124089
153776
-513371
-1017061
39696
200837
-593676
1291961
1439694
1981332
607052
1366401
-1724252
592901
-839039
-1480078
527496
-1438296
-1204139
735488
1797376
-650335
654410
1263818
-1335957
862265
421101
-756521
-907306
-1177291
-905120
19729
1106882
-436393
889170
1114460
-1660327
1541207
-206739
-1464719
-870850
-13953
-2271401
95048
1836911
614071
554825
2134270
-851708
2679700
-613252
-1085334
-1062318
-76162
-932887
-1134979
533998
-1164786
-411437
1254723
202514
1016218
1700935
-635413
-374062
330592
-1535515
-1057108
2910386
-298285
474103
1277011
1290056
2093551
932137
144714
-2679611
1320381
1642635
-249416
364776
-1325541
1086473
1652536
2092573
-1922212
1474782
-109421
-643019
693152
194212
-2432513
-90720
-397611
-2035830
849988
1000013
-235265
1787471
1172522
-1651533
1157866
685721
-719691
1005357
-2598565
-1045829
220661
359888
-2191256
-26991
-87569
-1443979
923023
90170
-1837311
-1496365
524854
-1588171
-160871
1780002
2392
1642841
-1260523
1755313
1528629
-9943
