#SpinCore Technologies, Inc.
#SF in MHz
#SW in Hz

[HEADER]
@CLASS=	RADIOPROCESSOR
@FIRMWARE= 3087
@SPINAPI= 20191127
@POINTS= 128
@SF= 21.670000
@SW= 127986.351562

[DATA]
6127073
808256
602475
1616503
1624560
3300222
985121
3440438
-3623600
3540677
-1240597
92652
-2442736
311669
-3765344
-1600666
205129
-1974076
-634678
-1886656
1319434
-2316481
3311509
445527
467320
1259180
797224
-580869
772377
1359658
-1322025
2439649
65838
17279
-390159
892208
-315567
180234
-321109
-394722
-698486
-2024291
478311
-1507059
1295674
-771373
-829233
-720143
1407704
-381685
854634
969011
-1151754
2020701
494597
380715
-950708
2430356
-845668
-276955
-667746
-546195
-2285377
-107104
-469805
-1531216
2250119
-857203
-790755
743560
780058
-1604775
1471989
-759934
-903574
800453
1027239
-212720
1108147
775844
-809000
238286
423274
71504
44875
483881
-961474
-553906
-814488
-20382
-689768
2292441
62213
-299234
445962
590862
-71116
230071
159093
-1426780
-527571
-1010471
990708
-147745
-13511
1214339
686517
-381059
1798932
1446385
402621
144837
-56066
-1444642
-212174
-1458766
-884336
-1063277
1042632
-307822
-1592592
316984
-453274
-1604834
1655821
196708
-288458
-195005
1508298
-127622
115872
260556
756930
397528
-309036
1235393
-2091728
684098
-784854
273858
-64130
15614
209795
-47950
346571
-119101
-88321
-296536
-192301
-1237545
-1191631
-1672794
412421
-674139
-148523
439124
311863
-443683
-757287
764953
-617837
576759
-1524107
-93064
-597280
755191
180380
-658317
-825607
-1335050
249750
34728
-907801
1185252
991042
1272273
519382
608004
-670986
1459279
-95474
251515
-918952
685754
-931232
-671486
295991
-452678
364290
85105
292394
-726925
478702
953564
-2274079
335
728470
-234866
-1431760
154717
-620928
-627287
1214187
-992744
-1419718
364176
610002
-1112669
155685
474393
-955048
-88110
1477999
297790
-503786
-189662
-547195
-2014109
-834763
739949
-396145
-391363
1011364
-352860
-72740
355554
-388342
-193528
332164
-229649
-600102
-424924
-1681326
-1273747
-672039
-784692
175468
-292501
128381
-1127976
-35015
477552
329681
-971155
-1723479
9482
-666037
-542453
657352
-985149
-856068
91039
-579295
976196
1073991
-742210
