#SpinCore Technologies, Inc.
#SF in MHz
#SW in Hz

[HEADER]
@CLASS=	RADIOPROCESSOR
@FIRMWARE= 3087
@SPINAPI= 20191127
@POINTS= 128
@SF= 21.670000
@SW= 127986.351562

[DATA]
-118070
-675933
-47178
877809
515584
-1495091
3765602
199435
2222051
-1118079
1631878
1386465
159645
729584
44669
-1669503
-1169977
-1235274
-1851848
-154235
-1358361
-946645
-2524014
-870160
1079770
-489057
2287522
858263
-1337873
-786936
122049
1181899
1787587
174953
-1176616
125856
-496902
1025074
103453
235764
-1286512
338082
-1164132
285807
1034105
24413
1541053
70668
719061
-596580
-898369
-558663
-191464
-176943
-1241473
864266
-139617
535748
-238077
923452
-1137553
-69268
-71245
-28405
-568461
-279645
1455296
889497
-249296
1200109
466146
-995162
-981883
1060168
-1670498
-300011
-186361
1563003
528258
1472166
785739
40020
-122137
387619
122543
-1303190
992563
280051
608654
-1944167
-15945
1275172
-9684
-14637
-1510325
-1207579
1341761
1815333
47333
29748
649941
741358
-1389955
879439
358575
-430372
-846125
-557614
-240689
-1169977
659289
898724
-2065910
569382
572328
147163
-232813
-1044708
1168629
-1320460
-68028
-568484
968019
-19413
-638699
-13577
-1497316
-439737
-1803970
-548567
-68879
-497637
-183200
2183835
-140353
822585
403144
-162720
-496688
474170
18528
432185
570916
178168
157930
-82957
1168828
1149441
-153020
729332
-591030
-588942
-509025
-2496650
4691
-1296449
73921
294281
-1528812
-42989
-2816971
170077
-1582540
-924341
-1015738
162754
1100676
1735089
1708832
1969878
1344736
1677917
706771
171554
-209513
-1300167
1178793
-563821
1636787
777469
50590
220880
-1466444
525972
-58577
-1600607
243859
-1531972
309075
-1567721
2369488
752815
-1387085
-902713
-969412
-1214066
-12740
-1667897
-950490
1326682
771278
2042781
-833937
1802283
-581817
750432
-950536
-421606
658090
392400
1450419
-306032
-540103
-1044175
-85364
403313
-1385419
-1295486
-1080965
-817222
206824
239497
811942
-1363592
868308
679752
-540375
-226135
-391373
-1037708
-842311
-1066241
648275
-182480
-83447
2534600
-783633
131036
-188121
2004201
-686858
-2116
3323315
-618573
1006426
165784
1335984
-458426
566044
234742
236785
-2185817
297167
-1264019
46275
406790
