#SpinCore Technologies, Inc.
#SF in MHz
#SW in Hz

[HEADER]
@CLASS=	RADIOPROCESSOR
@FIRMWARE= 3087
@SPINAPI= 20191127
@POINTS= 128
@SF= 21.670000
@SW= 127986.351562

[DATA]
4970599
783959
4675818
3187327
3379626
5153681
379293
5744863
82033
4778358
-4694143
5020912
-5679780
622937
-4164803
-2096368
-4427601
-3989072
-492870
-6248622
1756284
-3263482
2841831
-4366627
4353044
-1086030
3430654
2905175
2959666
3228069
399200
2430738
-1005670
1964467
-2926925
385277
-4611460
20746
-1492910
-86568
-1644765
-2217750
-661455
-3119954
1139669
-2153223
1351640
-1398760
2521777
-745715
1068477
1200791
1282854
1480967
65218
929117
-359873
1353417
565733
1472876
-653738
1149703
-1763307
50528
215506
-1015899
-1640790
-1983611
361427
-2674412
8175
-2058168
-363374
-1489119
991128
-862734
1398517
-626664
-516982
778539
935588
1862186
-988238
2400297
-378259
936667
-302072
394268
-1195607
899756
1289297
673262
-2421108
-859263
752295
-2110464
-858236
48123
26500
-1441816
1026783
239352
-1045233
438430
345946
-792978
-246485
331526
785895
2203180
-233110
378777
-653007
1290111
299729
2626167
-640640
-674451
-845868
574041
1600148
-814078
350404
-2204512
-298765
-1089245
-357166
1238471
572861
-863287
-475542
1488161
-1182542
179912
-1223696
-243305
-827836
852847
71087
-1287294
-206627
-22446
-191681
-312176
-1024465
-870683
532810
-704286
-1346654
856999
-638514
598428
557193
584331
-258634
213453
-150116
110348
688675
697757
773605
-210143
-2603823
-1181452
-932412
-1064221
612459
-953210
419144
-1305197
1045668
1602150
-216827
35674
-1131237
1200729
-426073
-423325
2107898
-342659
-1750989
-992294
1360415
-473148
-761686
510557
255045
-602617
-40695
-7465
-429875
-982661
-787098
-1447218
-698297
379202
608688
-60390
-1247705
1379462
472491
945416
700418
522697
-653269
217933
591229
450048
2032321
-297899
623471
-510068
-167927
398426
9584
-191249
-1153147
-573776
44711
-530009
1124337
-601173
138855
1244907
76670
982537
-1277164
93529
82303
307328
-507230
178121
1897249
-233843
2134805
347620
1021409
384469
314283
474195
-575249
574255
1074491
-309823
-290813
-477677
-840755
579678
490167
1626333
-1036112
1763469
-523243
-372803
-784474
1227061
