#SpinCore Technologies, Inc.
#SF in MHz
#SW in Hz

[HEADER]
@CLASS=	RADIOPROCESSOR
@FIRMWARE= 3087
@SPINAPI= 20191127
@POINTS= 128
@SF= 21.670000
@SW= 127986.351562

[DATA]
5235372
1177624
3556740
1797172
4372751
2134461
-815779
5296185
-1141203
2458484
-3593929
1322188
-6202344
-361293
-2419923
-1689692
-1259516
-2721817
-2256880
-4951644
2124319
-403300
2935559
-1684092
2670079
943954
2206387
2481876
2796919
1893137
-408086
3195908
692540
1368055
-1546887
1253915
-2221608
-1614967
-1003000
-489649
-1906361
-1859800
492378
-1600536
1749146
-186783
2976578
-1427859
386944
1354424
1269564
1503533
1388255
582456
378279
1253563
854944
-433127
-238220
-941421
-2486165
91068
-1354875
1429474
-392028
684727
-1473951
-2670805
1986132
200978
317150
1215182
1194790
-1081134
-133018
239741
517620
-250630
187800
975693
-1067714
-763516
922005
379446
-184921
167183
975463
558839
-596972
915877
-1027831
283258
162431
-1723101
-365444
-1305120
2394030
-431988
861691
-546264
-1359523
377454
-739439
379345
-831635
61959
1277170
296106
1602375
1174665
-584848
-398720
-24693
1856923
155844
-1386049
464330
-847208
-431815
-445915
-745824
-502688
-419772
-450341
-475463
271312
-614646
13278
474209
375487
291914
821133
773403
-309463
450767
786522
66160
945057
1356623
2005761
-858396
-1753586
-35429
589859
94852
932074
116268
-1049135
174558
953598
-243870
-1563954
-345847
551318
-2506762
1507417
-217988
683936
9990
311564
-483927
-276686
615140
1375440
18880
-1617144
183706
922295
98899
-333074
-404075
-1432571
-75754
-58691
550190
-2509
-270041
342024
-294796
-502303
-358953
337405
-1250460
1079633
1623536
-617214
1681211
1599204
356064
-498009
431496
683202
-604939
-391233
-96627
514787
-1782875
362000
610908
-443696
-340388
882484
-690677
-723775
-674994
1203519
-1289782
323403
514205
-165390
1163943
774154
510116
-1828205
1598073
848851
-1358304
963472
-1856519
-1444625
-315204
216715
-566462
-150950
1046270
-394386
-185942
1030082
100301
270785
-823047
319973
-122709
-1273602
1921402
-262375
1008112
212378
793362
723273
-1341817
645166
-153182
-819898
-1637101
118785
397366
-230693
1596854
1127215
-1576997
-383617
-336376
-179235
-207663
627426
