#SpinCore Technologies, Inc.
#SF in MHz
#SW in Hz

[HEADER]
@CLASS=	RADIOPROCESSOR
@FIRMWARE= 3087
@SPINAPI= 20191127
@POINTS= 128
@SF= 21.670000
@SW= 127986.351562

[DATA]
-854961
491225
-435538
-2089972
809335
-1558973
-1120984
392665
-726330
-841466
78178
658188
-258588
1749730
1567778
121072
742318
548539
-142728
743709
-276541
987951
-2088413
2709310
-2363218
334832
165838
-574920
-1059306
1276966
-472815
-449001
1462980
-771159
1109489
1214150
316296
-617235
429064
-75793
310148
532713
466075
587458
-764917
1816665
-400880
488430
1053499
893163
-1644194
1069622
-184426
734906
778452
195527
-932131
-3436119
1790058
868550
590836
490483
139645
-2253240
-2158
2213171
-2635835
-601775
1670595
604088
-349840
232785
1248944
-810261
915145
811394
-1051030
65768
404362
-932557
-1742437
116970
-18931
-2091074
818311
24408
-687733
1225692
1644889
-27911
-247049
761144
326817
543327
500203
23461
-1143773
-221450
2001770
-1005897
672609
377800
-922884
1154507
-571037
989347
-440487
224325
-824942
340866
-111452
784411
9442
-1390575
1656605
1088765
-635867
714005
-433363
-1559341
918776
702329
-1404697
-1259951
852161
-748780
-2218259
2445096
402521
100511
1046463
1421641
-889629
1297613
2116639
-1427640
1462726
-519545
-435190
797050
2241990
-216372
-1549168
207137
369997
-818698
-1181190
1036200
-961787
-112816
2106698
946263
791241
1294884
1095936
2451060
-35453
795845
-204557
-1455073
1689076
86242
-2770005
210199
922198
-2127546
-850543
1970289
-1289690
-1152766
820450
-12405
716556
-766
-1963484
684658
306340
-1761505
-88590
-1347149
1199362
-519016
-154556
838090
-483227
-415991
575413
1438738
-1315263
1014605
-1815423
-711812
1457163
927795
-37662
-1212480
2581325
1109724
-1334656
609579
-396298
121877
304312
-222245
-3248219
-45283
1807753
-990040
-793135
1035424
675817
124045
826544
1329010
-924157
373952
-292900
-258784
1107164
1128127
-936307
-2667500
2224921
-509306
-171690
513178
-623667
-992728
338458
486707
-1178011
295060
-1174126
-504454
-650861
1917712
133426
-531954
852061
254897
-845421
527399
311316
-659538
-1515661
-355604
45260
98439
400841
936615
-1144518
-302738
1248291
1480884
347385
1364025
