#SpinCore Technologies, Inc.
#SF in MHz
#SW in Hz

[HEADER]
@CLASS=	RADIOPROCESSOR
@FIRMWARE= 3087
@SPINAPI= 20191127
@POINTS= 128
@SF= 21.670000
@SW= 127986.351562

[DATA]
5505756
-2111332
5101594
2136750
4491137
3990736
1069244
3885467
-1143022
5352708
-3592437
2226251
-4348789
-232115
-5059717
-841339
-4113150
-4874172
-1309450
-3074538
527271
-4424102
3792869
-2007826
4756938
1200933
5404002
1922919
1882329
4214026
18743
4915011
-957715
4049444
-2332731
1836149
-1575861
265870
-2561810
-801695
-2085345
-1942837
237108
-2476209
-390818
-2744215
1078067
-1655960
1656353
-1334234
636699
220918
1012533
1873107
-150091
2183708
-1259578
2285500
-1987532
2009432
-815869
398467
-530969
1022425
-628309
-5398
-723221
-1190655
1408486
-1833072
921693
-788514
479792
-190666
886487
865678
388679
563577
-550614
-884165
-1346884
-227604
-238744
840380
142319
218197
-3010464
2112141
-575033
838331
-1089358
-234957
366497
719089
234403
1992790
-78299
-354382
560596
-501404
440662
227489
1883204
-602857
323304
-1404363
898942
-35953
1529200
285018
-110733
405876
-986214
352854
-509784
970764
-1309550
416799
-269036
728306
-21674
92465
-760102
752222
316459
990347
939762
-148395
379763
358396
-123709
-265677
551944
87345
-1070628
-684466
-122811
552719
-166020
1394293
-518498
-243842
-1787042
1733561
-1125333
-1194550
1661405
205874
-769637
112941
1305889
731921
-962718
336226
-463381
-90959
1436546
11243
1288613
-690788
1146426
1515103
70019
670251
504123
1179899
-99249
-1007988
394590
-505413
445717
1617601
-547258
-196407
176812
1348625
-451931
-656299
294246
115682
1594806
-699505
-831785
1741206
181439
205681
-484287
396159
-11170
496836
878809
-498672
1568410
-1276283
-556683
1295837
79702
2017768
1667724
-1099295
-1280756
-521005
1957834
702993
518796
1542345
-1531628
-1678697
-415977
866436
-220748
-2348345
1292818
747172
-961517
1451538
-51747
-347379
-1091596
115386
298623
-538592
23124
1827659
-1713295
-651976
145681
1621377
-685712
-703701
3363370
188287
-533410
703616
1460724
-374361
-138068
143244
-1046580
-1915038
958645
867375
-387156
-1402640
219299
-383003
-1244869
1499496
-189745
-352852
-569768
1739107
-544467
-1085799
976817
-163078
