#SpinCore Technologies, Inc.
#SF in MHz
#SW in Hz

[HEADER]
@CLASS=	RADIOPROCESSOR
@FIRMWARE= 3087
@SPINAPI= 20191127
@POINTS= 128
@SF= 21.670000
@SW= 127986.351562

[DATA]
15644627
-4689469
16391986
3103368
12807564
9392942
4986333
15088265
-1962834
15045396
-9408765
12561080
-14480304
6383982
-14419986
-991407
-11789794
-7849348
-5307431
-11789945
476643
-13580269
5296246
-11463713
10379870
-6692863
11849003
-259592
9764510
4622922
7485892
8486139
1924392
10792942
-3076666
8525806
-6407645
6217874
-8322147
1788493
-8029777
-1664702
-6048884
-5079023
-3170213
-6683657
1141216
-6968042
3601973
-5639798
5404709
-3912070
5578574
-941249
3489023
1841588
2138704
4244943
815813
4778866
-1152077
4096998
-1792319
3295944
-3367959
1432443
-3843517
-1230966
-2212474
-1579912
-1871713
-1712145
-156065
-1943732
1389244
-1115485
1387969
-803240
2256194
-1674973
1797794
-385770
829792
300732
894849
387043
38894
2088375
-242519
1164602
127108
1788822
-204269
1251082
-256345
-1127856
-1084718
-941199
-1518287
-464093
-1797495
-1354429
-139541
635916
486310
-698291
1128420
-689861
1459361
-902735
1645819
-1639973
531140
-1045776
872957
1220081
-1304012
1062945
681206
1789928
-123521
1761238
-1104385
226282
167353
-984188
-1054831
-310815
-81155
-2054801
8107
-576724
-635898
377061
1364514
-164744
974801
503061
-176262
-413695
1205856
65413
-57632
-331230
-195383
43692
72288
618933
-874100
1020584
-249977
621751
-498930
536432
-626149
-502953
340834
180284
365375
-796433
173001
-1670545
1033220
275443
106304
-278133
-655930
375507
598156
680464
-562152
924930
453988
14955
894665
-188261
-258347
-437509
480840
-762713
9103
-199994
-207094
-237859
886156
-86398
-793638
-538859
902834
-94845
737246
-801721
-254385
20003
-242420
122437
513841
886783
-163731
905168
-273175
1015663
1023137
-1086915
167874
213472
-207464
-863698
56195
-30291
182576
59118
-370485
818899
367431
811672
-180114
483954
572863
-460660
220201
-85505
-602215
-210981
-349569
-619391
53391
987821
-61626
13626
-373595
-250975
390015
233727
-262683
196200
194627
-287306
-26187
-9862
-145410
260505
-320132
397423
443288
-59099
-38410
-204028
305323
-270929
163040
-492230
48517
35335
-259290
-1484441
