#SpinCore Technologies, Inc.
#SF in MHz
#SW in Hz

[HEADER]
@CLASS=	RADIOPROCESSOR
@FIRMWARE= 3087
@SPINAPI= 20191127
@POINTS= 128
@SF= 21.670000
@SW= 127986.351562

[DATA]
5507146
655628
1778803
2627734
2171059
3506787
-863784
5336173
-3002076
2130400
-2552281
1615812
-3524855
-1177712
-3100114
-1389994
-1402692
-2849917
58375
-3051230
2815266
-1188668
3246917
-1707384
2307969
1320673
687457
4474322
448856
2570763
-2021404
1919794
-1385867
579999
-1416519
102662
-1556762
-601923
-465384
-1785487
-1052203
-1989899
152414
-2824861
1568201
-2066921
2135653
-764856
819727
2332775
1683119
2176807
-904811
569028
-1413659
379868
-23194
-425225
-787259
-1250028
-1592309
513153
496832
-1749782
-198058
-65221
-145254
493281
794424
-175171
-124903
-413930
2553983
-219330
-1095028
1710368
-42299
-1876544
1064056
-259085
354183
-937207
-422457
67899
-2288485
364403
-1675366
-257060
-402593
-638862
-106175
-253506
100178
973280
143949
862875
-1570405
1174445
117835
-1672209
188725
966429
-751084
-1122330
129257
1858464
-677801
-804663
386310
2155041
-1849580
-2136640
985918
-1703738
-173737
37930
1928212
-523838
-434727
-494997
-617017
-720643
1543386
-695675
1188793
-572013
853464
430457
775144
1680771
-200724
484159
-149649
-807391
-287574
149062
-126916
-2032996
237405
703014
-381603
-239420
90482
730206
80401
1743097
-2877178
404984
724516
775498
-581600
-86097
1557002
-1215290
39821
-710941
-1217511
638001
-974983
-433654
-2715885
-758031
555032
-786609
563923
13015
-1365260
-544250
-768570
1981923
-290842
199662
874794
-2181038
406813
1072405
748232
-919553
985186
-138473
-1383853
-1058985
977390
-1461200
-607370
-713480
792524
-611599
-811684
347385
356080
41660
1314675
662945
-1034587
1370782
1441174
1066344
1005526
284975
-653433
1085782
1140594
1637504
-1763
-778274
-506137
1033315
421878
-892941
-358766
-364424
-1346983
756093
-2498689
-568406
-1735292
-499938
-1689544
494038
-129617
909303
1195231
92895
1074599
1445623
953211
355058
-636969
1062590
353874
-1175842
1102598
-469457
216889
-310943
-1107977
-1067670
-2304389
-141249
-1728210
-439375
578302
-613371
-1912458
617714
1754371
463954
88525
644243
-1804675
802436
1563967
-265363
965566
-1634924
