#SpinCore Technologies, Inc.
#SF in MHz
#SW in Hz

[HEADER]
@CLASS=	RADIOPROCESSOR
@FIRMWARE= 3087
@SPINAPI= 20191127
@POINTS= 128
@SF= 21.670000
@SW= 127986.351562

[DATA]
-5300384
25885
-2149752
-2417310
-165331
-4196833
1214555
-4190789
3328868
-4582581
3211163
-2208322
3960327
-804672
2760188
2626765
2361629
3129229
-377041
1444562
-4497779
2237215
-4396634
362997
-4458817
-730067
-2337491
-2195182
1036888
-1599711
1362574
-3627951
2283783
-1816171
4425264
-172211
3666799
492691
2471906
1348970
655758
2197905
-1885440
2862043
27466
621354
-2478470
1326187
-2592751
-688538
35257
343102
-2416778
-1449267
1328687
-1215632
74160
1377868
1063809
-784640
2394780
1030964
331268
-1672889
1334358
238254
-2832549
1404336
3033
-470283
-2520443
-1159115
-1028706
-1294415
-415505
237437
-742073
-900121
736630
-390670
-1324763
-604033
205445
-869499
854986
37212
572958
114983
-382798
1284954
1146323
-825253
-1426555
238224
-465389
494192
-380026
-485957
-964279
290027
43677
56558
-1918715
-1304361
-266548
276816
-188203
2562682
369261
-231976
1702914
143278
939676
946052
1654644
-530371
1017815
575054
-71838
873755
398124
15346
-572576
-134856
-9497
446715
-734510
496877
-1815602
210520
-1130362
-1948350
-8010
554661
601050
-143863
-1101671
1973346
-2030039
1378306
746155
-544958
1452329
-967474
1348952
100953
1796951
696260
-400059
-640426
-794999
578977
441190
-1520035
-73824
-808824
-41671
68498
401473
595616
-82645
-489345
-1796379
373138
-725175
2347197
671624
-572837
650933
1754
393571
2007459
567220
-1080884
185634
292308
1142746
-64731
136512
650193
-524651
503138
-875063
-907999
-388266
585504
-1109308
249516
-464671
-56090
-1480704
-26264
375929
1393097
385852
-27832
-1103136
1650563
540677
1044767
886081
1344677
1912018
1595209
476092
287926
-994504
-1223725
-281706
-675805
-1817609
-275523
1912027
-392670
-442852
-152288
-887906
-1162860
1119542
-409989
-300370
-186217
657309
-464494
817007
-298279
159360
668711
-605981
958725
2630208
-725337
-1281667
-18722
1459179
-131513
707313
-224144
-340711
-1341396
427671
1342926
32558
195943
776240
-7688
-1741063
1691155
-776884
298675
-175656
-188257
-1134203
1717138
433234
1369321
