#SpinCore Technologies, Inc.
#SF in MHz
#SW in Hz

[HEADER]
@CLASS=	RADIOPROCESSOR
@FIRMWARE= 3087
@SPINAPI= 20191127
@POINTS= 128
@SF= 21.670000
@SW= 127986.351562

[DATA]
4493494
218550
4232440
2062396
2111988
3818402
301993
4835329
-3416594
3718766
-3105042
3956165
-4301123
2197283
-3269401
-3213046
-2211823
-2087657
-892456
-3676364
3056748
-4038312
1709569
-568277
2549460
1088849
2269367
2228425
2324331
3684125
1850624
1142417
-239880
856570
-3060041
738972
-3017264
-441291
-3585278
-136678
-1226338
-1622625
-257275
-2247077
767359
-1472418
3246904
-1881902
1168645
-35886
2503929
1639599
-1367288
537398
692215
2789185
-143646
635153
-1572091
-828832
-193110
-265683
-377835
-1202887
-1143112
-1022276
-749895
8577
1135455
-1156423
-1026690
-235327
1698341
17106
1257610
-1353848
603948
-1484958
1266372
2051158
1143468
550631
1388619
2011969
-190050
2907444
-2292246
345226
-796030
803943
-321118
-589479
-1629067
165257
785724
476280
-234572
294315
348231
-899224
2411028
1241689
-638673
505031
-859462
274556
-199582
-527460
-258445
-648208
-118634
-61954
-201824
107661
-865735
-871581
527068
242667
-283850
-1008790
-76575
-969612
222748
553321
-480339
-2141565
517970
731247
410996
500418
-180207
-267746
-535116
247016
875471
-166115
476362
-971811
-43824
138729
-1106031
-1729588
-244439
-1385006
-2187143
1861739
567910
-243412
123159
482098
665499
904193
-119151
-321823
1624963
2269933
120553
-2509056
-291466
-1375950
-306993
244527
-63707
-1262457
-404374
1819102
-1851834
1454609
834718
1095176
679594
811121
355056
-55604
348434
-540072
-731424
-1032443
-589180
-609133
981344
1238800
32212
1391673
642602
1004057
1022200
2445327
-2296276
-726360
2039704
-1385315
-839519
-765288
-1210890
-575982
900925
418947
-201102
574639
603696
779519
657193
545156
-1644295
-1755800
170902
-1520656
-147628
-770348
17265
-1983063
1123871
81326
-2082503
-61528
1632030
537899
557654
933261
-182403
173019
-640475
1036182
-740193
-1065649
122702
-63685
558507
-325779
-2059592
-236014
-358214
273283
1903510
-682653
795180
-822841
-325095
277127
-670437
-236913
487260
270141
179735
-259986
-762543
-218075
-458166
884965
-485784
-1546095
626129
1027198
816751
-493590
