#SpinCore Technologies, Inc.
#SF in MHz
#SW in Hz

[HEADER]
@CLASS=	RADIOPROCESSOR
@FIRMWARE= 3087
@SPINAPI= 20191127
@POINTS= 128
@SF= 21.670000
@SW= 127986.351562

[DATA]
16087874
-5543659
17396887
4779615
13067191
12152501
6202592
15981759
-1272303
16882152
-9750655
12946959
-13697533
5856003
-15257606
-1451028
-13012543
-8409968
-7037411
-13134117
-239072
-13068154
6549153
-11980351
10941134
-5958300
12373488
-176871
11204031
4833606
7461365
8829794
2026309
10553653
-3090572
9108018
-6549362
7165355
-10611220
2501945
-8339567
-1655684
-5781006
-4297565
-2864588
-7247633
1199117
-7215496
3279505
-5303404
6257279
-3509294
6296686
247106
4962630
2720526
3201782
3919455
898028
5002601
-529251
4503849
-3091004
3130158
-2934058
2049186
-3385751
-56585
-3074368
-819136
-1412635
-3002370
-693839
-2899904
548074
-2665911
1465342
-1305593
1394422
-713083
1537389
260606
1242981
1723701
1435017
1620131
857959
1295215
814770
658207
-339893
51227
-1154100
1477781
-1366951
182384
-1730695
-246106
-2073407
-330774
-1152062
-1823092
-805258
-2018358
506656
-1271899
948852
-1148744
1894679
-456143
947670
-544359
1329578
149885
308268
1704897
362211
512804
216623
1092500
-941577
472596
-947909
535051
-406418
228955
-1499770
-164719
175855
-788897
-367763
-1204742
707941
-120965
398171
-157472
-135861
21948
1209762
70325
573951
216845
305812
-314995
455965
269164
40866
282941
-426086
515539
-155125
-88395
-704529
-132318
782737
51696
-74546
-394189
342478
-221500
279326
-65693
-281619
469281
110384
-807285
79614
131788
1324090
666137
1098853
90082
447903
-51256
-424134
84056
-809891
-441699
-555377
12380
-743557
-1019972
55204
856308
-206812
335900
-132443
-74991
-232987
176182
-359676
-400844
545229
-259839
306542
-1192550
280181
-613659
-788848
275822
-696048
1079632
-276568
482595
-929036
122603
-245756
60592
700318
-869400
665458
-101670
544679
1032953
647167
-298232
-1521914
-752105
-1090920
-91729
-55913
-366635
-653066
100888
728581
-45544
927520
-301536
-400181
-129976
74830
649609
-853862
-44335
231591
-477976
-317143
-109039
-375427
-270111
335148
-328015
-4713
914934
577463
418064
132516
87674
-15613
-505810
280787
-1060362
-27126
113249
709758
57767
