#SpinCore Technologies, Inc.
#SF in MHz
#SW in Hz

[HEADER]
@CLASS=	RADIOPROCESSOR
@FIRMWARE= 3087
@SPINAPI= 20191127
@POINTS= 128
@SF= 21.670000
@SW= 127986.351562

[DATA]
6340257
-455766
5753555
1333171
1925685
5374084
-539653
5290069
-1472548
4214742
-2593439
2883969
-4512184
997505
-3980906
80519
-3675414
-3266387
-741610
-4795396
1121647
-4230125
2234236
-4204950
4738361
-1748323
5227831
1896744
3075932
2430721
-103920
3730166
-726978
2618433
-1459487
1842548
-1904055
2076393
-2537794
-2291828
-1819091
1234383
-1256571
-2706957
837023
-3120766
87113
-921107
821739
-2539741
3225957
-342151
571875
1515890
2668494
1306665
-64252
1884788
-302048
668702
-203688
1326487
-2203241
72988
-412316
-1482375
-743295
-473784
-2206299
560000
1696478
-775565
485922
-806359
10245
-1451968
974150
202450
-545757
-337389
-972539
364863
877637
2435276
672580
-68257
884106
1354851
-131285
2146344
-1366946
-938539
-1180167
-327786
-289048
-761027
-1484242
-2706132
-878247
-28816
-527838
185670
1044970
-750357
-868150
1511827
152233
-955418
1912202
69235
-2160710
724489
1274747
-473522
-1017184
397230
-853026
-134930
1654003
-326562
-798043
-553147
844036
-484225
1375534
-318279
-684040
-330826
626603
-161885
200413
120583
813414
-513215
-221820
-174060
-245653
764557
-612734
940904
48567
-344203
-576671
-535012
-1209031
-154070
505529
124025
-46452
232050
237260
-1338612
1145306
-1289800
-880444
-758049
386222
350914
-345228
314841
-1099437
189360
-525748
748656
1810183
-62749
218373
648922
1020383
-316010
237541
-114188
-26419
327807
-271269
-1044653
-264337
423576
-1367798
230320
786417
207698
-1353887
2273243
-2549599
-424210
-209089
922618
-23906
-1478423
1686255
865429
-623468
1752097
1216776
-1623572
-442968
1254595
-1261232
408620
1341882
-967161
-285004
1542078
1095378
327370
-206459
-645466
-782374
403077
-803821
-737691
-300464
-577459
-138382
-599505
-171646
-204299
1164269
-813791
-1543734
-340101
396691
1547099
-730652
821344
-2617275
-605063
11494
-573259
-604151
192046
-175502
-300327
561076
314398
-450910
-1431453
846691
1900917
-2045309
-145902
-2269371
-1040849
1234503
1242795
845334
-331503
367352
-372610
-665144
-282711
348558
-752877
-602352
855168
