#SpinCore Technologies, Inc.
#SF in MHz
#SW in Hz

[HEADER]
@CLASS=	RADIOPROCESSOR
@FIRMWARE= 3087
@SPINAPI= 20191127
@POINTS= 128
@SF= 21.670000
@SW= 127986.351562

[DATA]
-337251
998729
-1195823
1006205
-1881411
1567495
-1371284
-410104
1075012
-1013261
327308
-511614
2145762
556630
123709
-528465
507242
1143519
-88821
-758544
560542
222466
-637868
1196220
383850
619961
-707820
-397351
419966
-479157
841823
-710042
1677978
-971103
-660072
1181686
1451946
-1267003
-285516
-136648
-904930
1335719
1138362
925671
-518182
464173
-777658
186693
-540445
1369923
2153856
-1961213
-348704
-957664
-2683
592529
376585
83205
-674809
-694657
-1017118
1488397
1414326
995656
91554
-13947
762329
-436655
-858003
1473593
-1695073
-125380
-2230912
55154
-344780
543155
53385
-406478
-671981
-395487
91684
-469282
715074
-122080
408447
86396
-812932
-11459
-274220
214027
-718160
-751641
-1611553
-232161
-556484
403363
-1527668
-900728
4582
268034
265414
-219099
471422
-284521
-1179205
-76491
778091
502069
546851
-676372
-434521
72073
2528806
2451217
279699
1001618
742570
-145229
-14393
947668
556799
-423228
751912
402385
179692
-634940
-216888
1384531
958647
-953553
450662
-715478
-708713
987885
694632
162558
929013
-297842
23090
-122381
-2255316
-180245
181864
-1450828
-1127281
-898193
-1820547
191096
246178
1917186
-1360675
112541
-320470
578864
1605797
-391661
2006155
775934
1351887
932285
411660
1280563
-445727
-363362
993389
-751325
-855416
-614528
1038158
-1032857
-1834576
419507
-454937
-1349113
267246
38692
547291
-1572044
129029
1454778
-1160150
-239803
640535
1091763
-982562
512684
1099868
-530119
292292
796972
777123
-401082
55627
1097965
1766609
-1598277
273677
541384
-661290
-549111
1755601
1472676
-217631
586222
981059
-870427
471326
28785
480586
-342666
-409196
282689
-96251
229008
382945
1515681
-496818
145717
-173713
-435925
918700
1810164
-824523
1168491
-185813
1289018
85845
-448769
2329254
634009
-576699
431047
326065
-92633
-807715
-946946
-831786
-1119264
101952
-1036907
559319
-941693
581529
-683074
-1424290
774472
1702775
-1117611
-851471
-490635
-942008
-2426
597978
2665191
56790
-218079
