#SpinCore Technologies, Inc.
#SF in MHz
#SW in Hz

[HEADER]
@CLASS=	RADIOPROCESSOR
@FIRMWARE= 3087
@SPINAPI= 20191127
@POINTS= 128
@SF= 21.670000
@SW= 127986.351562

[DATA]
-1112911
-548327
-1107101
-799905
-1758853
-1035844
51138
780255
-413811
-1935313
-221237
1090300
115448
-1028435
652929
-1271258
1887313
23626
118530
531621
-730225
692046
-189932
1220649
-1428294
978911
749936
-400469
-836856
-261770
-261881
-355863
1520519
-661065
-233448
-635974
979018
-1031305
-207617
23000
-1717037
-1442161
-495563
547005
-1087757
2226630
-956667
580801
397610
1116135
-644689
584231
83323
-697815
344923
107123
716236
-2144319
1147007
-1004453
-110498
1095549
158718
-980375
-897048
-85994
-754646
1555754
1158893
778113
-588079
366805
379286
-37471
882
418638
-2531570
146784
-1591313
-1679687
243375
-398054
-60945
-399607
2122402
256575
-1228183
-193536
189650
-189416
691788
1702280
-235377
-761173
-641682
-602260
-1398073
493717
-249760
-1871099
-379496
630461
252679
1556073
536461
-498962
-2023985
798185
78155
-940037
-110960
-127482
-1639897
-455280
1569679
-757075
-254822
-590622
-408671
277605
-140244
-104812
-653596
-593042
-809240
129751
1032985
1156742
-285610
1346311
667294
-683791
-1124873
1145820
-606165
735998
-232904
-288990
253801
-523787
-220137
243221
-1732547
1561905
256894
-891146
1679382
471625
-9216
1149999
-263136
825404
-139287
-300296
320174
121058
1186954
430976
515392
819988
-486030
805539
-875561
2126842
174578
1366556
-586668
448959
-620312
413247
-263057
-242027
-802256
-346381
1490925
-501509
263094
-164471
-595178
321672
1183143
1142893
-673991
35146
-211489
-940431
856658
-922946
120315
-473452
-180850
535084
376278
273620
-372754
1239306
1942644
800334
296126
1030164
578270
611864
1100174
833700
-1668561
-5514
1246274
-566686
-1539965
-447670
-1170033
-424631
212022
398426
-570365
1159123
-343683
291587
414155
-92873
-942608
863494
992224
-96442
496342
-901768
-1527628
-567417
-708234
-500973
-615765
-953709
31705
-227261
1384367
1361560
1167440
46030
711506
-966121
995819
97199
-728353
-443454
148169
177076
-787284
623610
-643912
-197480
254083
874198
-644277
190733
219257
-449972
