#SpinCore Technologies, Inc.
#SF in MHz
#SW in Hz

[HEADER]
@CLASS=	RADIOPROCESSOR
@FIRMWARE= 3087
@SPINAPI= 20191127
@POINTS= 128
@SF= 21.670000
@SW= 127986.351562

[DATA]
881990
465264
1004127
784510
541537
1201782
337693
2560123
-237668
1694828
-2549054
2660827
-1414942
1378749
-1562532
-1298315
-1221529
-1376185
794739
-2625417
2080699
-606525
160110
-2718586
1795208
420566
-204388
-334512
1227736
-486665
216430
1655587
-596773
787846
-270927
1514779
-2130870
1095087
-1218465
-999815
-1257698
-791339
1045579
-2685953
-39336
-1140670
-142369
-1271628
1341859
263568
-185251
724338
-332612
1136391
922592
1932871
613830
113392
-920968
570047
1241044
722733
-300711
217498
-842742
-111043
695759
-1760771
-119230
-93574
-294472
-1174195
714191
227087
77617
205426
-783302
-737156
-250818
413929
-1044179
-1040748
1562519
473006
-673293
-151301
1252329
976334
109645
1017092
-1413028
-863410
562225
-518476
136529
-1641827
-362603
533679
426646
3431
-1154484
-192883
236154
-43697
1888952
455571
-107667
741399
1450705
-683456
1307105
-175029
-588450
443128
1287111
-447644
28386
6988
-814459
-1785022
-1204282
772873
9154
34460
712511
2192305
-15554
831608
196088
407099
1487325
-660854
1598822
-987470
-654467
196809
-332683
-793769
-203061
1472252
-1403600
-763061
370344
366775
-957079
1220633
967870
526085
911012
514246
864386
-479496
-682470
-1160469
993216
-156696
1340867
-956756
-749629
-882709
-860397
195031
-282073
-566019
-1703062
-1153227
-857002
-259458
206842
54400
588585
113666
963797
583750
-643240
679951
631181
-248078
37783
-1044454
2568389
306721
2160958
2101918
-693662
-438953
14237
592041
-270720
870057
797711
437656
447835
1808874
-802339
460640
226566
-141975
905701
-903330
-405285
-2869021
-493347
-952598
1652695
-1166410
25490
147369
-2175514
947333
668069
117111
-657762
797727
-1943181
-1227228
505171
1107244
659600
895647
176046
1638714
-23262
728136
-404617
-368350
302592
-1523039
-536778
-940056
117515
75515
36278
87631
-422274
-14054
459960
2076212
-1235394
-598676
1167988
148514
701957
714803
686105
-70731
723216
296933
-792291
405834
156741
-2600230
-22212
664904
-1031915
-1229936
