#SpinCore Technologies, Inc.
#SF in MHz
#SW in Hz

[HEADER]
@CLASS=	RADIOPROCESSOR
@FIRMWARE= 3087
@SPINAPI= 20191127
@POINTS= 128
@SF= 21.670000
@SW= 127986.351562

[DATA]
-4426146
587562
-2056452
-1785028
-1893878
-3345817
155994
-3920896
2663015
-3914581
3289045
-3197284
4060270
-445955
3743861
979980
2470927
4227528
-876970
3571230
-2096798
1877400
-2137169
2008852
-3462640
-1203957
-1920211
-2837443
96330
-2454056
399508
-3534698
403749
-2894100
864434
-1144749
3033428
-368953
3538718
1163486
1196849
2060624
844327
1905981
-875158
1907868
-1789620
-509078
-1081771
334314
-2813452
-557317
-938816
-1073445
-1506885
-710395
397737
-1605928
776193
586751
1355839
346142
1642698
-1281853
300715
35209
1235581
645021
-678517
1531103
-1363101
355913
-195954
-757123
-2405531
692998
42679
-1369553
343007
-1078231
170260
-314626
-681785
-372728
1246102
-990315
1234409
-1952624
893994
1138651
873725
8364
1955741
394071
-1210449
-599373
-875999
-1223781
911251
962352
-2073864
-444301
278806
1958070
1784925
679073
24583
-71555
-213608
-1025273
419664
-1693525
-719395
-1523349
1251868
-573036
351491
248862
-924961
1746074
-291171
1656345
-171174
-1539948
-736993
-272598
1648500
2306947
619250
-767751
586775
864645
1053977
1479556
-739335
-1633288
-664701
-1570134
367153
-194266
496912
-615878
-760656
694176
-471564
1025724
-1500246
-617772
-2027919
479806
183311
886109
-66974
443651
658678
2056214
-642890
-213973
-669566
-477756
-1024377
-324953
-47963
-835461
153415
-482675
-2047398
1162749
-24615
1008384
-1324692
1845333
-91554
4477
667779
1464154
7621
-416168
921642
-674711
686341
-40533
-398000
494669
-641517
-190362
-784845
-491091
1289367
-179796
-800348
-183233
748897
-646865
1248201
1062989
-603850
-203876
674263
156387
-506984
-206380
-160099
-1291233
24013
222717
1797267
-1297812
1399671
734019
477182
883545
-1167428
-1066187
-540480
-528439
-1115055
-551227
2155428
-890693
-965267
1397195
-1565908
1305838
477038
430462
-965937
524998
-96186
-230677
-175745
1457600
748489
-699439
1315001
1071418
-1300961
171888
1864237
-750071
238617
203849
315375
-978184
-932908
1256235
-2285666
-223491
406656
658947
-1794758
1464469
-263114
812799
1348324
494910
