#SpinCore Technologies, Inc.
#SF in MHz
#SW in Hz

[HEADER]
@CLASS=	RADIOPROCESSOR
@FIRMWARE= 3087
@SPINAPI= 20191127
@POINTS= 128
@SF= 21.670000
@SW= 127986.351562

[DATA]
811422
-489482
2682530
8989
549771
443577
-160599
982795
227934
365221
-1996120
231353
-1661950
484343
-1075024
-1361081
-803737
-2464603
229194
-692519
-483143
-1199781
-48917
353709
170737
-271888
368256
1446772
1033596
488551
246177
3116744
-658096
391091
-1551147
859790
-774637
1053960
-1192082
604072
-737614
225055
-380150
-89780
915204
122748
2471044
-1390988
1378769
894034
1881418
1665360
2278068
35009
-100783
-2621
1363364
894297
55343
484898
-281500
278760
796883
-465085
-303921
-1388335
474722
-828690
1631613
-795593
-1503941
-236328
-615354
-1035861
-180232
-380225
-1973518
-222683
-937633
-920017
149032
269333
-313280
524983
-370636
512973
1550797
768663
857279
641509
-2339259
-822976
387148
677416
-220920
1778855
543378
122797
-1493415
1068585
1658048
997166
975949
-25661
660848
404346
419087
345481
-466275
190741
417812
-391365
633930
331792
-337673
1175197
-77190
-167994
-662597
17112
179785
-610047
-1051016
-480840
-711804
-87206
2013213
-281978
-1628537
-1026144
779547
-191574
1356647
572175
-663560
-361618
298972
-1738224
-219582
797940
-2887129
222719
-420390
-354055
139151
605528
-1163544
-309612
-724261
-791582
303906
2020535
-1415395
579429
238708
-191895
1165901
-267867
-1240576
-239353
539715
-599251
1073793
1913509
857680
1026695
544844
-1042950
1929089
2059359
-328468
-223529
447538
-1420887
1127972
383770
-20663
-270943
-646773
-1004953
2272914
540430
-619396
416276
1163843
-500900
613672
539412
-169312
399749
-97280
-2713608
702317
-466955
217602
-853063
-2936154
-1839753
172680
314767
58279
60872
-1133116
-1418704
1378359
-744632
206458
2234496
-1033242
-433094
837645
739570
-1030589
807699
86992
-764323
540257
-1560641
805138
910359
238551
1325662
1209934
-477085
-850013
547012
89378
196656
-271658
-596227
537010
691335
1229971
1070622
402271
-910802
1154386
746396
-257004
629703
707233
-73722
1856984
156950
-495216
52489
109569
-665543
643541
-746666
-806503
-462748
455363
-857891
1266251
656388
