#SpinCore Technologies, Inc.
#SF in MHz
#SW in Hz

[HEADER]
@CLASS=	RADIOPROCESSOR
@FIRMWARE= 3087
@SPINAPI= 20191127
@POINTS= 128
@SF= 21.670000
@SW= 127986.351562

[DATA]
5503666
-529542
6000794
3121379
2982088
3700557
-308450
4465363
-932420
4183745
-4798290
3567793
-5967778
-1420940
-4957623
-2936751
-2005191
-5452720
1952548
-5113331
3150697
-3784457
5450400
-802449
3607482
731465
3076367
1788561
1957571
4775386
206900
3695937
-1556516
4947751
-3684510
271236
-2407527
-1681723
-2358708
-2814057
-342172
-4045992
529779
-1180937
2084064
-2566380
932667
-1888231
2782368
-831825
1592331
806837
-1585076
1705958
-496340
1940285
-3033988
728881
3291
93663
-2284518
-19328
-1227192
846706
649942
527536
262992
-2009032
1043415
-499421
1189895
-1762105
2364329
-732995
814228
644733
1095335
-1631365
-134590
-104436
-860113
438127
231005
172308
-3540815
873538
505242
-74956
-143297
316781
-424562
204648
-1207424
100618
-3280268
-1019918
223598
-467500
-1204693
2531901
2260818
111721
716962
1001580
1059703
-1277504
396851
2349792
-92157
726917
1200913
-508180
-1687885
-789338
704684
-1787444
-596652
-1464620
-538100
-1302248
1867679
-197902
-12021
-1713476
404853
1061875
-250962
193559
367835
362218
-3494186
251340
711580
877718
-885858
-39353
-289218
333625
513476
1585317
-1422762
482081
789892
-1107254
-185726
-390207
563686
-299789
1050528
-593109
53092
-793304
829600
-566152
-586357
-823753
993275
-832427
-868499
-374433
-60863
-114890
-354208
1330755
-1809450
794723
734320
-1819438
809711
789994
102695
-925481
679748
623752
-77153
-937133
-550532
-376560
-238523
-87112
-70316
-1080750
-813274
508685
6008
39147
-411576
858360
-720219
1642711
1066690
-113623
221457
-892350
151778
442116
1427581
-705340
289166
-1361476
1138774
-714337
193131
-70198
-723229
1472140
24996
402115
-1246511
134397
-901351
35242
-54377
1324222
661287
1384209
261373
1275807
1062118
525227
-639582
-1251908
-822697
306618
898075
-80176
354530
-466384
-719029
311794
-930453
-1120831
555192
-988334
-1482917
-1040808
384806
1302077
-847162
132558
-1180895
-848624
-708441
-372115
1117374
-433225
-108198
16655
750035
-478812
524558
1710834
461399
-521223
-984370
374274
