#SpinCore Technologies, Inc.
#SF in MHz
#SW in Hz

[HEADER]
@CLASS=	RADIOPROCESSOR
@FIRMWARE= 3087
@SPINAPI= 20191127
@POINTS= 128
@SF= 21.670000
@SW= 127986.351562

[DATA]
-2177904
-1148079
-88609
443263
-821279
54400
207969
-1874404
1473487
-1714479
283863
-1607836
1113772
758571
287704
-733903
-900676
-265352
690556
1203759
-1810979
300852
-796419
1367700
-392898
-511171
-1279126
1774421
-244055
-682614
375268
-1687843
-337452
-1866196
1135699
780016
1416593
702104
797729
191029
1889046
67326
-1578979
-491400
56655
1809203
952850
1248544
-425627
-1082574
-637395
361116
-829765
-39634
379648
-179138
-540883
1192643
-106487
-912612
353858
573347
-17151
1353363
137478
-832496
-351830
1912554
-1172221
-585110
367943
1048285
-1980209
-477505
559332
-1674565
-258800
729543
-1565374
31761
2608167
-649522
-1213845
-617762
-542258
-2151094
-219976
1498271
680724
-1479487
1173555
-505279
-113620
135053
-123773
-1170314
-238792
-726072
1219761
136153
298311
908541
-1426008
146318
435615
-311244
-801329
-551812
-626896
457767
1023838
354884
-253269
471079
992269
-462073
-9310
-1018466
1113768
706765
-613318
625102
-117722
433161
334053
623353
-1861941
955575
-1374853
-836773
23018
118541
979864
-1089242
1359336
-138008
31173
1207609
89639
-1294726
-731171
919245
6985
-263161
-34724
-884722
127479
19015
3072
-257100
-1372231
-848076
48131
278808
-736357
439167
-233117
-1432161
-270532
822809
98195
-1914538
584066
761785
637752
2176790
-233806
410160
563290
981982
-898402
886620
839144
-1743161
-573390
779053
-772596
-1125024
1517078
232713
-1153172
-1042804
234605
-515212
330381
784673
-256753
-538997
-222424
550327
945211
-1413826
1579175
539369
-2433998
-792475
2086904
-1677705
-139521
-780260
-1788807
-1308397
452535
-20253
-427634
-341125
1079432
615515
722280
314746
-598153
213948
1096944
734
-422114
-37438
-526684
260840
-289700
-151197
-1024689
2315725
1032895
488195
229455
-582010
78635
48470
1594571
-425496
-313711
-326581
-273736
88622
-326286
-353855
-2023268
1836254
-253144
-619889
788003
397456
-1232587
-637652
1229472
1284467
-1262288
160269
-1061184
-232505
845232
-332550
5296
-1230753
1170709
-381275
