#SpinCore Technologies, Inc.
#SF in MHz
#SW in Hz

[HEADER]
@CLASS=	RADIOPROCESSOR
@FIRMWARE= 3087
@SPINAPI= 20191127
@POINTS= 128
@SF= 21.670000
@SW= 127986.351562

[DATA]
3855180
-840945
5345452
2419092
2026021
4449494
-378082
4205397
-937306
4197550
-2393728
1411672
-4399820
1132869
-3277203
-2373497
-3912893
-3314002
-142591
-3503489
1244011
-3956494
1569896
-716169
4195365
368100
2859774
2079584
507397
1868088
1451411
2814340
-1916623
1919898
-616119
1902733
-227428
389931
-2463059
-1332072
-1671225
-1052264
221569
-2941476
73814
-2079485
2480183
-726641
2320951
309387
1662823
2054648
894446
513714
468746
386581
-2008093
-1172378
905227
522836
-1774879
451608
-1058623
556615
-612005
239184
-59644
-2482787
1451327
-110598
394779
-1613299
-324334
-1574230
-298246
244625
395865
-1398986
1948000
1196100
669284
-28955
866382
-214949
-547122
-182004
-1688592
51164
-952610
-54627
-1247794
-171408
1059246
-1245121
-741438
1120311
-702127
648473
991106
-446745
-588476
-233021
369900
302990
280852
-66480
430730
880643
1796054
221657
-1037360
899993
-566908
-1262905
14191
-81382
-1390804
430442
-225796
-1049567
277007
-449459
507998
25294
641004
-515064
1323038
-14476
133857
-653354
73892
-374918
58114
-1123239
1278914
-2452888
269541
-431448
-264480
322098
-2047666
-89935
-27493
270183
-709311
-679766
206874
858947
550938
931552
366350
766597
-291948
380226
-113359
-1119781
1320806
-945228
1094512
-428458
-662889
-1803368
-20815
-683038
-1318560
459624
-457016
1667298
-667582
938565
1055762
-263915
905206
1390490
1222626
526790
1367043
-840951
-471696
174655
-625946
-1646051
447577
357153
193356
-2756383
-527907
962625
-2118378
-185956
493885
-226047
-728130
1787797
1718866
1254764
-465615
833779
-173090
529130
1472799
-697591
191900
-1500509
992676
-1240771
-832743
-513933
-1232799
-337860
706647
1806184
-909288
955803
1059652
259862
1137639
802337
1416919
-229158
-788964
1402656
898581
-1970324
-62356
-1706410
-1834725
-1677456
413711
-2228335
-767981
707332
-2384903
1736155
1316545
1071627
-1171543
-761595
1233289
-673281
590027
-1533999
674571
-1013121
-733305
-598456
-107824
61434
-1898984
862269
364667
337123
-187267
502277
-140516
892946
