#SpinCore Technologies, Inc.
#SF in MHz
#SW in Hz

[HEADER]
@CLASS=	RADIOPROCESSOR
@FIRMWARE= 3087
@SPINAPI= 20191127
@POINTS= 128
@SF= 21.670000
@SW= 127986.351562

[DATA]
595293
-1648177
-898893
956175
-1032970
226104
-81577
-1833168
-506585
2847164
1157593
254347
1963020
-195653
2103231
726238
-156139
-706807
432242
-86613
-1089705
-256146
-908049
-1087623
-2046898
1934440
-48736
162321
763270
129836
140631
-688111
1746476
614934
1015232
-486312
513528
480638
1165267
-702581
-82631
-1127892
132302
-127638
-1229639
677006
-610415
1283504
-311544
-679250
489477
258278
723588
-873652
1022332
-1054328
-483357
-1735128
937668
-1619239
-620469
-327156
-1895107
405361
980951
277056
1075734
-76509
-1108806
680532
1201129
-878615
-136362
362308
1104059
230861
1135636
-1520354
-1455952
-56540
-1193268
835173
790370
-501050
-1369618
1565231
1203259
1238817
515465
-1492378
974747
409098
1610464
314058
-1114645
-710205
-768180
1015267
-972135
-1434394
-1930367
-1414867
-256639
-25572
2107266
-537616
528661
-197969
700993
207031
838357
-1334986
-1024828
141676
858184
-70745
-59530
-2646805
-741475
222213
1352682
679793
438645
699157
-1995904
2511753
1904206
737015
-21780
260524
1041027
-182090
2895365
-562211
-898513
656803
1090461
186548
292788
664186
-1908100
27355
-511499
1683293
361784
-101776
570968
87628
2811137
-623691
464314
749206
-179758
-550707
-1440519
-366411
-3060911
2189955
-569085
1072784
-109137
266575
1270586
423591
1124752
1100840
1486904
589498
346623
-945412
382050
-628436
-98776
-783693
172951
-692542
-250056
-1814204
-34774
388489
1021989
1388869
-1478967
599027
1255786
346432
-740300
-933740
246144
-489049
572053
-56143
-272500
103266
916689
658171
862076
-65725
-489270
-533854
1430551
-711952
297497
-253129
-968238
-456676
-27575
660490
-653912
-47217
-435318
1534832
642821
631917
562192
-436840
-2285360
-258571
-295701
-727910
-293880
-1205516
-714799
1492147
396288
1604467
1309208
88148
725493
453655
628047
49772
-646810
490903
-1279064
539632
-1460057
-134124
401056
1048810
1008825
1022219
-225055
1065970
-611371
772890
192291
-490928
-1157106
-928113
-855183
-153850
527055
-1030932
88831
21890
