#SpinCore Technologies, Inc.
#SF in MHz
#SW in Hz

[HEADER]
@CLASS=	RADIOPROCESSOR
@FIRMWARE= 3087
@SPINAPI= 20191127
@POINTS= 128
@SF= 21.670000
@SW= 127986.351562

[DATA]
2437620
-1175816
3509846
2036658
691626
1703091
968683
2044389
-399235
3549579
-2128708
48502
-2360352
1167796
-2338441
-1746330
-1025562
-1917838
-234084
-841755
978550
-1658016
1637061
-728128
2371054
1032516
1376626
-1206886
2240414
1524660
-54002
1345918
-78193
2107771
-1400798
1913172
-1856077
-367669
-1106382
599385
-401346
-414006
-849054
-3342469
423688
-891820
744053
-597165
65696
-720353
435865
23605
560521
-398461
478522
1113163
-798553
1243330
2210783
263222
-597293
2086339
-1456123
-719865
-33781
67138
-106631
-1007083
-169842
-1500735
-310329
662759
-544325
-1278267
409231
453034
-183719
-677856
-782200
-293038
582759
774155
-1125368
-307765
328407
-1233961
265834
2795348
-296770
-1109452
188230
189952
-1975733
688272
-155300
-1701268
-2084809
952884
946104
-798192
1860790
-270196
-200518
1261733
-131714
-489403
-63333
1207521
-917146
559689
599853
-344893
-122252
1372429
289434
1545107
1278818
-245344
-370358
-365949
1871392
131561
-417211
-636728
-412313
-675777
-435070
-485107
-1337106
-1968193
314894
-331615
-1508548
1568653
-113705
646696
375795
1012613
364846
-1259949
587617
85950
-701568
161049
-1910219
-2038135
-945581
-606620
-2582097
1263375
280314
485508
-977378
910828
1221340
-730518
1356448
1152225
796178
-749988
754890
-441370
160730
1380610
-888283
825789
777790
1141553
-1116463
226426
-1893742
57611
-503285
-522487
374290
-189721
543955
-565792
660175
1529883
234185
-1262399
-1117306
-70838
413204
-411367
-344456
-1982122
-132365
78962
-71898
-906259
-560882
979663
77127
1116075
566914
-1064595
306157
1948393
1356840
-2347958
1497445
-2034729
-960375
505921
342753
-2244097
-1258618
1169735
-1882224
-504601
591425
-151838
-856476
975645
1611097
118158
1220262
-231185
-208720
89554
1370592
-201523
-654639
1984190
-563804
703496
1366717
460565
-2147189
202024
1145955
711407
982104
920682
-369963
-775344
2352555
-120464
-674941
-70936
1690781
-885443
-1063644
887498
-862465
-1745161
2195051
-262233
-1441623
-215728
265434
-497836
679977
1593327
