#SpinCore Technologies, Inc.
#SF in MHz
#SW in Hz

[HEADER]
@CLASS=	RADIOPROCESSOR
@FIRMWARE= 3087
@SPINAPI= 20191127
@POINTS= 128
@SF= 21.670000
@SW= 127986.351562

[DATA]
-2639132
2215114
-1779260
-1023046
-3194388
-2684462
12836
-2490013
314739
-3188849
1515630
-3167512
3353082
-991776
1803555
398526
1240056
1647930
1038515
2185086
-249199
2658418
-2179950
2917968
-1842586
2437348
-1305106
1504617
-1058614
-529013
141948
-1692704
-413292
-2013482
1351269
-2918969
766699
-1563056
1145187
-475202
1570607
-1540569
2170735
1262711
1206761
936323
1377064
1576900
489533
1855130
-2901874
38645
-1360590
-95457
-1833712
1528114
-1110221
-1027222
-225756
1612847
-688553
-3089325
1219667
-166534
859752
1432361
-752806
-1554294
600933
334681
396559
188350
217926
55149
28631
-319058
1496343
-1232155
-157736
-1345896
-368075
309442
-713160
-1025952
-896647
-678307
-963948
-1378010
1580128
220390
1206820
-27891
1300570
434097
-573779
-1074707
-801646
-110249
-646094
-830206
-412341
341015
940255
1167034
852814
-407147
1423899
1107171
-624137
1353733
-1142564
-2062460
138919
68680
-1535498
765208
-75869
-364540
1576344
637543
483973
-309465
993493
-2269137
1934481
449204
-2241541
-1164828
1464783
720349
-1205738
867634
-148323
-899887
-401085
1013721
-717966
2542526
-124995
-1964447
592361
117771
-1118109
-1484872
53194
1171561
493837
-231878
88587
938816
1170846
871234
-725368
-476517
166823
-671106
1248262
588669
-1587836
-204992
-415387
101012
64756
19252
702602
1026020
1162387
338225
203653
1377642
-425557
-114816
580870
56544
858911
-1502484
-892038
44008
-912931
923971
-24182
-941395
-631495
637382
1487966
-450956
783964
-51041
1127603
1667453
205725
-1613304
42403
795179
-757452
1139390
-1774768
659714
-432519
1269234
-1191142
155505
-712807
-508917
1627293
433467
172310
-1322939
41539
-293813
50502
372886
-2025205
-495996
94790
2276335
-112441
33701
1902925
36746
898855
-112352
-1599077
-669740
-917228
-1661320
405903
-230036
-453346
650188
66708
766175
248016
451357
-661726
1088476
1151457
428916
-251429
-836727
-519503
-765555
433287
-769184
-472584
1042450
-1283726
158895
707261
-163787
-553531
790367
239760
-386614
-523874
-94915
