#SpinCore Technologies, Inc.
#SF in MHz
#SW in Hz

[HEADER]
@CLASS=	RADIOPROCESSOR
@FIRMWARE= 3087
@SPINAPI= 20191127
@POINTS= 128
@SF= 21.670000
@SW= 127986.351562

[DATA]
-2448380
924289
-4252150
-1394398
-2706609
-1112616
-1232470
-3204411
188893
-3250272
2959602
-1875110
3172114
-278527
2785652
160869
2439832
1691648
-826772
4553442
-449522
2139776
-1582148
3825794
-2327918
923000
-1618329
-615231
-671048
223046
-1208404
-3430268
596615
-1995271
475406
-767573
945284
-1279900
1096977
1735253
223238
2156332
1636780
513318
414252
2508306
-398091
-265554
575122
859830
-2041142
615759
-924767
-1189062
-754562
-333716
-1557477
247376
1010177
-1932371
1672659
465986
164328
-443814
1931026
-919903
256182
790004
-56334
-380812
874549
705226
-514614
1348212
-886301
-195448
376846
156353
-745852
1170656
-416477
-1340313
-676791
173886
137820
-447089
209186
-2209352
704976
-69351
452513
-299081
570968
-1622330
-214986
2633990
-42568
-827524
1373610
337062
-98141
478246
52880
-681366
-811461
603637
-153063
-407575
497111
711855
-276818
185627
559371
-1605365
1120655
-107532
-1640080
-854924
-698468
-504841
-73045
-733465
-49055
-945581
1667464
1061510
233101
-770967
803226
-685792
1270229
1064211
-769657
-338183
52490
1328898
-261696
319272
399450
-14689
913978
298462
602610
-1749674
651792
-1400536
-1631290
-841538
-1333229
-444709
590140
-139182
-394432
1546486
923464
-384989
150509
130002
179821
-352806
325386
-1516325
-1927279
-1038867
-1102833
564999
749723
-237812
-695527
755784
1818417
68941
1776001
-339728
1076509
658825
286602
-23315
-1514974
924924
-95097
-331871
-400512
1014656
409097
267301
1006929
-718084
440751
1286595
144200
-362284
-39888
-55565
458948
698681
-1999943
424523
-266490
-100678
120431
710595
-839173
-540028
557605
-1283093
210172
-448491
-1044293
-126982
421778
-684638
-1114182
881387
-877755
-143573
1906569
-112137
-585926
1063041
1490743
-590052
438500
-401721
-1190002
-439750
551200
-1674196
-341261
2095933
-1377549
-738112
3002725
1067400
239961
1398850
684641
-678994
509282
1340920
-3047224
-989675
-1548903
-667023
-943081
1136945
-2131872
-189827
1504475
410841
-550032
1000897
918751
-1946036
739994
-636841
