#SpinCore Technologies, Inc.
#SF in MHz
#SW in Hz

[HEADER]
@CLASS=	RADIOPROCESSOR
@FIRMWARE= 3087
@SPINAPI= 20191127
@POINTS= 128
@SF= 21.670000
@SW= 127986.351562

[DATA]
-1136625
749735
-1269654
2405802
680539
191408
200488
-597509
423611
-1459231
913737
-1830715
759305
-1649163
484026
-649045
-199767
863598
-1837059
2317090
-19727
1499907
-116814
335142
-1453777
-124164
1494070
-896092
-1376481
-774154
-424630
-122617
579235
-857249
-1196925
678084
1451133
-172550
45881
-414514
-172690
-558980
870946
-44973
251107
270857
137838
1680156
142132
2052951
-388089
585704
1079801
-811161
470282
182296
-448548
-1617624
28596
406823
-305543
-621193
-199535
1139000
926885
1152832
449642
-401022
1668700
1443553
-724218
-595674
326712
-792306
260838
-760892
-768559
-810888
-565228
-420546
-2064730
-372585
538486
590257
537102
166301
-163474
508359
80350
-1088041
174847
750464
-1055024
-123716
-566407
917998
-112131
726224
-856009
2229330
-10063
-1322953
-314534
872060
108715
-548183
-2152176
-843110
-981245
236513
193616
1419937
649918
334946
-562266
970497
709688
-903494
198783
-314198
-136182
-1166590
-286575
-1634461
-88228
622232
-1703366
-499053
1587933
476763
-49582
1735344
248982
-754373
1291835
1521695
-1311018
-1081054
-944864
-620808
420152
732734
-472471
-182440
1028121
1138686
-499655
-13121
48331
-574144
2147515
1706164
-2633980
849712
867774
-383398
1231676
1603569
-1451635
-394730
761382
-287454
-1205627
-253972
-247267
-938969
-150211
827755
623085
-144240
1431207
-714741
548412
-380405
-1030002
-359084
818852
156459
-1095304
1372977
-689727
1105742
1214879
-807962
690863
-1170034
1986423
567351
828514
207545
1260141
295439
509341
1238713
-1124776
949758
-17482
280737
350816
-1491033
1278516
-506513
295182
-1400441
-1239300
-2568738
900876
858473
-1547459
1110478
-2373758
1342257
145329
1889468
845321
-1694411
534197
-304933
925732
-1345319
721152
-1941123
961027
223619
-136252
270938
89221
839455
-243656
1426264
-294122
183358
425239
-286182
-332038
-1108664
47149
-1175586
1071919
-1129329
-68202
427123
-261165
-200507
-542543
429729
390590
59876
809183
-1781675
-367579
-716416
-30821
-19268
926881
-1989297
