#SpinCore Technologies, Inc.
#SF in MHz
#SW in Hz

[HEADER]
@CLASS=	RADIOPROCESSOR
@FIRMWARE= 3087
@SPINAPI= 20191127
@POINTS= 128
@SF= 21.670000
@SW= 127986.351562

[DATA]
-2731603
1165898
-4354159
-1469083
-1173329
-2098416
-1205284
-4059708
3868786
-4507387
3968760
-3314585
3787329
-457277
4233119
2482649
523517
3713625
-1728620
1651762
-3077225
2562801
-3380163
107692
-2204774
219695
-628602
-684601
200801
-2648378
76125
-2310780
1031413
-943438
1802946
-679922
534247
149006
2567463
1390881
351164
938917
544691
3283661
-2175197
1232805
-1547813
-875195
-1255097
1112315
-1886810
-2120440
-304384
-1548040
-550207
229693
2495742
-2374015
637008
1737058
-167639
-533007
848968
-557970
1263371
1591213
307948
-1442126
-693940
201729
-1250385
-1491845
-879675
-871953
-1055484
192151
578091
-1111840
-487340
481133
-1190135
839917
1292328
-292778
28709
554408
1305441
-519037
1330334
321249
-1222176
982333
56280
-1896603
-1858334
1433529
-2062101
-941965
-19476
-382006
791794
1223490
697368
101024
554545
-384882
-2028408
1507224
272791
-683749
525351
804616
293750
1292857
203675
-1377016
301543
701151
-861842
-971174
1500724
615863
1436844
-456183
701445
-962100
-1080208
1444853
-284307
-1409064
444674
-1292812
-1101704
1726195
947063
-805925
1388636
798683
-596520
-862888
856192
-1252787
-485658
92182
157296
-661572
699293
1898263
-2645177
-1575264
657079
67538
-257707
2211144
-564147
-291188
1224168
-314197
-421315
846948
-219229
-177602
402463
1429367
-1439004
440544
609184
-789295
-829087
720841
693676
-1710398
-853706
924094
2207219
1310586
-1372072
-1688153
447863
1924156
-145543
92121
-1259050
-1619269
932838
498362
1577898
-2613495
31908
-775106
51651
1367682
-507270
-1273408
-1670590
2507598
-959936
1060280
172325
-1665445
-881807
524880
596154
1882947
825657
-397883
1439346
906714
-375584
-671486
-178654
-981091
-653776
-567838
-103894
-804306
546385
991290
-1404189
900904
-34507
1138464
-120086
-1012024
-1145253
-330480
451283
-804643
-1912465
-365605
-781687
-1001070
146706
1355693
-2025489
-80767
977160
1000748
528544
-397831
609704
-553309
2425233
594841
-659804
-1196823
1662867
512461
1560800
830520
-571380
-438864
856627
755731
-2144721
-319969
