#SpinCore Technologies, Inc.
#SF in MHz
#SW in Hz

[HEADER]
@CLASS=	RADIOPROCESSOR
@FIRMWARE= 3087
@SPINAPI= 20191127
@POINTS= 128
@SF= 21.670000
@SW= 127986.351562

[DATA]
16590843
-2418960
16086806
6434483
10676858
13065437
2676744
15511352
-5430135
13649857
-11582477
9153992
-14505713
1587301
-12890429
-7001343
-9597005
-10109049
-2416311
-13145960
4212806
-12056561
10095523
-6571293
13152618
-1342336
11294381
4661733
6806597
9356792
1366974
10440269
-3932496
9006767
-7276510
5716720
-8856380
1807280
-9547233
-4058478
-5012889
-6595146
-2063708
-6769244
2204694
-7652051
6504828
-3938705
6410982
-1924051
5994877
1048209
3907762
5271339
1767722
4522835
-674052
4096616
-3471446
3523539
-3524532
893834
-4128268
374832
-2608808
-1371332
-1157448
-2558059
-691539
-3255824
1232335
-3162586
1610366
-946407
1972530
-417520
1984469
116718
2958076
435926
-352663
2231559
-96087
1662219
370774
1357379
-1911108
1290244
-259543
-798686
-949282
-437328
-1206903
-653700
-891748
-107915
-1096127
-1234109
867191
-965808
468855
-654586
644945
-714540
2156137
1021367
865080
583919
464275
758680
1265981
1593397
-349466
-270625
-692058
-347361
-985655
701773
-1240033
-112355
-635770
286659
-187265
-542026
58496
-1285204
482345
-485344
1548028
-1095680
1084326
-251605
71707
-313042
982466
619749
-1416457
1031691
-738795
965342
-1019202
547365
-903236
702589
93449
-210103
-13101
-682268
288896
-804825
818758
239318
172790
-1206642
782195
-400711
801265
386843
238932
-32307
175589
883012
-171572
1719432
151873
-151567
545705
374285
-181770
125941
5208
-450038
245241
-346621
53409
-73030
-460896
-124120
-102373
-340978
513158
-326931
190158
903988
319675
-465119
559265
499025
-528846
-78616
-131974
254819
417643
583195
-689984
-179691
305803
7966
-901202
-417630
192170
470441
912373
893277
746521
220900
1057267
-374634
-196042
593788
780251
-203436
-437482
-291108
156416
469203
734861
-1035916
-206730
-88858
103690
696469
1916
1168946
63558
1152330
-448314
-169456
87565
560698
-165477
-511940
56486
127485
293943
505106
-28604
-105952
-431472
1013758
-493293
-164909
-682887
-719198
90689
424707
479593
-532701
621321
954866
130640
419135
-400093
-221116
132820
169624
