#SpinCore Technologies, Inc.
#SF in MHz
#SW in Hz

[HEADER]
@CLASS=	RADIOPROCESSOR
@FIRMWARE= 3087
@SPINAPI= 20191127
@POINTS= 128
@SF= 21.670000
@SW= 127986.351562

[DATA]
6759017
550562
5325129
3158929
2059185
4163878
-489195
7830072
-3020310
4340110
-3478383
886683
-3691061
-1121472
-5169648
-3421440
-1585629
-4688813
-1675866
-4628369
2540206
-3163813
1742421
-1429204
4444185
-655007
3532310
2458401
1577939
997525
1361359
4468722
-2089697
3876722
-2519565
733495
-5210170
45246
-3127126
-2548055
-1338579
-2500480
380028
-1701065
2567307
-1931469
1784888
-560964
879858
-148941
1891742
1334500
461810
809768
-1068628
359488
-1344430
2089457
-282576
-1281733
-581695
716644
-1761154
1323783
-972073
-903573
-531769
-688513
-331435
-2642555
1659458
-1373832
-409708
568390
1083349
1548793
-1482834
-179488
56279
456523
439375
1010386
-1136917
225520
527225
-1110632
-466670
795433
-398219
-1404886
72231
259835
-1752607
537079
-1092383
-800400
-1973986
-735845
-122676
-281143
1751631
-1223706
-560800
1560800
1351111
-291470
1181317
-1390404
-1528849
-745259
-1286094
386076
198662
201493
-2094450
428979
-224488
1122900
-572863
-615202
175361
-556107
338078
-99009
1079490
-1064327
86177
-250317
1455993
462057
-519557
832293
729694
109377
-525679
379017
-2032821
-1331114
45598
815334
-586182
-1189251
-75812
415968
-97305
267805
-412137
380502
262263
-219396
215459
1576431
-42629
-878402
-126656
1125898
695676
-811549
934212
-507238
-1290675
47722
312843
793089
13639
-342774
-1134022
525916
-895929
921703
1217841
-552297
634230
618019
1080744
-279956
1387389
-1812976
505574
-309439
-1557599
-1570721
955595
337372
-1310837
662695
-545813
-429844
491731
991358
-1219579
-369943
1551808
681773
1007442
-988576
1014463
-502887
-390717
1589191
363486
-535898
-1551545
388079
586367
416440
-1162479
-970801
-246839
309491
796499
2075768
632078
-265346
123698
564223
909407
621466
42411
-1893720
557519
-240727
-861843
-1317367
635992
46167
-1501378
1012046
-157809
-882890
252600
734788
-1979698
1241318
-780117
1175507
-2322506
969978
914375
-519773
1255427
-200650
553798
-315924
-1273603
-395216
-958433
722437
-890980
-1301231
253633
280563
-469100
86934
-95325
1371056
