#SpinCore Technologies, Inc.
#SF in MHz
#SW in Hz

[HEADER]
@CLASS=	RADIOPROCESSOR
@FIRMWARE= 3087
@SPINAPI= 20191127
@POINTS= 128
@SF= 21.670000
@SW= 127986.351562

[DATA]
17719250
-1309843
15215406
7107686
10900149
13010347
421689
16798002
-7042924
13988780
-12937991
8336765
-15500713
1038974
-12625909
-7136041
-8686202
-12094927
-773386
-13377405
7086374
-11975030
10573503
-5909246
12778829
-95066
11894090
5953224
5800519
9784608
122885
11175569
-4867696
8582988
-9427001
5732974
-8976187
318450
-8237253
-3980080
-5028075
-6678011
-289535
-7641400
3859424
-6404675
5511361
-5044800
7122814
-574333
5540399
2866758
3840635
4230712
1199023
6314843
-2452647
4246146
-4456601
3468552
-3869204
1087703
-3047043
-1471924
-2408224
-1576382
-944321
-3896529
152993
-2706680
1351996
-3135719
2588972
-1191601
1897044
-400127
1558381
1364321
2105731
1911234
688747
1816108
-553053
2070032
-816518
1119056
-1345573
449737
-1199463
67579
-1773585
-1497512
-1345238
-1064205
-957851
-847436
-56105
-1189532
-144671
-328915
1645868
-1056015
1383326
-676624
476371
229794
680849
831828
528339
1583497
-218683
1194473
-135503
-251778
-1186613
612123
-1630328
536265
-1038124
-977181
-1333420
-713915
65869
-844596
1033667
-964059
322637
-289667
833155
-341729
1279806
602955
449343
1497842
-455971
106797
255102
1190705
-1857394
-371940
598702
66969
-565027
546648
-544498
176080
764992
-332625
-243080
-322589
319003
-543330
607524
116035
-550124
201159
350153
624134
-276221
849030
530
441164
1223845
692416
-192702
-600317
205387
-11531
-299676
-467876
-320089
-770581
-189194
89880
229054
228781
443533
136265
229804
271204
-410621
683109
670680
313688
-109249
-298370
423518
-326185
136585
-975047
-488989
-639466
-244198
317150
-113017
3190
315893
1109205
380500
818476
-223287
-472567
-187731
386312
137292
307598
430709
-1122487
412443
15018
-85203
280064
149675
662191
618839
-620992
-401253
-310496
-167548
-227916
93254
183911
-606282
-433077
691647
752195
-310843
540209
-330775
-322782
706645
45527
-649025
-521192
504641
365670
63544
-754012
75506
-349648
47197
39770
-180056
-146533
816839
184316
162620
-419506
953785
715
36352
-702523
-729253
-846775
-429150
-346886
