#SpinCore Technologies, Inc.
#SF in MHz
#SW in Hz

[HEADER]
@CLASS=	RADIOPROCESSOR
@FIRMWARE= 3087
@SPINAPI= 20191127
@POINTS= 128
@SF= 21.670000
@SW= 127986.351562

[DATA]
5681893
3328027
3101844
4110917
1633158
7710983
-5612601
3283161
-4903186
1589194
-5588001
-1959100
-1799660
-5675192
31234
-4752917
4146323
-3393526
3666326
-1235833
4278001
412756
1536485
4725287
1474588
4735149
-3515847
2843420
-4706956
2825954
-2645728
-664314
-2437326
-2987304
-804577
-3203214
3496612
-2711957
3384499
-2730781
2858272
-1441961
3151068
1827056
1872389
2531341
-1458775
2030562
-1245689
587771
-1875989
46032
-3598326
-398342
-2596869
-2275993
1115904
-898682
-28022
-2460238
835745
1223336
1829210
777868
1362868
1339033
13555
1413659
-277262
3993922
832138
450924
-1095732
-868081
1055499
798616
785419
-1575514
166135
-728820
-73778
435027
-98551
385697
544
-414071
474813
-279779
485034
714018
1156591
559401
208113
1674337
-732440
77677
-160646
-1569236
125289
275293
490384
-749714
502453
-1265542
-186773
-1259125
459232
-1356448
-24232
1156531
-892658
-366746
37340
-756446
-1105784
661359
-96212
114466
-1260343
171454
1560940
533967
-779077
-1659714
116597
337532
759023
280089
-1828059
56249
1053010
-444623
847998
39804
1248228
352254
-680024
78334
-649973
-815839
-347483
-246745
474453
1443417
-452287
124492
-574602
-1633944
1410084
-179787
-115245
104460
-760099
-260493
158842
-975166
-555337
215496
-605884
-1470010
137309
-16070
803002
721508
-269312
-710915
674856
346717
-130749
117068
839830
755156
-811077
-438278
367019
1008192
-809501
171162
-1738555
-217877
202782
329983
-79299
199495
-1628120
11364
522672
-635234
-643669
1641621
281813
-973288
1197436
1038218
-963064
-1378568
-1476771
-1082686
-922603
1038561
-396233
-1552111
798998
1215780
-210350
-538919
938682
-193360
-2020618
125564
2655587
-2183649
144711
1629985
1037302
-1461363
1068165
1887547
1072428
-605547
-41497
-461427
-196609
-624796
933188
-333223
-1245364
240474
-1721900
-415603
-20969
328188
-1434525
-2247600
-813276
382768
-987457
218189
1382852
-44139
-931836
1687329
383135
204062
1346652
246262
-312633
-831609
1555831
512454
-843029
-1114332
-570502
-1422874
-912126
-933190
