#SpinCore Technologies, Inc.
#SF in MHz
#SW in Hz

[HEADER]
@CLASS=	RADIOPROCESSOR
@FIRMWARE= 3087
@SPINAPI= 20191127
@POINTS= 128
@SF= 21.670000
@SW= 127986.351562

[DATA]
-1279098
-441017
-1081759
-1168879
-1090128
-1885947
573379
682465
613071
1843473
1346231
821292
801325
1048576
48240
1946880
-130248
-945724
-813448
1309469
-229539
620530
-1652107
954666
-1711352
1392292
716982
-1044543
386340
-477859
-593560
1218568
1018066
373731
923389
-43714
176026
1785972
147825
301920
-1277253
-892414
-752033
454109
356255
1533684
251535
2132071
-746870
607332
-270636
1543376
-498104
-1792986
1624815
-799163
1156818
-1323173
1292355
928518
-913161
2227751
-1350362
-382410
-37039
294648
-772209
-121902
-650759
-434920
-54553
-1876770
968007
-683951
-149075
284960
-641232
-343235
-35985
-1182072
224821
1227607
5275
11156
284947
1685200
1113735
143401
896206
-415222
-523745
23774
-1143796
5100
953776
-1305120
-198521
1348871
-1242865
803195
341286
-934191
418935
665295
-141561
963211
159473
1007776
530269
-1196222
-207894
-458133
-2002710
186582
601553
-2331976
-1496370
-1477803
-1093890
-1417623
835709
132850
-1197645
1620051
38758
-1020839
1208268
1093965
132254
-1229024
1426081
-1093173
-920229
-331783
-988251
34250
109866
-890227
1009867
-1018904
-347737
2646276
-43343
654157
-412881
235443
916451
-13270
841019
26395
471946
-1394220
2630107
-383239
-919572
-1718443
-2447717
-3025464
-474015
-1003671
-279340
-1686034
303711
441932
682427
715977
927918
-1714107
999195
1714422
63250
572334
-1559678
-1088371
-779087
-590187
1381859
-631014
-864923
-964113
-600089
-556581
660632
1030733
-1864828
-346690
441983
2131270
223795
293696
885322
-365187
-1219750
487162
289368
-259090
-685318
-1419582
-241679
1200298
-513721
-514600
-742728
-1750765
-288050
-152315
327378
2062605
-894838
275768
-407329
-1420809
684110
-1300555
349598
-154409
-1697261
-256024
-146208
-620036
-1381590
501897
-2159617
111627
359805
1566966
-641417
399504
1545976
1173899
-41244
392113
-1048714
-1777072
1948507
-1568177
-1628078
218945
2533
-401095
-536648
958767
-1137064
115826
17910
1328249
-1426622
978955
1762848
-1513338
1492518
691434
199076
-2816964
1989325
-914377
