#SpinCore Technologies, Inc.
#SF in MHz
#SW in Hz

[HEADER]
@CLASS=	RADIOPROCESSOR
@FIRMWARE= 3087
@SPINAPI= 20191127
@POINTS= 128
@SF= 21.670000
@SW= 127986.351562

[DATA]
17116688
-1961964
15395157
6964314
9496397
12837663
1701039
16476154
-6844344
14755312
-13646829
8721896
-14730002
547944
-12183331
-6936387
-8337389
-12229954
376997
-14152006
6512279
-11890793
11369728
-6355051
13124104
-520806
10003973
6054943
6059328
10065028
-35628
11131792
-5023953
9214154
-8089270
5007198
-9479186
471116
-8043281
-4238908
-3857441
-6973944
-256386
-7844912
3511505
-7354740
6123941
-4773359
7005669
-331894
5414388
1647204
3633357
4377613
69853
5751823
-979734
4550276
-3287209
3397885
-4698600
214511
-3021424
-1906554
-2513144
-1883630
-1900852
-3323122
214049
-2809725
1160079
-1730927
2220159
-1277438
2186069
200101
1373238
805315
873500
1154972
23999
2480264
-1389434
1353383
-797620
1246375
-597737
1482332
-846278
-672332
-874896
-645905
-398447
-1345310
-417554
-1781365
938703
-1145972
-809894
-1580606
762858
-839243
632109
-481369
1161853
441646
1308287
2096825
739951
1513520
48540
585053
-295604
312691
-1588517
-215634
-1051487
-308919
-1325228
-365500
-710314
-529504
-58267
-221785
674451
-884821
440713
-951252
576174
-313102
743422
230294
529905
998332
-399910
1080567
132802
1084170
-876228
141019
-373134
157275
-581593
-624320
-552451
-548708
-666108
-879090
-63731
-422934
-796947
428287
348550
-199115
63588
666325
584759
224674
761075
601247
-138188
-761858
-809211
-538528
345268
-223235
-527185
137384
80685
870365
274835
765083
-379771
-205172
1418933
-437902
767769
-35726
-575973
-1008799
298553
176599
-986120
-387617
-52838
147676
151573
957076
633137
-161389
835159
698746
74041
-532686
580280
-937264
-333173
186884
-220051
-1225091
-178211
-165806
-237414
861065
474074
354632
238215
229508
-420287
595178
32077
-369483
-925644
-273450
104001
-377267
631280
-70260
-400674
-247026
895961
1016393
-453540
183440
-148597
715125
127491
-788765
-119549
-645256
-29061
-59374
849207
-675492
-79596
135540
740708
388880
159125
-345110
-207413
927884
139179
-389944
128132
-288375
-133404
-260941
142213
-933353
-179436
-733427
99749
-281673
-637825
590995
