#SpinCore Technologies, Inc.
#SF in MHz
#SW in Hz

[HEADER]
@CLASS=	RADIOPROCESSOR
@FIRMWARE= 3087
@SPINAPI= 20191127
@POINTS= 128
@SF= 21.670000
@SW= 127986.351562

[DATA]
1428320
-1258703
-1073605
-123648
1962594
-1021729
1246902
-216855
-1177139
441584
215799
-1168919
-993783
1856956
-570367
-13122
-322828
-325649
21672
669828
-284354
-33986
599049
-405909
-37446
1325832
-526457
102459
36144
-203147
-26336
160896
-686423
-1401436
766809
-1123439
-810137
-884844
170587
-12730
1458915
1491811
867148
262394
223594
-1556332
2149712
-852782
-1409290
-1635798
-1118744
-1245656
573082
1061395
-554846
359325
508888
-544190
595530
-15287
-372868
-1208349
884583
-452734
331298
293622
-1180736
-47360
780500
1628436
-992982
1193045
1429668
1564316
813359
-595062
-1584364
27495
759385
823866
-113009
-732616
698292
-102378
12847
-205860
2014215
-1102383
1096391
197546
65027
103811
618422
-146509
-204659
1817974
-2527622
1815436
760415
544054
571591
-162983
-612097
-564746
387785
139310
-63467
-556327
-88258
-818370
-985592
707664
-670112
1752695
-643799
-731064
-255833
-771793
-76160
-1591552
1006314
-457993
-412131
-86005
-12310
-141853
837172
-887224
835167
-791605
189161
1558927
1748929
750124
-2016597
333442
-817477
69852
-97317
-750192
-984561
631643
1893059
-82726
-98422
-780271
-24915
929256
276950
-17582
354210
-704270
-848014
749301
-80068
-101667
-446413
-559643
888244
-851598
-740531
-396068
-655458
214947
1075407
557775
-300209
154669
1979343
439308
363650
-448342
-802607
-213517
-349045
-1784881
-2083494
1423671
-1230427
439711
692529
-793689
554684
911795
499526
-1787348
304826
-1070480
-1564340
376792
587658
-620156
-79960
1695079
-487453
1033322
-352596
-1552100
-197033
-710270
474395
-490130
-1322909
-1075705
33398
1537476
174345
-625733
-2075133
711195
1214016
-466232
-1193628
-1325074
-53316
20257
1691347
-1046238
-236037
574505
1862267
173302
344822
329244
-1630224
1318519
1665392
-629983
-223633
-347479
-1473130
-1753550
1686283
-2443374
211965
1001538
-549905
-625627
1847667
514891
-808943
2124334
-56190
-48299
-379463
-351932
-1939340
187266
-1348976
-246596
622501
-1043534
816460
861299
1250119
-274932
