#SpinCore Technologies, Inc.
#SF in MHz
#SW in Hz

[HEADER]
@CLASS=	RADIOPROCESSOR
@FIRMWARE= 3087
@SPINAPI= 20191127
@POINTS= 128
@SF= 21.670000
@SW= 127986.351562

[DATA]
376917
1294913
16907
204513
587859
-1429543
-464496
733093
-208222
97493
1385752
-1066678
-1134452
-672856
658884
-1457297
-242388
583457
-913839
-1281726
466845
122558
-2730037
1092936
584340
191505
-399161
450481
-1947591
-2128040
502188
1170904
-24815
-403163
815394
-418068
453427
938752
953939
-1928029
170416
-1143512
-479850
-792568
1322989
-1628893
-1879114
-241562
-968613
328158
-683378
1117273
-1003115
-1227118
1431877
1491940
629596
8676
120091
-1216498
-294142
1099717
577124
-2403433
753526
-2231146
-987476
476329
781643
-354905
-1178109
1077974
-1336899
-895405
432609
198506
10653
332225
56621
471360
-100135
1846455
1305796
253397
-95044
-213294
-250190
-568254
1618704
-186767
323494
-880214
78535
-472129
-445810
270049
-892590
-1801480
433317
-495153
721551
1072712
1875668
232208
-657646
219452
-56141
1287207
-1355453
378280
329381
-1646041
1465956
1738008
1094122
177582
2164871
838108
-1041097
-1051554
-7041
-626766
-613883
-219891
691534
-1935486
408708
1263179
-497594
-671437
-637125
-177821
-332813
2377257
816208
-498258
-378149
-667052
1343431
201712
2390036
873322
-184933
799
118089
1426946
397053
-116871
200654
-1543024
844989
-735384
-1887372
-949508
-945024
-392069
-2264779
750772
-1950845
-348868
-199414
-653547
1898087
-579574
1813612
-550889
114011
92700
-372552
-1787903
-2346087
-261033
500848
-42160
444928
-1450695
-404071
1953421
-70263
1454680
-1287692
-16045
-1614761
642414
765400
-613014
2218597
-280685
626720
-624966
1978830
997597
259236
-1278836
-185254
-1812949
-1743030
109499
-2610128
-3571285
-1400951
800321
-2433353
1191261
638244
780373
-1115608
1710526
1091072
-72752
1023061
243966
2085217
-695135
2553138
1789383
-1775824
-2363413
34125
-761094
-699336
-1654918
-657409
-2762314
-1653750
2474123
-2057968
-546553
-411508
2052940
-2479775
1788101
292562
-957050
204585
1488097
454665
-357925
1784276
3158608
-1400400
-680869
-678549
-756025
-63359
-403482
847062
-1330002
-1823718
-73109
-157568
-244712
-78886
264655
-887008
-674988
