#SpinCore Technologies, Inc.
#SF in MHz
#SW in Hz

[HEADER]
@CLASS=	RADIOPROCESSOR
@FIRMWARE= 3087
@SPINAPI= 20191127
@POINTS= 128
@SF= 21.670000
@SW= 127986.351562

[DATA]
-3711205
1246432
-5943877
-2860822
-2593878
-6505365
-1902497
-5122730
2532494
-4683063
4010497
-2262094
3372768
-377458
5517668
1867934
2244926
3444020
474390
5314898
-676799
3738260
-4255426
2401463
-3105879
463461
-2313744
-1325450
-2373463
-1671771
656302
-2379185
2080369
-2435094
1130399
-2078573
2885873
-329185
1970469
-230654
238641
1747740
381189
1513239
-2627850
1587293
-2081297
2599607
-2865748
1008598
-1002258
-111870
-310827
440806
-5706
-1968199
389509
-744638
182704
-1962476
1794455
-740747
-105590
952536
625383
493845
1655379
873685
-962939
1501200
1269087
398961
-853631
921589
-1221288
-330003
-1159403
-652422
-876914
-172050
466445
475883
197174
-585521
404023
1275191
2364711
1085356
-149014
-847554
890990
1188621
640014
423447
44620
-850857
571621
-1310775
959831
-292916
359700
-690973
-281487
1070275
643869
-735280
-171613
402910
-477449
-11677
261625
77363
-1103932
282673
1285490
-678360
1107714
512804
309738
-1598276
1339224
3080
-832519
1011592
-2074699
474907
356754
677214
-1515992
676846
683578
-1782902
889913
-389468
2317490
-528969
503073
-2138
-156913
626138
-787456
-1054647
226341
-271514
-828964
-964055
-328026
-176731
34244
-1323631
977092
-243079
170861
539354
145010
-195549
-521298
-129487
-591935
-787830
654979
-228941
1456591
-514167
370020
484189
116042
548851
-1311658
-816382
328646
189590
-1023601
1917195
-1265598
-491805
-685620
736939
246299
-898642
1661607
1515450
-589345
-295729
1853335
-441625
-1936625
324893
-489036
-2703101
-187293
313618
-997473
796197
303401
527357
242883
1098014
-691910
-523316
298602
112692
-1987166
915791
-1273607
-2176779
1311810
264048
-1586579
-731510
1194358
272837
-407798
2013487
358499
-901865
490203
2245699
-604685
-199478
-321725
-1237697
384717
571105
-1185154
-2192779
89125
-159659
-863815
1438941
507121
116643
-127639
2175924
-938176
-310797
-587169
-915034
1313299
41038
370380
-1230594
59479
-671465
-934760
736868
-1569830
-484257
259721
248067
-1171125
721276
208930
-444680
987831
-1915995
