#SpinCore Technologies, Inc.
#SF in MHz
#SW in Hz

[HEADER]
@CLASS=	RADIOPROCESSOR
@FIRMWARE= 3087
@SPINAPI= 20191127
@POINTS= 128
@SF= 21.670000
@SW= 127986.351562

[DATA]
-2759499
1016415
-3231497
-133360
-2127106
-2468434
849873
-4368615
166541
-1956005
2901132
-488071
1646254
441387
72942
1075464
2135088
2029631
-1212876
1549546
743525
1354884
-549057
2680840
-1108238
354865
-3017862
651781
-2571505
-1660368
-928449
-3007855
-625000
-2863911
2020694
-863364
1304491
-105984
1695451
964175
1195158
2905887
625979
1923649
732284
1629973
451208
-83051
-544966
-1556350
-1160617
344593
1099675
-135574
122135
-922708
-2124308
-515222
131075
-1341643
1372810
-507682
563384
57017
811702
1496776
1283292
93590
25362
1484122
-1166392
397940
108798
-523834
-428618
1045866
529063
509953
639437
1883657
419003
-1055783
1091245
-1839768
-72606
-508037
954028
-377112
-191400
524014
-91290
-1331398
527204
-271325
-1114639
887442
1196207
1011005
-709930
710477
212933
1964702
-202054
872560
388247
375402
-1071046
-756642
1457632
-1390008
1695813
-1054469
-55137
-1242283
-413190
-473486
-1882270
-192891
324425
1157978
111801
-1116370
-673100
-530803
-406665
729002
674538
105232
728684
-240668
-393461
-288645
-515261
-516855
557439
-284157
-888575
-657144
1133974
-914830
-206987
74360
-931980
766821
60763
83670
-901110
-1625040
734922
-385611
783211
-290005
865266
-2328548
796072
1928173
56353
470027
-582728
-702479
-660735
910390
1024030
-1405967
-818236
781971
1063441
-33586
2453612
-670496
-713926
1041749
617525
-502269
94848
-934369
506629
-2398041
704361
210652
-1141458
-465493
487785
48314
-615751
2385578
-606619
-792513
-760732
848488
-997272
86862
1381771
-928729
577284
-347106
-525896
561695
625356
511510
-489046
-588859
-933894
-643875
-482379
210321
214335
882184
-1100137
-408756
565600
-675715
1449857
397163
150318
-235704
-68346
543468
1664872
-274302
-154993
-887490
1052412
388633
1196754
479444
28102
1023225
-236175
16298
-583856
261502
-1116863
-1889878
1037308
-1321429
21033
-931196
-967043
-555998
930979
1905785
-1683702
-102374
529240
1722765
-82223
1668205
-460882
-1205475
-47018
705229
1041774
-1626469
848613
-431246
