#SpinCore Technologies, Inc.
#SF in MHz
#SW in Hz

[HEADER]
@CLASS=	RADIOPROCESSOR
@FIRMWARE= 3087
@SPINAPI= 20191127
@POINTS= 128
@SF= 21.670000
@SW= 127986.351562

[DATA]
-3291635
894479
-1998804
-340020
-779179
-1689497
-136691
-3641995
2324902
-2818283
1891972
-1863137
2125633
-401654
1973644
1520408
2450957
1534803
-1934157
1699242
-1327397
1930210
-3877159
215842
-2344949
785790
-2562572
-424998
575950
-1584068
-823
-2245544
1397467
-2550454
1814340
-1807345
418355
317689
1817585
1671765
-384175
1153244
-745557
788020
-1838601
2223603
-2490215
764457
-401059
-322779
-615607
636661
55589
-1513420
-740283
-1845937
896861
-191894
1256045
-1012992
-736342
943894
-367830
-989530
-47604
996698
-1496257
1219374
1827115
-199892
-680759
417087
194842
-333657
-187304
-699641
-1418816
-596709
-201379
-1096483
450285
-100100
49848
-692068
751887
1972099
637455
637835
1315341
34584
219827
1077860
341547
-77076
807165
-1928193
229201
744257
-570419
382623
-1082605
-352772
-606660
118180
-2031141
999118
13103
-552140
-73230
1884085
3360808
319370
625653
-999955
330750
-544367
1571864
-1720559
-423930
-1451549
528787
979850
-1232753
130550
-2132853
287365
-1024358
1356542
-2470572
-282744
2456607
1903178
1396525
1097688
1915630
1105355
-267194
1758264
-990148
-1299650
827036
962483
-1893958
-1914587
654999
88807
-1261120
1494761
1384610
862409
-1230419
2173232
279045
368687
616276
556988
-36004
395390
1797095
-1799442
691221
-243863
-791918
-686104
-185560
1809781
-366360
-2570478
-228784
1164443
-110199
-82500
18511
1895614
-1247375
1962033
60105
-621948
698117
-678298
192418
144841
1640871
-528507
-761805
-531850
349853
441291
-98275
-615715
-912739
-162331
727136
459015
-1258613
-780571
-201787
1921689
-517390
747248
-584535
95138
-1441900
610055
879636
457718
-871894
986260
1047588
-198951
132222
-768409
-338643
-1231484
858504
548482
-3358
1008235
-607013
-356423
163982
1972186
-688134
-1330482
1495546
887123
416677
856412
2188541
395961
-1177200
1951727
-26774
-447016
-519737
630588
1038063
-1954320
146099
-71712
-1370897
554735
-410456
-460285
-707733
601163
-1028662
205542
826744
2091342
1070625
25844
1134057
-532506
750229
801338
