#SpinCore Technologies, Inc.
#SF in MHz
#SW in Hz

[HEADER]
@CLASS=	RADIOPROCESSOR
@FIRMWARE= 3087
@SPINAPI= 20191127
@POINTS= 128
@SF= 21.670000
@SW= 127986.351562

[DATA]
6015208
-3208623
5508838
2118746
5367542
3170059
1721119
5864638
-1364075
5448508
-2476742
4107594
-5258263
2329870
-3902999
-596157
-4282333
-763999
-3784399
-2762851
-687785
-4727306
1888666
-3321014
2760419
-3704200
5200131
1010800
4563544
801134
2789550
2961872
183511
3481420
-171082
2542763
-2434722
2759134
-1540833
2663339
-1774602
-1426773
-4143516
-1171734
-1607736
-1710065
-142512
-3311349
74324
-3474642
2153926
-985616
3604610
1357637
776504
-377868
1694223
1265664
1133031
1549651
1476295
487076
-300263
2161879
242261
1237643
-2072333
727581
-1044521
-929729
-1259778
-2649483
-1256900
-1703706
1266935
-344267
1280301
260028
141965
398385
545174
628177
2810921
-767013
661516
-367137
292289
-107266
470820
1880401
-1412920
-1279947
-2826650
1272528
-1533099
392272
264151
-1198544
-2310908
-116869
293094
759959
980192
-101225
-1199709
-685002
1425863
-692117
258409
-1638357
1577988
242668
-4393
-151540
239239
-158390
523806
1123766
-216175
986663
-1087922
1573712
-27985
383362
958538
985126
-69585
-626827
485101
863154
544420
-471232
113356
-1534054
249736
-557905
569783
1572497
284528
-1575062
-1892047
456679
253559
636081
405162
271469
-501314
396187
435325
1312041
678
1318764
776978
603656
-875707
655588
1138261
-51481
149821
-228817
627860
-1083156
-942589
-570495
-982089
250039
-670180
-693105
-1246292
965327
-525909
358636
487736
2925796
-182827
1266167
-83725
414006
760609
1292968
957942
531826
1456799
-971814
131071
-414016
43373
-1273053
1039439
162634
-830461
614877
-53690
426281
-658276
-15491
579025
-513396
386424
603229
-661916
-365033
49668
1275677
294046
1081781
597484
-1470519
-14403
-259468
1074497
18179
39075
-930741
-193873
-85113
-174998
-731005
-795094
-87488
-451888
30061
1587054
330505
525956
31058
-193757
-324303
2094296
491861
-474879
-1090504
-233858
-769345
-88367
-56512
-1086830
-269118
-1120452
1677611
-1318328
-152196
-176505
-823508
-545187
547623
-432236
-83283
-112067
1139768
-897617
1235722
-281101
378631
-365054
-597225
