#SpinCore Technologies, Inc.
#SF in MHz
#SW in Hz

[HEADER]
@CLASS=	RADIOPROCESSOR
@FIRMWARE= 3087
@SPINAPI= 20191127
@POINTS= 128
@SF= 21.670000
@SW= 127986.351562

[DATA]
729568
-482679
1158902
911267
239463
638772
26306
1083114
-298636
-397042
-306511
1072909
-1369653
404142
248426
1051877
-932220
-1421599
-857020
1065399
-674206
29492
1948003
-1551239
-427147
306300
1382496
-655775
1672517
1108220
-1222549
1573133
-109052
-195303
-1672063
-863548
-883242
-341460
-125139
516128
-1116047
194861
413854
-1468471
-850633
1521905
-876360
-746669
2168610
-1420296
-256369
-1658172
655683
-1700461
-597329
999933
-778970
-308985
395151
2099574
-2268771
572147
1340353
481150
-463618
943514
1021029
19813
1161175
-563925
-601318
-217792
-672969
-552605
-803017
248855
-758617
-169968
900353
66282
-736565
702780
-179899
-65330
-404947
807163
41275
-477403
456976
-81979
-508169
-395505
2583529
389999
472733
-287286
-277222
87013
-701855
888622
-887178
-593406
-3853
398240
422188
-94942
45955
-543995
1200382
636254
-51810
-420883
1238507
-37853
1341978
1271304
-1311376
-1109486
1039259
431736
357470
979285
-1286946
-1107822
1082387
593004
-1147694
2343939
268659
-86374
-638974
-557422
-72944
-452135
924725
-1025269
385221
1184955
751843
-400454
-829365
1742313
-1726356
-61038
-95377
210510
-156878
-203441
1198733
260876
884194
379202
-676186
-852837
-395087
336127
850019
-1099630
-308950
416273
287388
1281852
1968723
649955
98306
1893249
-163098
173754
-221948
-746383
-515352
1308313
80383
-1905206
-1831300
-1155761
-1191568
1261599
536962
67102
236815
974543
-8230
-77693
904740
590818
1144359
-767681
391860
-897539
1086222
1407359
-1140420
-47584
-1474344
-1438215
-1961418
-316793
-935820
-1298212
1459363
-82136
-1239271
1674534
632578
782669
821742
2288487
-1862997
547609
1189644
-503377
-582480
1190022
-113529
-213434
-628202
-439357
-1710018
-901218
-827176
-651615
514153
-1580090
-1430000
-660566
1523495
1289761
888940
1550638
-632592
635524
2278649
2089649
-210227
38260
-140550
-125404
-1139402
-163061
315508
-1626711
402692
1347204
490258
175146
-999815
88142
1470932
-165641
1242978
-701382
-614930
-1132290
1654728
1619
