#SpinCore Technologies, Inc.
#SF in MHz
#SW in Hz

[HEADER]
@CLASS=	RADIOPROCESSOR
@FIRMWARE= 3087
@SPINAPI= 20191127
@POINTS= 128
@SF= 21.670000
@SW= 127986.351562

[DATA]
-599665
317617
-841973
-438759
-1188795
-1610166
-630607
-378992
-156108
-939785
1353064
-1597399
1182818
1098969
538158
1028404
-742016
-1706366
-2369778
1450075
298337
-488161
-616587
1515318
-536925
532197
1066833
-437742
-601342
-182942
377721
-520893
-259169
-726719
-74981
-1118442
2325853
-473763
928474
-1364599
763626
381196
128205
1336440
-2043152
616182
-1182490
505523
89879
1275494
680450
-1736965
-59822
389399
1669169
189697
-81635
-289406
-1729182
1091962
1138211
-2055123
-74980
-11361
160864
976631
599139
-252342
-1199363
486828
1096894
1359435
-1887747
381538
-365575
446366
890435
723387
-363460
99619
-7735
-639738
-45177
-530601
-528215
-791330
-822498
7243
-2235603
1915534
691741
314374
802215
1925250
-294473
1138744
487758
128331
-1361417
-1320642
200797
-1265850
-192925
-299963
-1138732
-1498156
-894280
736769
139941
-1088537
-2604080
453694
712280
660535
-139359
707858
-512957
698734
1419928
603040
519166
390391
-2021695
-282948
-1761373
-1023768
-851250
-1212621
-350339
-166772
62121
803327
314433
767537
1199344
1949900
-88485
652265
-379682
693267
702170
-7695
189706
-2117058
-1065624
-440349
-197973
1144936
-747608
201693
-1352069
1915799
-1279863
-463768
771313
958069
1162713
247480
2891849
16623
-212332
-1676254
493547
929738
-970144
1115379
-1886400
-927015
-2197054
753600
901395
-557070
750162
1868831
435825
2190002
520574
545800
-799955
1219697
437019
-927855
1392663
630018
771787
-946196
938707
992801
702708
824219
-182772
-1401058
422751
1083204
-574034
832464
503873
-468697
-1058995
-671117
402810
-1308616
-1269739
395217
-1057783
-757052
-471624
134122
-305705
460308
131845
105853
-965093
2032404
-1176415
80761
1168411
194861
-359357
953965
-1007439
-2518450
-69673
1345682
-1396937
-1535742
1790893
52010
-340896
637446
-55749
-1132602
755571
1738044
-477216
317787
1814409
821868
-431738
1021155
-1796986
-2493267
1780146
-262132
-648279
-1559626
1195531
-1115348
-534687
465599
-2067227
-936282
1892894
944337
-1034128
436539
