#SpinCore Technologies, Inc.
#SF in MHz
#SW in Hz

[HEADER]
@CLASS=	RADIOPROCESSOR
@FIRMWARE= 3087
@SPINAPI= 20191127
@POINTS= 128
@SF= 21.670000
@SW= 127986.351562

[DATA]
-1404171
463963
-2901952
542393
-2963875
-1228253
-973975
-1527635
1406884
-1236650
1662839
-2894894
2223546
-1468496
3268326
340697
2025432
698323
1080457
2790224
1100547
632403
-3062999
1799236
-2065945
1063060
-1884031
311071
-2143416
-1058254
-1855081
-2509629
922142
-1615332
-847222
-587179
1144567
-886824
1754004
565217
386353
1313246
87135
1023013
-843613
1271607
-173595
1535672
-405547
141643
394228
441220
-578475
-779994
-1438019
-225928
370874
641709
-647487
-391726
614517
717573
390826
-1526501
369134
-2205937
-9561
-624155
696138
393086
321407
1385681
353444
561741
-180959
-212068
-5205
666403
-1698825
-1015830
-721086
371207
-175139
-653001
-127034
-120811
472902
-1213191
234312
385055
-1024072
394482
700379
-24077
-355740
457108
-1681880
-458791
-379353
-956678
-1167196
721988
-1976890
998103
961954
-158631
194721
1184025
-1596333
-575298
716197
-717522
-115775
10362
-1662949
1126290
-227378
1943664
-1511881
1139571
-673497
267587
525757
-870256
288454
-230038
153940
-1176515
-500693
1015417
-524085
1758931
-696762
-782342
-210306
52022
-476385
-86926
-854628
-1487707
415408
-1193065
-2207584
-373088
-13373
-1396577
-387147
1057758
624808
651190
65895
-293294
1830179
407809
-113259
-878762
-69464
-1365108
17380
1817124
710290
1187606
-207436
-138854
1345756
43952
-116392
387045
-778777
-1075509
-166558
-588003
-1612334
465292
-620451
-761942
619371
1179160
-191811
-381149
680809
222766
721592
601936
-1456926
-1394642
-335720
745660
-689145
1053201
-828899
-847744
-382688
-2120729
403238
16861
2090785
-371024
921780
438486
35721
1679772
553413
1532373
62164
1104628
-114412
869690
-2365219
-415996
53710
-153396
-783776
-687461
1161259
-1700421
586104
69731
-333789
694297
894935
627850
1068548
358221
15923
515391
-1347500
-46619
-546288
-1410018
-307408
-587796
-612965
-1011009
504566
266316
2070894
680127
1133644
918106
711188
495856
544669
401003
-237992
1247660
-849145
356517
-415166
-1732807
-22555
-339100
277792
-1520598
1212288
-576011
