#SpinCore Technologies, Inc.
#SF in MHz
#SW in Hz

[HEADER]
@CLASS=	RADIOPROCESSOR
@FIRMWARE= 3087
@SPINAPI= 20191127
@POINTS= 128
@SF= 21.670000
@SW= 127986.351562

[DATA]
-2984377
1093927
-3112752
-3306560
-1382540
-3662215
-2082746
-3944172
1442200
-4000525
2956645
573315
4294081
447992
3568307
2395772
1927767
653591
-502156
1945400
-1342864
3655407
-4090757
1226083
-1443738
554415
-2512848
-851473
-653131
-723617
374323
-1047713
1069348
-2686898
1058764
-1290258
1384936
-853466
-118760
1772836
736386
2126832
-819177
1210123
-1396680
1963348
269732
1344613
-765415
411396
-237474
-1772822
-681422
-2103027
-1145882
-763673
-933137
-1341280
1568805
381803
881669
317218
210684
131184
2344539
176515
1305648
1094433
-112798
291404
-1145678
1197538
-1571269
-13237
-1370422
1363108
-773577
-83100
1295253
-1178082
809041
1659484
1949475
-642521
988450
541079
722176
896040
-92198
-946128
-775438
140002
-894731
-1002480
892339
14024
-975152
449390
-586596
-590054
-396826
-457749
111874
1446264
1219102
-680519
1756383
-113336
542678
1395049
-514309
-1662511
-245576
-749430
-1600240
1204728
-459488
-2065068
961371
257400
-886401
1611980
467058
406647
964883
559788
-1077235
1551527
470485
1253461
-772413
333873
-1171757
-709099
-330568
-1820244
-1504353
-316668
602758
658886
1413339
1280972
-872711
1808362
46219
-311986
-620915
778576
-456015
-1145477
1051474
-865821
-1353147
245744
833406
-750328
964347
640075
512924
1896966
-1149564
473321
781949
791933
-1491611
315138
-918307
-184420
-129663
536363
-677875
-1460117
1418597
677264
847255
-648811
49943
762965
-1865987
460335
-811137
1423175
-451355
-813648
-1016351
-315780
491186
-566402
1489036
413926
-308810
2133540
210304
228074
347550
463882
775569
-556127
-456504
-934204
754145
214006
-946747
-1235978
1223603
281210
-1497297
1205488
-937534
159557
927032
1165840
-800204
1415291
878211
-467025
-1167282
-750349
-428331
-1626164
-44256
-1832325
-1539484
1779441
467684
-594311
-1904634
689559
572118
310878
-186662
383194
454584
568407
863725
-811307
-470203
-1018677
-338100
-2306611
135966
-188436
128902
783932
-959277
1103164
757129
675683
-224503
-244698
-639538
91610
-441072
-1394848
-408953
23942
