#SpinCore Technologies, Inc.
#SF in MHz
#SW in Hz

[HEADER]
@CLASS=	RADIOPROCESSOR
@FIRMWARE= 3087
@SPINAPI= 20191127
@POINTS= 128
@SF= 21.670000
@SW= 127986.351562

[DATA]
-3343649
369442
-2230807
-2145687
-1868318
-3775557
321275
-2851925
1863859
-4380196
2673812
-1801751
2323638
735449
3455336
1784513
943417
4327194
-868662
3165448
312578
2537964
-4009875
1439410
-2031049
-670698
-2022337
-2352635
-2086858
-2927350
-302271
-3586016
648416
-3594330
814738
912940
1351835
1343945
736328
2274696
1203070
2674040
1156922
1779560
-1225959
-218371
-2834262
985126
-1006240
-1079778
-2453604
-1350246
-1388604
-1239987
1263610
-651898
2370467
-982640
1445753
1079055
1482574
413153
3045547
-563287
1144524
329471
-241960
2759266
-1235442
266747
-826564
-20340
-152764
-626800
-958816
1219409
468976
-544034
533508
-72324
-790619
-115259
2445072
816837
-512528
-71334
348868
-56465
-29618
871018
-1353121
-952671
-530921
347950
-928002
1798045
-2596191
-138584
814773
-982811
-1851992
1710737
16459
-916245
218482
1224690
-204108
-2115893
1106037
-1034441
822665
1078758
138443
-1457213
207222
187342
-832313
1682589
625787
-963786
-1004889
1489696
1074241
-1025350
1836560
1136452
-128597
-727060
8397
-2004731
1184527
118056
-1190107
-1745684
122210
-948233
-1416469
-108020
-29996
-1645211
341859
1645976
677235
-138059
1768862
-1319617
1469533
1867536
916126
-746523
49002
340126
-2212160
-267365
-114222
-2145574
-907283
-600392
172599
946964
-718807
868007
-457635
305081
546548
-698779
-39800
-75910
384152
-795386
222212
-784885
-897866
-1318384
1555319
110397
593171
1492934
-585210
-790960
-243586
1472839
-439887
47248
-149629
-588844
130202
477916
137031
-688047
620555
-286825
-1701632
-1062280
-349457
-867121
419042
139688
-816391
377442
399593
327126
303854
336878
-241887
2012206
-6238
1491085
-611116
321570
-208295
623026
472050
8469
-710200
231238
318727
-397292
2241810
82866
-749023
605438
-99765
-190283
348768
-1616605
-2093574
-320630
-1264156
966746
-1377527
-176725
-45869
-139270
64740
1238741
-1118790
-1219542
-915413
-69937
322658
-643886
-119422
164775
-852677
741894
456104
-958304
-276855
1472747
-862195
197016
367236
-275877
-1490687
538995
