#SpinCore Technologies, Inc.
#SF in MHz
#SW in Hz

[HEADER]
@CLASS=	RADIOPROCESSOR
@FIRMWARE= 3087
@SPINAPI= 20191127
@POINTS= 128
@SF= 21.670000
@SW= 127986.351562

[DATA]
16265538
-736481
15200916
7068809
10287028
13100757
1930845
15657631
-7202559
13629189
-13498950
7557609
-14967132
826647
-13704759
-6438361
-7223151
-11343715
653864
-13318200
6420695
-12068777
11266889
-6952538
11757482
-427978
10112293
5360417
5044110
10923919
-1163527
10942374
-5694931
8974900
-7927893
5454654
-9382985
-582777
-6395320
-6112923
-4296977
-7127864
331667
-9155539
3195350
-6553233
5251036
-2334394
6408672
-297586
5554546
4179944
2713535
4180119
453548
3845453
-2104399
4111755
-3576636
2270900
-4033269
-85029
-4182355
-718894
-1855191
-1998605
-577430
-2019844
1025337
-2820868
2092575
-2775385
3085931
-771291
1502069
-257956
1659402
1213430
264156
2330209
266257
2684334
-111485
1720262
-673485
1743530
-1132291
408229
-1434727
-1042168
-973659
-1388528
-729654
-902097
265154
-630515
378699
-349062
1026164
-885725
1041628
-557394
1254008
112617
550519
-71856
1501747
751182
-18885
1494892
-970608
967364
-1073745
613032
-398365
43892
-319257
79918
-24145
-1625895
-79403
-460168
190720
-1635863
914365
-119552
-49619
469662
1170968
-441653
1247500
1350559
-88867
797841
502337
686624
154185
1039610
-355713
-372708
-787288
-189471
-1128966
-776066
102220
-1284770
-343108
528356
-675666
-161023
761482
-1032030
394125
190692
534658
-846670
537919
-14287
-32038
125686
93889
338220
-378090
-465300
-99404
-161380
357912
97828
-407142
-152451
415837
-291846
1009150
16151
889106
298723
-3702
-189329
-336679
-125239
-289278
-649622
625134
-367259
-221997
-641549
-509530
-142147
520101
-724705
540094
318368
-845457
-646807
-157812
-1471500
-325933
-624606
944
-3855
759824
-147861
287367
-359386
269621
-90801
-967019
-562545
-459888
-899743
529101
-750147
209276
592597
330261
676311
192443
494367
-53841
-412509
488093
376110
-511873
-648292
-417057
-1351396
682784
-235031
-910492
715887
95092
360678
6859
1166613
1025404
80877
958208
-406094
21786
117226
-791148
-603952
-475290
515819
-1971591
273226
26477
-70020
-573530
1008839
341645
-267458
374106
191504
482958
-198631
