#SpinCore Technologies, Inc.
#SF in MHz
#SW in Hz

[HEADER]
@CLASS=	RADIOPROCESSOR
@FIRMWARE= 3087
@SPINAPI= 20191127
@POINTS= 128
@SF= 21.670000
@SW= 127986.351562

[DATA]
3521588
-410882
1240569
-268213
1611288
1943255
30888
3540644
-2603933
1131929
-248168
2010621
-1692245
-250886
-773135
-352138
-624745
-1167744
365853
-2018426
1388025
-1866102
2593721
-2101382
1253988
-2322705
2485893
1084681
445890
897789
-1477063
544635
-2027403
2651219
-2166033
-490070
-2591292
347587
-542463
666955
-166354
-348732
-728295
-502193
2894740
-1688593
1080390
-2318476
1826675
-93641
1599997
513658
761006
554942
610713
213860
-1031896
477120
-546199
-911169
-133845
650106
1554976
725916
-916694
-439546
-1430864
-72804
54236
-625496
919301
-802818
444183
-59027
-763024
968745
-759133
1242342
-868478
89133
-296950
49783
-1556267
1037971
153125
-563550
964956
102588
-566711
1075295
575541
-161232
-1173210
-1451759
220633
-500969
628064
209761
-1196548
-269008
893588
600902
853896
990921
94296
1244742
1640876
957129
-844460
-87248
-43020
631120
450891
1421465
-1969259
89867
704413
274111
26445
-1741236
-226839
283629
-213177
200249
376948
-313834
180569
13229
-166905
1330393
938403
-479784
-341504
604864
438189
-779968
143037
123672
-483182
1186096
320961
838477
-1633599
-184696
995741
-139015
1083868
138102
-885857
-1470548
493439
1451709
-1143830
-1174059
434593
-381963
21059
1170222
869812
-1388423
-538422
-358912
-1322469
328887
374328
623298
-2426852
-800037
1532697
-648293
-1440776
1046188
-1619611
-326858
1548263
491799
-1030081
967309
712950
1408803
554992
674014
-280381
-1702337
1682570
42417
-1460191
544377
-252464
459780
419518
1729507
214683
-91033
-10020
116356
-510300
-288600
321112
-1411873
-365065
1334036
382987
677941
651963
-1893784
-88244
801157
1616723
-2071999
-611563
-1628991
-582883
456687
1372044
-810462
-955118
259313
-143789
283810
587749
-722658
-1153242
223228
394376
1038996
1640638
136566
-1722599
-124369
884655
357391
-285620
-404352
-760201
-765569
-1266821
1120778
-21384
329087
107094
669352
776803
357369
751040
-1076844
-1554537
235831
1136036
-369487
936864
-586187
-590656
-993037
-1365763
382397
