#SpinCore Technologies, Inc.
#SF in MHz
#SW in Hz

[HEADER]
@CLASS=	RADIOPROCESSOR
@FIRMWARE= 3087
@SPINAPI= 20191127
@POINTS= 128
@SF= 21.670000
@SW= 127986.351562

[DATA]
16895691
-1043527
15112254
7287621
8090667
13049537
188918
16746617
-8528155
12735704
-13634480
6985663
-15107177
-182168
-12503309
-7913615
-5819897
-12425584
572521
-13350473
8445581
-10648169
10993367
-4725095
11980278
1462919
8442026
8064439
3952302
10354275
-1047390
10831354
-7150787
8485495
-7794815
2969627
-8920864
-1299384
-6404328
-5986657
-2998732
-7500842
736862
-8819382
4496333
-5598479
6052799
-1304796
7033228
1529252
3567649
4831552
2098070
5204470
-583178
4645588
-3269359
3224999
-3204509
2480884
-4127201
-716646
-3444328
-2146794
-2042249
-3284013
-133713
-4039439
1167309
-2631879
2429820
-1310805
2273957
-708043
1182807
971446
1294641
1299839
687307
1374791
-339907
1429878
-424539
1645237
-1313035
404138
-1749325
24120
-2046110
-629105
-900561
-992414
39571
-898845
69429
-842713
1283990
-1829813
922638
33001
850083
563511
1489756
523381
44614
803905
-86387
901634
-901094
1341888
-187989
1297809
-1433096
524844
-1066535
961664
-763452
-235061
-163567
-632429
41758
-805747
162503
-82389
781266
-1127655
579758
-218476
1078817
83998
660783
718444
-516443
392157
-126013
803313
-552999
391871
-955646
-1048826
-589926
197458
-775274
-160926
106764
-301957
-357426
-560602
258965
-750378
140852
-143277
-89579
-23862
201339
1175578
456927
978519
-83897
366105
330022
228166
107564
-129034
-673335
-178641
-133214
-465399
260058
-854591
-646568
-537434
564122
-842702
-570339
-1250023
-862477
962844
518418
394640
-623389
572287
-456484
-216067
579279
-389075
316612
-537378
333483
-153404
-296740
439654
26158
-1431822
101356
337355
87743
-45827
209617
-451183
-497676
800830
-743233
58380
-228864
315045
-525929
-818015
271133
535313
157803
343904
161631
195685
-172216
276734
-1031563
592730
261746
-319630
-41790
-132919
239662
294385
-168894
-44486
-50805
-617398
-192303
136140
501738
-404989
-651313
-13268
7589
101344
361774
103889
163792
-592700
-76588
22379
610242
-646867
378483
-149699
-325868
268
341016
-1072411
-1133629
232320
-178088
-240462
488050
909585
