#SpinCore Technologies, Inc.
#SF in MHz
#SW in Hz

[HEADER]
@CLASS=	RADIOPROCESSOR
@FIRMWARE= 3087
@SPINAPI= 20191127
@POINTS= 128
@SF= 21.670000
@SW= 127986.351562

[DATA]
6071706
-362779
4080121
4720034
4342568
5009191
-2343289
6822448
-4687968
4790634
-3011104
1927540
-6355179
-1712423
-3615990
-2664916
-1671461
-5225229
-1586001
-5051471
3727593
-2130529
3891693
-2663575
4360150
1331931
4590688
4801238
225817
3338121
-1905368
3730105
-2044337
2932445
-3868975
-278128
-4771401
-1541197
638279
-3215118
-232591
-3800640
328849
-910696
2904730
-551263
569660
-318876
3492716
2484814
2403128
1819892
572628
1018268
1723128
3513054
-2558246
2101518
-2074330
-1312611
-2112241
35459
-2109709
-1479588
-1042102
592363
-846202
-715267
877801
-1493878
2214056
2490513
857000
255681
2120029
15300
537919
842607
-404715
-496625
-1191117
-392111
-2049118
659721
191198
477741
-650407
1644288
306141
-428393
703839
778478
-1176864
-837278
-861829
-894870
904594
-1654806
666898
-2571252
-10034
1129330
345752
2090144
-1075294
931297
283962
2295611
-911289
631294
-92397
-1372031
436014
1654088
326491
-1930769
300575
-1080397
-679132
2608780
521282
-1512293
-1155706
1810055
-1355043
857054
2906911
20180
233360
975909
129564
488786
1465729
-506682
-1815053
-57702
886312
-827620
-636771
228750
-2942911
-951157
1047090
864326
-1261871
789412
363563
357156
1807680
997971
156961
-435228
1273572
-588554
1353988
-137609
-442949
-144527
-759901
1081285
-786382
817336
354973
-1064308
439126
1738458
585036
897354
290849
-1050780
-167262
48041
-1047962
-975155
-430987
-694080
-1458852
706521
-261274
-144991
901197
745106
535710
1182378
505334
82684
-375483
-223537
-631703
-1840679
-530011
-1372962
-1242154
-273600
266167
207736
-2089542
1286414
-1118509
923886
1422514
-410058
-822527
668890
1678396
68422
-405448
90325
-1869897
-948273
-77042
103310
14755
-1307387
166563
204188
1169409
211582
-1278076
734686
787709
545486
-618953
-1035707
93577
1343367
-360183
417042
-460309
-1417619
-330789
-653756
1485634
788600
-1689152
-513177
761104
-1804296
2908985
809363
-522760
-62707
473248
259266
-591581
866528
-957102
578089
-176340
1183308
-805874
-860700
2187845
613747
419406
-799062
