#SpinCore Technologies, Inc.
#SF in MHz
#SW in Hz

[HEADER]
@CLASS=	RADIOPROCESSOR
@FIRMWARE= 3087
@SPINAPI= 20191127
@POINTS= 128
@SF= 21.670000
@SW= 127986.351562

[DATA]
3522107
-1021408
2422668
507986
2359845
1435556
1267038
1683063
-2313338
2847070
-1828053
729936
-2154053
377586
-2669229
-1821227
-1451147
-2501412
434430
-1981650
2492876
-2767914
2206261
-2310360
1454722
324237
1320559
2130998
1318787
2110551
1521453
4429991
801062
725189
-1284410
-317119
-1656493
359059
-803584
-2382843
-1560258
16918
1653071
-1694616
840961
-429271
1573266
782008
61706
-908551
227270
488002
-1745975
580731
-971714
1030829
100768
2078483
280122
-511347
206689
2308192
906386
265836
-397760
-534330
-1730809
27226
282747
-1988408
435390
-117269
952250
-65970
-80546
822736
1585597
859680
-489021
320651
-896819
-672163
-2034751
-1828610
-1355347
-1185930
-139559
-684125
-790843
232189
909741
1511594
833117
916869
1083051
275714
375628
-1126779
85440
-940
-1789159
-248565
1340306
-386322
1059980
1183593
2084666
350535
1465966
944714
-839782
1784257
-47
806008
-1764819
-1068993
-2091095
1942612
-1645889
-37154
-549676
1126132
1955556
699003
1466568
-725639
16310
-166231
-1251038
98540
-390151
933907
-951018
413927
330119
665738
-274585
1959286
1005948
-949500
901489
-356134
670855
-1720455
-1730496
-1670226
-492578
1194032
-2775170
1340809
390435
1809971
824263
155709
1660746
361242
2127319
230934
391646
-284112
-287191
1645701
-439577
-22001
-169933
-588077
-635447
429036
483325
-1195464
-263570
401617
994983
-1631962
746544
-2771278
-757653
-969490
1150954
-1261860
-600280
992538
564292
1121784
902492
633892
997276
534608
2600434
-4060
21037
-899011
-343629
-355091
75956
-916114
-75160
-377208
535794
2079376
-124840
-457560
337031
-551951
762264
-795974
866743
-1899613
-305719
-1555480
-1468199
-704348
-278969
85147
850140
594170
1675127
-41152
434777
-1002285
-1519028
248551
-892387
-3239397
258107
-12213
-887374
-1048819
402942
53872
1383025
2038532
732258
421468
-186674
1820207
427195
1246544
-770907
-1330282
-1029503
-805430
-91714
-1206797
949612
-2457493
454229
1928358
584490
95298
11413
3364914
-810419
1668859
-1785674
-1561028
