#SpinCore Technologies, Inc.
#SF in MHz
#SW in Hz

[HEADER]
@CLASS=	RADIOPROCESSOR
@FIRMWARE= 3087
@SPINAPI= 20191127
@POINTS= 128
@SF= 21.670000
@SW= 127986.351562

[DATA]
-3192650
956406
-3371315
-405793
-1312087
-1938123
-1280942
-4572338
466762
-6521841
2296391
-3967166
2206514
-1331444
3033711
66820
3467332
1917864
1220263
2551090
409813
1587962
-2321441
1798452
-2655935
819624
-3267555
624694
-2018452
764290
-2321056
-1445456
810943
-2105392
141860
-3196839
-121224
-2697425
1850003
-2268742
240293
1512185
2470699
1446256
1215824
2170926
577658
2574258
-1413416
-1409163
-1539619
566318
-2365313
-766413
-3410390
959871
227638
1202059
2206076
-2727475
1391349
-1415200
995322
-2972172
-1284754
-867194
-276540
2172187
-692845
1666984
1802874
2490117
1489742
94316
-501201
-1835030
75911
-1189801
-2408730
666594
-537248
391411
371550
124446
700215
1568502
933194
-1305871
-22809
-1021847
-25897
-1451845
-1708112
133460
47406
204793
-1655844
977796
2047341
1159069
704841
234053
-683988
-1312342
-186964
-828922
-1096869
1730510
-316853
548100
-485196
301533
203707
92809
346869
-1007015
-1305081
-1414304
-888985
-401704
-509622
-787155
1472248
1193615
1070419
-218993
774999
-930001
623062
-433296
-823099
1128501
688875
1140678
-1441788
1154805
948285
-475402
-537646
87429
560331
984750
565806
-791192
-1696382
-85322
721787
-553909
-155188
-15514
850896
1609127
972537
-643025
271532
-856958
369667
-112944
-1551060
-757690
-628063
1847200
-1746505
-576137
173994
1117749
1035402
419273
540837
-1611086
400116
-774309
-1250790
-54116
816818
645706
-630301
1521701
-676850
1240536
476129
-1679867
-116779
1237866
-204375
-1203801
-195683
-933733
385033
921555
-1021177
-1754949
1759846
1094681
1549473
626812
81655
1641217
1703977
-1108874
-1028862
-272770
-1675974
-1237378
-501290
313211
-716543
988241
2016783
-1307744
1077317
-1079643
-19068
898325
-372684
-525708
304960
1518132
590592
891924
-2032421
-467777
-92174
-1287466
-1003960
-158417
-62896
-726429
179120
169163
-819130
1194741
-1099207
447439
1343263
6595
230888
1123768
-2233493
847073
-825633
-1056745
-612543
300199
470837
-328193
-576497
-111134
825413
-126739
185501
-1674737
1807673
-946857
-1099781
157481
