#SpinCore Technologies, Inc.
#SF in MHz
#SW in Hz

[HEADER]
@CLASS=	RADIOPROCESSOR
@FIRMWARE= 3087
@SPINAPI= 20191127
@POINTS= 128
@SF= 21.670000
@SW= 127986.351562

[DATA]
-1540484
-412921
647981
-523623
-514986
-300482
1047957
466812
240475
-538701
1528527
-1429837
955607
-1011729
2554503
-185564
1767269
457745
-778904
216040
1255111
1483159
-1654644
430316
-2359096
862920
-1613780
-964222
-306428
-2694693
-1014267
-660568
1326190
671868
132888
389862
888135
798600
924370
-996106
629439
-2804637
361339
1069121
488595
561137
397881
710867
-1421293
1528058
-1346116
-1621884
-1719761
-108553
385066
-311216
2972743
494540
14453
355260
185481
262930
419980
1007742
-2031413
-1498871
1359140
968355
1393030
-1162266
901634
-139905
-816947
2824799
-1710465
-726542
-2560362
-838862
1361361
430083
2444655
-1829588
1200530
-363025
1068031
-581142
999467
-1887139
675141
-1165439
210155
-1167699
-673420
-647721
-541727
-482656
-886641
617992
-1148272
1738300
783917
1306820
-908631
1522399
-306415
954429
-785367
200424
726209
-52372
1376933
3023
704098
-864363
-75479
-1441237
-567436
615751
-1365945
-716688
123063
403822
-983863
511409
-891047
-1046185
1275341
1867601
468272
-1401003
1504915
281419
-956588
763269
761178
-1792006
-621873
-1850956
327314
301960
674964
-996060
-678584
1458273
1729141
1837449
-321703
-213188
-961728
-733000
1084456
-729974
373436
-1112609
502172
-2303787
235865
1076284
507730
-1159428
-813448
452156
-1814595
2053532
958442
-1267981
-244971
-301455
-677742
62127
1154676
116070
-379439
793661
1058042
-943389
287902
-515608
-73180
-394598
282562
152699
-2518517
1144232
-855706
93086
-356438
2065442
541462
-1452361
1325516
862904
-939664
-692761
165820
-1226929
426293
1657925
-459521
-929871
627863
497770
-1255149
-1406114
609655
-758711
239046
3935
392581
-267205
-629694
-343514
-2049570
424479
988645
716393
-1536526
-557594
-340503
1158038
1451757
-2020493
1277563
-1102319
125702
672120
-36115
-1376361
-1099929
356805
-1606024
-801615
39761
-761790
-726102
642710
553281
166458
1165264
-207719
-583418
362190
667762
838856
-996464
-128753
822386
910788
813268
908489
739493
977100
476856
101985
-269692
-67526
