#SpinCore Technologies, Inc.
#SF in MHz
#SW in Hz

[HEADER]
@CLASS=	RADIOPROCESSOR
@FIRMWARE= 3087
@SPINAPI= 20191127
@POINTS= 128
@SF= 21.670000
@SW= 127986.351562

[DATA]
5625165
1098439
5551938
2939353
1325210
4459271
-1032580
6370046
-3088491
4526802
-6973744
1618615
-4301387
-903094
-3988023
-3852418
-1850675
-6637794
1140631
-3486615
3064847
-3561068
4209598
-1725138
4818373
206587
2634943
2093482
1310557
5709191
-1083609
3365811
-3108805
2157945
-3604074
831066
-1865486
-2456025
-1719368
-3271548
-1148693
-1320386
1274127
-1793183
2516295
-292932
1173369
-403014
1389370
566551
853639
-617434
1239433
1381781
608707
1623196
-1099808
1451005
-1828906
439770
-2623617
-1932528
-250275
-430156
190045
-462745
2208597
-663158
58069
-600285
2472127
-751530
660904
-422575
4429
198033
-663348
2275081
523204
598280
47971
1589717
1045446
-71979
-273806
554711
-585684
259179
294868
-883695
298783
1151438
1128221
-989611
348578
-1743763
-980152
-920447
-1086795
-545013
-738434
911412
-280120
2068855
693029
1347920
-1331812
-1793829
-636440
-1543192
-842912
1522519
64304
-486328
-765417
1649554
-983266
-1977075
268792
-1575635
353003
-161210
-561371
-669294
525192
1381548
383537
167005
1905161
1386402
-1812400
2047715
583994
139023
-846431
537796
-777037
-189160
2619456
-1053292
-529677
1293865
-1541681
64594
-803832
-1206753
-1113954
-1440303
2413334
-179795
-944148
825195
1407928
1018549
1520087
-256253
-270667
81239
1465179
177713
1279868
1181661
-115290
-1842690
-173755
900538
-533729
798457
-1766675
-664317
-1561196
2815557
-724656
-657269
1374760
-556180
-721639
833385
638249
-1390320
78849
2551191
-439952
-673443
1478548
-1535875
-1833519
-1792317
24065
-1738090
-565256
-881940
-1122758
146688
1902519
1396909
-1051779
-251028
582943
183463
50860
-975979
2316727
658338
1360809
1637201
1998131
501332
149528
37407
-2585745
-554797
180370
-1928992
-340941
1665687
-570248
544075
-655168
1846128
-1122124
-545729
-1072484
-620843
-336468
306723
1815169
33965
-45072
-477794
2152474
125471
-319869
-381736
-2899461
-918996
-1772807
-245966
-205542
-1501275
-270370
1563025
797013
-84940
-208707
1005639
-913488
992149
1378523
417907
85038
-1059915
1104591
-411003
152808
798650
