#SpinCore Technologies, Inc.
#SF in MHz
#SW in Hz

[HEADER]
@CLASS=	RADIOPROCESSOR
@FIRMWARE= 3087
@SPINAPI= 20191127
@POINTS= 128
@SF= 21.670000
@SW= 127986.351562

[DATA]
16967132
-1671337
14264740
8160464
8473878
14014178
584690
16736694
-8149190
14737115
-13264808
7424240
-15811615
-971381
-11818780
-8030686
-6051325
-12461196
617917
-14500209
7754541
-10552328
11257901
-5331666
13789924
524861
8706134
7233598
3723093
10871576
-1555185
10910724
-6882386
8091759
-9223932
2651601
-9188529
-1404031
-6616208
-6910830
-3246332
-7574532
1509081
-7447575
6019827
-6244724
5686222
-2459718
6910039
1003888
5386092
3280042
2207473
4855084
-973438
5836232
-3193906
3468168
-4372781
670354
-5271517
-711058
-3525122
-1705702
-2297588
-3543290
292751
-3365662
1776657
-1359424
2481851
-1593624
2311344
-252411
1796159
906532
2309424
861810
116943
2018741
-400297
836244
-413144
1648860
-2500185
187644
-1485704
979290
-2158676
36213
-1530512
-378941
-412683
-951677
614628
-2330913
1012198
-1085232
876625
-1116406
1413235
-1021889
548056
-85276
-55996
99651
177906
946635
-255795
366705
-868952
1567153
-899852
1919454
-1062374
-224552
-1745916
-336164
239290
-789341
1098435
-450119
19440
-734239
1073408
41946
648593
550725
736200
-1073493
1182610
1595734
53709
-234888
-667309
768910
-699115
91829
-531112
426346
-1000867
-137888
-428170
-789887
-16598
304106
137461
95068
241054
-239566
-612001
-1163388
752255
213178
143623
423869
442152
1022381
-579691
690025
584536
-107036
-757801
711378
-141188
-1127754
-87053
-497430
-904339
-431555
-101154
-4730
-481867
458347
514843
232349
-54861
492634
-616840
540225
547698
462863
112534
96225
778356
-1013703
1293639
589439
-124849
-614935
999620
-185493
-487626
117355
111590
-838376
56556
-1557411
-839057
-373245
-988072
441034
-411700
330385
255224
-34966
-1292196
611687
911300
-259309
1574796
301470
98829
-45343
583316
1254393
-311878
-473978
-89680
-162306
615758
308132
614582
-782321
190822
-24328
19072
-59992
-59830
-617194
-1244838
-1139062
-940657
-236576
-876501
755480
252855
1457500
-1160629
536009
1154397
602987
556773
-272467
-228425
617945
59073
904388
718202
-299894
236956
-661572
266817
126564
616381
-1561269
