#SpinCore Technologies, Inc.
#SF in MHz
#SW in Hz

[HEADER]
@CLASS=	RADIOPROCESSOR
@FIRMWARE= 3087
@SPINAPI= 20191127
@POINTS= 128
@SF= 21.670000
@SW= 127986.351562

[DATA]
-3548356
927329
-4202010
-2134043
-1038435
-2957730
1254680
-4780780
2856949
-4060957
3651121
-2851662
3257716
-484726
2470058
1911087
3082996
3586493
1104008
4431199
-2662735
4004011
-2709894
4180215
-3618620
-61913
-1696532
-3152341
-759223
-1321304
1613437
-1097750
1876520
-3565979
1580315
-1354635
3062500
263088
2289513
-91413
226809
1335820
287750
2673006
-846417
1157289
-2114863
1158316
-1105896
1413498
-1679838
-343551
-1531541
-543128
-590916
-2653002
1472682
-472372
2632353
-1256755
1040091
578542
707968
-330863
17785
-280673
-329617
1997110
-66196
1587939
-244950
254457
-452270
-305868
-185183
1724105
579907
494816
95045
-1461455
-271290
-578885
1283484
-117755
298515
-2186689
-91845
-796392
1459949
722524
328593
-1371577
-561223
1566226
908569
323071
-1558396
985928
-828237
384091
1572742
923960
143335
-709700
43349
2527130
-1962373
-860506
695147
-2221668
351564
593222
-434328
-838332
1337577
684708
-1460412
727158
-558497
-180275
-2095677
409564
-1444934
290217
691594
165150
-742711
977319
-515020
566164
93302
666000
136320
-631550
349242
101051
250470
-63996
1674303
-1357826
-1287785
-81125
-947233
-1013307
-759122
167051
253303
623251
730457
1657988
-11668
-15394
-663679
1334670
-45329
1211070
-40058
294912
1824901
-868500
-765165
966031
739209
-58777
-845027
-777467
-509092
-623564
-255111
20553
1432687
-779491
-937699
553961
59611
939161
311351
917843
-1828109
1255260
-111254
253422
-1552310
645805
863477
-432216
526134
688468
530104
-1219829
-55772
426389
-2220250
-1088120
997635
-2146295
-1330221
-1399564
-1726942
149009
543673
-56054
-1396943
483545
-1364450
514301
-947731
230851
-1123331
-1139440
136800
2090350
207226
409639
1051633
-851977
-529491
152823
393974
-244920
1220854
-1395223
-22329
27272
263170
-68918
-2528612
-56855
-905972
-640998
15973
-802613
15406
969120
324784
1474760
-1965293
968155
-100999
-304740
897133
979244
1386561
944739
48932
1699834
-1251412
397499
-1712652
282949
426086
-738315
511424
-891948
-366743
1445672
