#SpinCore Technologies, Inc.
#SF in MHz
#SW in Hz

[HEADER]
@CLASS=	RADIOPROCESSOR
@FIRMWARE= 3087
@SPINAPI= 20191127
@POINTS= 128
@SF= 21.670000
@SW= 127986.351562

[DATA]
-4328401
877507
-5197554
-1334472
-3960239
-2406951
-2542528
-4702608
2174561
-3044690
4160941
-2434468
4947669
-128945
4700948
2098209
3471831
2614008
1572111
4041818
-1562570
2355834
-879374
1986606
-3028255
1086462
-3609594
-558068
-2553695
-654170
-1974817
-3055100
-503330
-2488191
1929586
-1375167
3997858
-2768884
2271544
1460329
2333701
-869808
999194
1074903
-1556728
1121410
2638081
2448334
-2252508
-154986
-2481368
1167634
-606182
-111895
-2142147
-3085226
795155
-609397
2087738
-7695
-186944
-1135737
1104969
1759649
2741648
178956
1422586
367988
881251
1488640
-291697
1463408
-347211
859154
-1184556
591221
-894163
-1027818
18072
-511172
-447190
-1475852
-133837
1621362
-1164287
1769628
-1071042
-514713
348369
652196
2396040
93956
996563
329511
-299899
208465
-296109
1941690
1077785
700230
1091388
-1202277
-266419
860565
131547
-731864
-1255803
-673347
-1668214
-692694
105921
-572461
-871602
305251
137487
-965162
299763
-156764
67548
1338700
179736
416759
-2390250
-750567
-520769
-729344
-756595
1246478
-638697
599971
22287
677286
-239026
-564685
-752120
-726108
1081963
-785325
-395517
-947723
256194
-305728
1662669
-2424124
-1715830
-260686
47085
-548310
531326
-611460
-1544681
540827
1502775
1041101
-788765
-400531
-408008
-203165
1152603
261206
-175991
-1382675
467653
116306
407592
-629936
-63262
-1523097
-1784400
-5312
1449985
-146466
208627
-147095
-428538
1558299
-454472
792731
266254
-400870
126616
-1186819
874907
-50727
-2206309
619716
-1083325
-995915
-86431
381488
249103
-685569
310713
650932
383033
-960391
-160707
751747
-375130
2390290
-48816
-965003
-1060478
695148
401800
-1504300
1469725
345848
608639
-1149730
294722
-309385
-2636334
-787926
8419
281057
1631860
822522
-543462
1073701
-277361
418729
111692
-962919
-111096
-1800976
672601
798101
466203
-508505
-626514
-2364039
-1070049
-600881
38638
-47466
-369972
-800101
64890
-15067
1035938
1139809
299911
-1436923
-2236380
-910539
-508733
-424574
863598
-995148
-710958
-1128176
789838
558617
325404
185261
