#SpinCore Technologies, Inc.
#SF in MHz
#SW in Hz

[HEADER]
@CLASS=	RADIOPROCESSOR
@FIRMWARE= 3087
@SPINAPI= 20191127
@POINTS= 128
@SF= 21.670000
@SW= 127986.351562

[DATA]
-2129996
-462769
-1560077
506919
-1815178
-1667314
-453895
-2469503
2246372
-3098032
3375513
-2286424
3489224
-182532
1959741
1512736
368096
2671582
-238578
3001946
-504464
302327
-1805958
1109845
-2316315
120652
-424372
-1815238
-1755022
-956662
931105
-3441543
481224
840515
1779210
-1116769
2713039
44251
591845
1730426
807414
-2208245
115736
1567985
-750406
674669
76051
624333
-1297702
75544
-131357
-1562207
12258
-785250
-490206
-1055651
764564
169923
890231
648329
-15597
319598
1440813
359180
962788
-1311320
-593513
81916
-581944
-352702
-735100
676337
-1361632
504682
-1400074
-814664
354629
-428161
27912
190198
1345550
-22172
3401699
1133634
591227
602025
873650
383419
-96892
-95068
1012066
-508564
1053
82713
-182394
-388865
1010975
649258
-2605499
-903192
116096
-505829
-1284340
-1275055
1486745
-303465
-1369499
729361
-383066
-876631
2107482
695267
-1348058
-118247
916311
-470760
239221
491828
614080
-1949333
-774355
504818
-314591
-694315
1684399
343653
-2231439
893111
1020589
-665151
-1315235
370560
-128817
-631061
1035375
467658
-312061
1145574
566470
-448485
51010
800125
-331423
-732416
464557
729923
-9632
-58475
846613
-2212868
-2219659
537111
-574244
-1159826
-1453388
62880
-1297383
-358526
1058253
1512214
-79689
32001
-590653
-439660
837122
-465785
1311860
-1223704
1187177
535084
565102
-215048
318021
845010
-1107589
-1612442
-89183
-389953
573394
-476878
-163650
-215516
-759472
1634121
-1454361
1112037
-571816
-1433386
994420
510888
944797
887705
1882424
-597549
-152556
769042
-1328389
-300271
-154110
225406
-1768090
-1589608
2285269
-824527
-392257
-907990
-625787
1358484
-185460
1163442
-416711
-1992651
-72981
580446
762334
299515
801572
-573338
-678848
96721
670220
365929
-509589
-428293
-618584
-1133179
1156953
993681
-286356
-3144115
-1204186
-1044423
150481
1729257
690647
-821993
-1191156
480728
-436480
-168298
2002960
-1225005
-327355
-9628
394566
586733
-673486
-235141
-1781802
-1477595
1765575
325804
885556
301784
-586777
-872731
