#SpinCore Technologies, Inc.
#SF in MHz
#SW in Hz

[HEADER]
@CLASS=	RADIOPROCESSOR
@FIRMWARE= 3087
@SPINAPI= 20191127
@POINTS= 128
@SF= 21.670000
@SW= 127986.351562

[DATA]
2975765
1753219
3278016
1057563
4735309
3828441
-991472
3319101
-1200175
2784586
-3804380
2586305
-5293503
-765926
-3249316
-3102825
-3913544
-2291831
-994538
-3635079
2951752
-997341
3033447
-1762144
4220555
473763
1582721
1383304
8955
1390819
-1031526
2644403
-1562132
1753506
-2798948
-315358
-1873794
-391839
-2847386
-2546276
-257257
-1462487
1381650
-2297217
898738
-2105588
3060780
391693
1810238
-867605
2548979
867596
-121522
1366466
-276113
559881
86878
1967283
-2875135
-1092672
-86524
-837261
-1867367
1203829
1518258
-2277207
516341
-68059
-1040934
-1106219
795496
-651777
-524529
-113868
513429
-234553
600538
1700893
289528
-201898
-493153
1324011
-493367
1577430
-395602
-797618
767219
-898670
-725484
523748
-912645
-6326
-3030729
1557404
-582060
-1730638
325625
-1864390
-588110
-122760
1114181
-2412115
2612949
-419152
-679778
817071
-106440
-381918
-2286729
-885312
199949
-2354331
434917
178198
-1287119
469553
2428
-410690
-518153
1088371
223006
-640384
545697
-274107
-577554
-281658
2047471
986509
597421
-616002
5721
-89658
666394
-323084
-2400081
-255224
1042337
879541
-1229266
1127060
-113810
-130926
-608139
959052
270813
-924854
1152980
891634
-1149732
412029
170955
-1091560
779497
19343
-727570
-1025138
-1787755
403336
-1639749
1436865
-454994
-203367
-143045
477377
-1575157
349436
320418
-942555
-620796
651438
-550003
-800829
-370619
-1525291
-1642283
-2591175
-110643
-1172350
221874
-306610
-176885
-154475
739539
3194606
1644032
292362
-125009
1592027
-808354
551167
169949
-624693
1431401
-439379
545402
-229683
223690
105035
478155
798806
-370623
1188376
-677320
1076911
-505673
-257338
634926
649028
353601
1629091
437210
818638
373914
2087303
-1100130
162567
1388785
-1282889
-244518
-462729
424930
-526252
2831
-46505
-388634
-28955
689959
-709342
176467
594563
-498588
279774
1689793
278295
93004
-2205217
973488
-943132
-358795
-101158
-1153952
-1454275
-878945
-215071
-1551232
468371
198061
-1169002
322291
1451040
-16663
-502126
511531
498499
433373
326413
