#SpinCore Technologies, Inc.
#SF in MHz
#SW in Hz

[HEADER]
@CLASS=	RADIOPROCESSOR
@FIRMWARE= 3087
@SPINAPI= 20191127
@POINTS= 128
@SF= 21.670000
@SW= 127986.351562

[DATA]
-2870
1105849
1098477
-370200
196482
-1445628
-503667
-1681420
-1279885
-1511676
-807877
-391498
1696188
1155838
1034221
1059449
-126875
671505
1907747
1931755
261408
-985932
449965
664314
-533002
-299335
-1670969
-921507
-805850
1255907
-73467
478050
-146459
-617934
1613518
1591435
-211270
-818891
2064529
-572279
33550
72351
-306415
-91555
140387
-179044
-283071
663012
-152741
-775755
46715
831855
-767873
-879316
720768
140040
-271534
-513353
-387752
-858160
474296
504608
-33450
1269654
214026
-499034
1322010
2025874
-1125079
-329343
1931407
1504735
694359
625089
-869752
47601
726765
1408345
-341646
-176419
839021
745769
412399
1300859
-754094
322195
455450
-365506
409851
67907
-99763
-123617
902839
201888
-1035335
1371877
-18898
-215699
339008
-6991
-730395
-185099
1396273
227203
406248
-350453
-233943
231987
113621
-433335
160320
370419
-386785
-457574
1425680
518599
-672755
-642354
1361414
-327910
779247
-84614
-273709
-2397777
215394
852980
543639
-638179
-196678
-1212391
1351761
742813
351358
272807
761124
771588
610622
718719
-822797
-1799614
872666
-700120
-597240
222048
-1710663
-502317
-687100
755916
325607
189597
1107012
-51482
1297509
1533613
104790
-1297225
-265962
-1315746
-825774
-290192
1074954
-1058929
1554186
526472
1578134
1128949
-1313685
290705
502708
2384533
1946955
-420163
507072
-840795
1758928
-166014
-121175
-2693719
255823
-178177
-1024122
480430
-694423
62258
-911131
2221469
27112
1179918
1502246
-1224162
1259455
66979
1811198
-1912556
-1128674
43884
-1438447
-485329
-757734
1601335
95656
787372
304438
-1108789
2004401
-1094670
108548
-923645
1338065
-586326
318631
95454
-1831651
-995081
-690277
716537
-796233
771175
278132
958368
1691960
98989
-757511
-217084
913471
-398828
1068754
-1034778
-1124067
-251292
496312
-227838
-1710545
-541268
761028
-220680
1640511
226732
178055
-618513
108452
1258544
-347680
-369777
369908
-1687697
655887
708847
-764313
-267473
-688888
267659
1011942
764139
798331
-1644347
