#SpinCore Technologies, Inc.
#SF in MHz
#SW in Hz

[HEADER]
@CLASS=	RADIOPROCESSOR
@FIRMWARE= 3087
@SPINAPI= 20191127
@POINTS= 128
@SF= 21.670000
@SW= 127986.351562

[DATA]
-2482720
155368
-2713500
-2308960
-1185860
-2049611
364258
-2741709
847011
-4385357
3650148
-1263525
3788056
709521
3911967
1741723
-48468
2993702
-705673
2789243
-1488474
3061126
-2259784
842060
-1185375
1020695
-2137629
-606991
-1419313
-1971894
728642
-1716544
1618993
-960579
1920306
-349445
3446953
1190607
770175
899872
2459432
1597101
-707572
2091486
-448476
1598419
-85664
716937
-2772250
-939777
-823859
-148426
-1956638
76662
557202
-2449251
82121
202466
156897
-844309
1935217
2342243
-406943
2126823
635605
1690580
-337877
-691175
1545113
624965
1894015
1370137
-1109140
-1934613
-1307569
-2162261
-758627
-1482529
-322398
-2190919
-53333
-596524
-84959
632588
-1523145
-175347
-106475
831286
-152193
3178213
774364
1022566
-441056
1826303
1906637
1098539
1031279
-321718
258480
820211
1331256
-871490
1175421
-304182
-1215001
-1204021
-250488
-164105
280399
-1772927
-410936
-913612
9373
-192691
-806393
-295768
-703690
1593041
-269076
1093283
-1368468
-348007
-27708
1125206
689983
-988794
498729
556035
-307093
702242
997127
-447250
997217
-24432
920265
-1769673
-34142
-744337
264028
-462881
158494
79482
199005
-207472
-541118
-1079575
-617026
-51882
945213
248863
507710
603036
-1878197
-1942739
-240733
560148
-2074229
-3253391
655334
306271
-88776
-214653
1090650
-106727
154153
896429
552591
-1025965
639708
-26147
342748
557474
895111
2391417
273185
-559613
578871
-601425
-200071
-66564
192885
-1339642
360090
933368
-605972
-572471
850027
129766
-538164
-154079
1491746
-1582534
-191275
577831
-885521
-771573
567253
548870
-2767990
-1757448
253441
352983
-724658
1176604
-671355
509386
159594
1131171
1313749
-785621
-452388
1540784
389916
-725658
1408343
-1350482
-422887
542229
1151002
-959636
814393
722190
-1127739
-754368
387820
-854459
-1949202
-384730
-561801
-888515
-732270
268574
-3016822
778064
-308056
-802980
-929910
920106
388630
-1273927
750463
-342651
-38901
-552229
1154826
-255818
-1039422
86778
610287
-132591
64473
-67782
-293618
-415847
-60313
-1103728
