#SpinCore Technologies, Inc.
#SF in MHz
#SW in Hz

[HEADER]
@CLASS=	RADIOPROCESSOR
@FIRMWARE= 3087
@SPINAPI= 20191127
@POINTS= 128
@SF= 21.670000
@SW= 127986.351562

[DATA]
-782225
-962283
1412299
-1160257
-28432
530821
92340
-1247889
998377
865740
-1081938
-34557
2614532
-219297
-919012
481067
-750368
-2252452
-179573
2337220
-1269278
702562
1353079
-1506558
-172412
-387044
913477
-978471
-499818
248232
-180405
-992234
-279848
1141404
-823285
-1507533
-11375
-1764842
-430030
-457241
-1005582
-1360386
466383
1583835
-2313740
619918
-329194
-114679
-610891
-473340
-380053
-547656
2032328
3025301
-1493438
1341662
1137664
-749827
-961171
-565759
1426391
-1326699
417079
720061
-1193047
-608881
1051713
-226379
-2607660
254004
-502393
-1524745
-2284598
787651
-68090
-1902962
-1168622
-105972
1727248
1712217
377591
44889
-655386
1179010
1054905
-1979519
598647
-410167
1739093
-452455
1487232
1264531
-1119941
632855
-2567409
505128
-1632113
-45484
656853
-1597401
7939
1545224
-432951
600454
782360
2022411
-1199736
-1066177
181935
93098
898321
1129954
1218868
366825
662015
1916314
1356070
636935
245592
383435
-513117
-933895
130442
-444493
1123747
-736318
1301851
638649
-566989
1356704
101793
-3389
-932002
-150470
18284
296848
-299800
680799
1416522
111008
84584
-78162
-123213
-612866
-194456
812387
-20587
-1238918
1375547
-176839
599207
1383153
810589
-572127
-402139
287022
-2667875
-1501683
1308746
-1346470
670058
37395
1348354
59458
-24539
1073242
-702666
-1429808
-947522
663103
174304
1197807
1937414
541864
-915833
-91376
927600
109228
355171
-182954
-1301219
-75839
1057630
1253505
870666
472095
1088348
-1053963
-1868002
1262649
1039446
-2775665
-1593196
-168467
-1399845
684660
2409474
-7688
77398
96481
527826
370837
607399
1891896
-211268
-366844
-60660
179299
2261045
-137366
279356
-290540
-493474
884576
-1316567
490277
-1008992
-1396680
598295
-68350
-353625
985760
1235922
-2041208
-632458
-856663
-150614
952280
874901
225055
50007
965127
1184202
1289021
307381
359739
1361019
-261286
-1121903
-373596
523882
-1450239
-1156745
-417673
52958
-1728921
878920
-1618643
-1663866
-579165
167055
1597485
-974496
746281
-508772
423893
