#SpinCore Technologies, Inc.
#SF in MHz
#SW in Hz

[HEADER]
@CLASS=	RADIOPROCESSOR
@FIRMWARE= 3087
@SPINAPI= 20191127
@POINTS= 128
@SF= 21.670000
@SW= 127986.351562

[DATA]
8499681
-523242
7050010
3311340
4500638
6964275
1307746
8243681
-2810234
7717998
-6331850
3964754
-7508729
1680822
-7313745
-3016592
-4335893
-5334247
-680940
-6389337
2648139
-5606513
5764841
-3945196
6036645
353390
5701748
2682051
3282697
3746159
1764466
6162959
-1911105
5327970
-3782162
2910247
-4956784
569219
-4482807
-1672086
-2589215
-3173827
-880908
-4089574
1133997
-3456766
2751340
-2916429
3640350
-1205379
4131605
982459
2019078
1919837
1121264
1986150
67463
2579666
-1569382
1878681
-1886704
923778
-2110535
-649705
-743609
-940994
-1521115
-1211287
1243093
-1723590
1057007
-934461
327483
-419641
1535158
192880
406115
6365
514804
108308
620725
-214578
260477
487601
-717722
587898
-600924
28664
-103998
1011444
-1704711
19145
-611779
-260697
532779
224779
-1699191
-234953
513333
-559413
630615
-752768
-181760
-226943
953120
-460538
1560591
262170
-411370
994497
371040
-65714
441352
342554
498848
1010443
-1150505
-991935
329390
312259
-398502
-794396
-471235
-197989
594150
837422
-111801
-1331426
-2068
-596870
1068944
133376
205284
361251
-86035
-633117
539327
455294
22512
903158
-342425
-88052
-296521
-51996
-149847
475387
-925519
-1370167
-136433
-857623
-70237
-565200
-42886
-549544
689609
-28255
-385875
83597
-1295553
-212293
147186
-172175
-817992
460178
-236939
-344591
597585
12446
-610188
201259
-205460
28790
-28288
-103275
89493
-12290
-235702
-653891
330107
685124
18326
-397666
-793719
-304172
246505
537836
-160745
-252024
-173643
-3103
1427259
-290746
188766
196884
-355486
685053
46562
-124301
-438440
448953
-251226
-250459
594918
143488
1048849
182041
-327937
-938559
-6601
-750805
535795
507025
-342204
18872
407498
-477364
498871
-513810
-1006314
135121
85431
-192474
-10023
-201717
-769838
-44848
-106360
-686811
235373
-89808
-614228
143538
-628165
-776340
-451210
819300
197776
742780
-615898
-726655
6875
853324
-553522
550416
-715170
-450988
-96354
705444
-210379
1026872
357365
626407
255160
138690
47595
345957
