#SpinCore Technologies, Inc.
#SF in MHz
#SW in Hz

[HEADER]
@CLASS=	RADIOPROCESSOR
@FIRMWARE= 3087
@SPINAPI= 20191127
@POINTS= 128
@SF= 21.670000
@SW= 127986.351562

[DATA]
405218
-103191
319618
321523
1201950
1568465
75894
2653690
-1616197
1918385
-2142392
1139360
-1162295
1101431
-2592990
-627620
-1497858
1202569
-331293
-1407511
879736
-779625
1749253
156923
1258605
-1552723
902169
-795896
-106050
670235
1365882
-444238
-792317
-853183
-1235990
355037
-403819
-580644
-1962952
-349785
-1941924
-1397830
379672
-761229
-1029269
-497060
-173895
799949
183271
-1399987
382764
535776
578467
1024237
101502
975716
1663436
320432
77913
1057732
-259335
-515465
-199992
495690
469852
394816
174330
-162407
22913
-1605796
1446072
-258405
929341
-521213
284527
-404297
763861
451388
-1158149
-247750
-729847
-159887
1034022
-196104
-1783343
-343388
421764
-1565059
-1193972
-1181326
-1140559
427624
-549293
-1267916
1518133
439940
125884
349337
-1615124
-317289
938598
-358536
770884
784545
-1377261
1226785
854130
-209601
1539504
1158554
307125
-225156
1827283
-539169
520412
203316
-513616
-180522
879022
1993282
-56495
-947789
-344107
784622
1348515
-850137
714081
-96836
-1253066
-2301871
-256289
-35113
1462044
-709204
-1048369
831197
-77957
385321
-527808
114029
-13644
-958031
-724404
337202
761235
-406990
119621
-192127
-1924365
1875106
474816
-446692
735275
-933213
426600
2537580
-121613
246695
1745480
-382586
433777
444017
-1311194
-580215
103111
-647515
50750
-229053
-1026245
1567904
1804349
-477961
-36624
-162792
833165
679302
965664
-1568806
-547862
-91233
101935
-1105131
-1039059
-929659
-369158
-65924
-1683731
-540073
-976467
-432545
1917767
-130671
34058
495486
-549084
-311252
1114323
-546899
-504097
1456281
81723
-351983
1494843
188013
-120583
906245
-1184051
-627453
-13870
-287953
456333
275487
-185892
-658120
-152852
-895568
-301593
161426
264162
-77039
41584
165571
-700855
1233979
-380367
171654
-626967
334191
-223910
861874
-373106
1410656
427422
-937242
288950
191672
241255
1134771
-255929
-894699
317679
-529739
1295431
1658104
629476
-855219
-1501671
-1327448
1471411
576500
-802300
-699849
833934
-286053
290242
335295
