#SpinCore Technologies, Inc.
#SF in MHz
#SW in Hz

[HEADER]
@CLASS=	RADIOPROCESSOR
@FIRMWARE= 3087
@SPINAPI= 20191127
@POINTS= 128
@SF= 21.670000
@SW= 127986.351562

[DATA]
1611286
938837
493477
2142259
92768
1785399
-305457
3561380
1220278
1023852
290874
2416862
-792691
-276689
373820
-959775
-2478855
-1618084
-367152
-1696725
511753
-1662564
250834
-1665494
2021188
1718813
1130574
1275511
1649392
850080
509734
3605769
-518908
357995
-609279
-1499147
556418
-762623
-116912
-2207383
523208
1297330
-477851
88854
-752972
-349953
413648
241980
2513002
-233716
1917071
1939826
190591
2029643
223826
621919
-195011
1153816
-1278
-269226
-206317
400817
62767
723287
-243212
-200323
-1030684
1290047
-412413
-329216
1607931
557263
235272
-122976
988716
1633610
1582760
1457384
-174172
687509
-1416796
-299458
-2509792
-248753
-753497
-545863
336507
-214026
-1159593
243395
830806
2356414
-316538
1185921
-99715
-972046
1678516
851573
743073
-997159
827521
415919
733884
1127246
-905238
1148321
-699561
-237509
-1055839
-1277077
954813
16602
29182
716296
501355
-277203
402529
67288
-1249803
-729185
-655196
-1163460
-484641
-1117111
-1196175
724831
1908145
-74000
983525
1364222
235433
891456
813763
584431
780502
-1078055
1813384
393707
928222
-711367
351548
-936485
-265090
459993
-793859
-76057
287377
-80521
728221
-738039
-2076349
777059
29611
-939687
167328
-72530
758008
58143
-258249
1125256
941470
987352
-2423
-26202
-1718702
-1119101
-160181
-665747
1353495
910695
-93875
227034
-208688
-444143
-54008
202224
580887
-1193840
446516
-616846
156498
-173126
643176
-1871958
-491431
-1532113
-1915659
89579
-1108469
773691
-1001604
438500
-159427
-1574634
247652
1132745
563245
1359305
511036
117587
-1699109
-599033
483510
-241242
-53949
-2248651
343418
-1528924
1232657
-1308341
-308983
1339154
-1399655
286892
-1019374
-170870
-1857836
-141124
1287677
789366
1362839
-393570
546665
613638
1348855
-639023
48413
-649414
91221
142093
-455942
146784
-988048
247505
-1314493
-395395
452717
-225375
-182946
555619
742261
969255
-18309
-680858
590406
-1114388
765642
-26718
544355
-2110407
-271939
161942
-1251295
-1239011
358682
-271351
