#SpinCore Technologies, Inc.
#SF in MHz
#SW in Hz

[HEADER]
@CLASS=	RADIOPROCESSOR
@FIRMWARE= 3087
@SPINAPI= 20191127
@POINTS= 128
@SF= 21.670000
@SW= 127986.351562

[DATA]
835405
774743
2918589
1823066
1168583
1949780
165584
1104513
-502771
1828559
-2343336
680412
-1811215
-1186596
-1792394
-1201000
-2135567
-355225
70265
-111501
1844058
-322632
2567006
883094
2861500
984481
-371341
263979
206691
587907
163296
1073066
-256486
387001
-1902979
1315794
-2558693
893576
-734267
-1381733
-886273
-973068
458629
-2470494
1997539
-836683
1085116
-391891
1440396
-1686083
-1462797
1592483
-366775
-278859
650321
848440
-833796
-481838
1102056
888390
-782771
2494392
-568020
-104699
798111
-824812
-431663
-867665
1039076
-435043
-116334
-936383
1109666
-2018384
138841
-310008
-206575
-54513
-1015302
-198948
-99141
1444654
-1040875
-255537
288145
226455
-499482
241245
2215455
-514111
342875
580232
-1398236
-1202706
574048
-803322
274905
291473
930374
-222534
-705283
2255611
2111541
249751
652668
797752
947003
1044830
1442301
693874
1152655
-890058
-105069
-441026
22766
-1290227
-328528
-140555
212978
389392
216269
848305
-166830
-139624
-61008
223750
1844232
204803
351355
-1097297
711847
211393
-539137
-460098
-291093
531305
-1508084
1008305
-1167034
141608
147316
1040063
-30523
-231848
1341380
467303
-814825
1044813
-276662
-555698
542458
-1335931
-201897
138652
875206
353489
-1910674
833274
-191179
472502
-290013
-788654
-646054
103053
-107451
-1820915
604442
284182
180534
386435
271064
-703588
558929
994692
403454
-607524
486231
1509495
-215236
947338
-1184410
1285010
-597703
-481383
-423657
-876615
1227073
-938185
180733
-78791
1260761
363586
-883239
-442572
-650476
447915
934373
-38753
-901526
420384
-1266209
2100228
1452112
-1403675
-268456
293213
257172
219796
120296
-1072466
-755649
-1043250
-85201
-272051
1441688
-2269915
1289107
-1645906
1363957
800093
2330384
-1214170
-1181742
1279283
602648
1558278
182955
-876123
-1099528
375093
997426
-607224
-453887
189808
266381
746857
201646
1163315
-505567
1354716
-977486
-97490
-23884
980487
1476633
-1161314
-783317
-1192369
574987
55035
-384007
-621623
-1101411
-752891
-182223
2594299
