#SpinCore Technologies, Inc.
#SF in MHz
#SW in Hz

[HEADER]
@CLASS=	RADIOPROCESSOR
@FIRMWARE= 3087
@SPINAPI= 20191127
@POINTS= 128
@SF= 21.670000
@SW= 127986.351562

[DATA]
1265775
-206846
372007
232423
-317358
-35904
531288
-13316
-92515
993048
-306971
726867
291584
1560605
409125
-1116779
-164786
-261823
422872
-81196
991363
-81165
-691405
415125
26879
545889
921665
-545641
653254
-5974
-541675
-162126
-972059
-897351
125018
83976
906337
212947
1627806
-1286584
1662827
-212901
442280
1340575
-1095111
-173837
-365162
-385480
-764434
145644
590783
-218189
-606774
453318
919068
-476156
212347
-1394970
-245918
637721
182084
1022092
608444
730023
903639
1925152
533334
1135363
-455953
329111
-389368
1657485
-1433337
3119702
-163517
-356620
-254801
-331853
-1188562
-1163585
-1368819
-1308808
-162120
-371992
-807699
-420473
1190620
-636805
3502119
625825
32555
127564
620767
-225879
-951097
-662290
-359249
1716249
1521590
338615
-317604
415107
570924
-646650
199298
-555678
-26832
1162492
-3016
-395356
932540
1012838
1254525
-2501553
-859596
-141042
886456
-125288
-1966220
-265633
335179
-19374
-80912
-456626
-651257
-752095
-247383
-1416170
-1576590
769500
-1587211
-435064
-1267822
-588631
1548073
68386
177936
-484396
1276186
-597228
-420468
1413754
-966666
1222531
-67648
954013
-77207
784794
-503783
426294
-222968
954468
-1205939
207801
-271058
2233293
996077
-53104
604413
-204845
-572840
-1107642
671941
-905581
1477713
1071876
1356866
-659596
1612403
616222
20806
599213
-821492
-499639
1171646
204057
-428175
-308334
20844
385823
775236
-2157816
-1648220
1001336
275287
-703166
-1238316
231451
-146497
621285
-472026
-1099500
1250092
-1185721
-636862
-1005956
-295419
-1556711
1337823
1065047
737416
1518527
-147677
762313
-148713
-191814
-755060
217664
-1303747
251095
-1744166
1601556
-1831602
1780449
-914275
1007674
-979082
229028
-1786515
-563318
-472563
-1713376
894433
-492395
1321815
1050968
862588
319647
-111590
-296878
458207
1058539
277888
402035
-410402
628878
165740
497809
-382362
641819
-657352
-1734956
-850178
15907
-601983
-827799
1115469
-1726856
1646891
-1754658
-735944
-599323
725432
-1301113
-42877
1138998
