#SpinCore Technologies, Inc.
#SF in MHz
#SW in Hz

[HEADER]
@CLASS=	RADIOPROCESSOR
@FIRMWARE= 3087
@SPINAPI= 20191127
@POINTS= 128
@SF= 21.670000
@SW= 127986.351562

[DATA]
1580685
262210
3332234
1643995
2572823
1863929
-241413
2246333
895879
1179906
-631514
152238
-1933077
-1056200
-716730
-552377
-2285782
-1147732
-922670
-1130703
-125308
-316303
5723
586749
1736922
-1367285
2354392
257017
154225
-141458
1212086
1320651
-226127
2120317
-2207737
43945
-1171777
186001
-842261
303422
-830037
-2081670
1361044
-27298
1498813
-729063
1137268
-241964
20385
337037
1404972
-1550827
517655
-310957
-1044363
667499
2806209
245797
-409628
577343
1281461
674125
-16505
480498
-2577286
867878
-1153987
-1024958
-1027156
-270783
586103
457241
286702
-219320
1146409
630793
902850
903767
1479716
1569737
-750069
51895
396130
322719
-66605
-5017
139135
-1905834
471366
1563306
314799
199428
205344
164238
1034694
1211814
-483599
-1000471
-571662
-496167
971685
150794
187291
-751206
757020
1156041
-1061184
1713054
1117398
-241943
-1214932
2281593
905728
-335154
-498761
55441
-50385
-306910
186467
-899527
-484697
1657404
-1562125
768681
-1180485
-1122805
-1251410
82614
-607161
-921409
171940
-1635095
1098606
564436
649723
554951
1003196
-707994
-601822
-724531
460203
1093771
-1284603
-926507
-1412199
407311
1453144
754480
-812739
207742
1292213
1124437
620733
-1212542
-2569234
519823
1004048
238700
-1073335
-1706960
-593092
-1044698
1532742
-171731
-878934
992906
-317723
-335331
-1258839
1040026
-1076743
1515696
186533
290314
-732770
-1170017
446467
-503094
-128099
1624138
-1667808
-1744632
-104746
-539303
-127522
1139934
939391
96034
391290
1648106
-14921
1398730
77016
54478
-754930
160418
480063
237846
-843427
-795637
17359
-575988
805910
-752145
337454
-161320
-475406
441854
809292
-389180
-119468
-1489793
815948
1482811
1305287
396266
-306246
-656260
-595778
1220021
905211
-868716
-1008142
-160426
-1710473
787199
569115
-1059888
-586580
-257355
-92322
1875786
1505897
-735358
-4325
-324522
411761
441833
1417223
264270
-1298985
2984133
-1071275
1539994
-435357
-1418641
-358391
595454
917948
-580931
133908
-844394
-388353
1036297
-120237
-528411
