#SpinCore Technologies, Inc.
#SF in MHz
#SW in Hz

[HEADER]
@CLASS=	RADIOPROCESSOR
@FIRMWARE= 3087
@SPINAPI= 20191127
@POINTS= 128
@SF= 21.670000
@SW= 127986.351562

[DATA]
-3250935
330112
-1897368
-856684
-2010221
-2673215
-901621
-3302417
770105
-4206592
3312307
-1524491
3168969
294074
3698596
3169115
887893
3594393
-670479
2213424
-1082497
1719437
-1846878
685447
-2946514
-149411
-2690815
-1030930
-1519628
-3579759
1257733
-1948222
1426772
-1567481
1752214
-580745
1476696
2088077
2450639
1184475
-391734
-133165
-115605
1879431
847330
541120
-1069570
-863820
-2146707
429435
-765134
-584211
-1948249
-1864071
212470
-479026
1353458
340696
1301225
-183168
947718
1687577
20682
1059603
793993
-1334289
-601826
1619357
478859
609461
431106
934146
-848561
1344542
-16511
-1816563
-643377
-1588642
840470
-10635
640914
-695885
-166769
535818
151705
-309110
588408
-1052827
-285138
493111
492946
488226
1264493
1633563
352180
430793
-1280394
-168605
333852
602906
2608023
-501372
-1087060
60217
-368588
1088537
1097083
-930807
-1785495
-1898618
1375095
-1087009
1086037
264251
1268415
293063
-34288
1443238
-2315994
-1331707
-164774
-374703
-510204
-107169
1104754
-1599559
-929224
2532527
-1069709
73656
-384776
596135
-548337
-727685
1583964
-423204
-260178
520344
-385737
-993759
-759027
-479290
-1662449
-2059082
2203248
-199028
-567920
-475534
1849054
620553
289211
609923
583732
-289134
108000
2155056
156415
-584738
828185
-1492480
112492
940655
491202
-555417
-854343
411474
-1119838
839011
1640399
711565
278415
466607
185758
1247243
-337173
1323846
685869
95326
566222
84286
-1462123
-671891
1845560
-532545
-755105
450152
-868837
-312398
-56360
1714194
-1092962
-2214625
636680
-972968
-967670
1123539
-1061748
391791
-472928
1462183
171665
-310458
-166662
-364296
-862293
-941071
1506571
2668074
-1606213
993544
1693695
-1558441
230624
907350
1583113
-800373
888761
177017
-235643
-1490809
1089607
-10483
-689580
199527
-1459139
-1223360
1317396
1103579
-792317
-721743
1437712
532885
-274493
1620824
978694
-967607
-954844
12877
-786710
-578546
712819
911752
-951337
961786
28542
393708
633687
1953327
-618055
-502924
585707
1056954
-1244405
-165459
3387872
-495508
