#SpinCore Technologies, Inc.
#SF in MHz
#SW in Hz

[HEADER]
@CLASS=	RADIOPROCESSOR
@FIRMWARE= 3087
@SPINAPI= 20191127
@POINTS= 128
@SF= 21.670000
@SW= 127986.351562

[DATA]
-270832
-1086274
1455194
1721583
881937
1667649
-127255
1122297
1259842
1523079
-495841
648741
-1026882
-1271754
265245
-3084949
-1481655
-2887615
245396
-2529060
193591
-1099231
1122939
435908
1474566
-720694
1143892
1588356
1228354
-703248
-599563
423920
-302173
38797
-2189590
-1144223
-1523582
1413737
387518
-192088
295839
-323973
418866
1651434
990241
-1040049
-470910
-1476659
-136238
-416312
188779
-769589
-596042
2408930
1164675
2383909
-694929
-51546
692966
780425
471151
-386076
-590782
230810
-1308760
392187
1604609
-1220663
-1116444
16755
378938
-548572
2220271
1086184
-1777609
1765177
711613
-1276537
-1208962
10319
-116731
106991
-795177
-38404
-2247277
354643
1024960
569761
104038
783158
-61580
-477051
542548
-114021
-1030207
-1490391
-389537
709117
-2565
960502
-1181135
-655695
394615
-487477
-72544
1320751
-484539
-140316
1848949
-286362
-1076367
888677
-1008608
-637724
-1235460
953018
-236118
400949
-244971
-1593422
-50823
-671599
394544
-508408
-911802
589272
385992
380181
599338
296605
-339061
1070607
576578
-35193
-1416636
160745
2040933
-720112
-1174829
-935183
707153
107826
392976
1309902
-974350
-229074
1662599
-1789882
292043
1014947
-1394075
-470430
1770428
-1603248
-1315742
112208
-903244
-1180850
749379
1252291
-120954
685757
-684623
-685684
-636387
-128536
-3274683
497539
438822
-1262124
126398
693577
227914
1029614
2014028
269752
289225
1979938
-969529
-1190374
-374200
-28481
-1114117
-563266
-106985
-2501940
532990
-137238
-431164
440442
1025604
-119079
966184
1655081
-1197317
412367
469917
-2277254
-799986
930502
-1123362
-1146197
1128474
268668
-38129
285389
-820068
319327
900872
571778
-1113090
-12855
132821
-1655608
-121014
1772796
743888
-2132952
1917807
783715
-794716
2489042
-861056
-273482
1877987
1148589
-718814
-503699
104890
-604233
968902
333533
-2018050
393475
768979
71385
134807
1669699
-2317986
-877525
661148
-916993
-798554
1724793
674546
141822
1110486
1473708
468560
363591
156269
-510316
263272
644470
-1968837
596799
